1
0.0439689534267336
7
0.0237732597549008
2
0.0560125095686447
8
0.0436835434170385
9
0.0362733525881484
11
0.0568162254458559
10
0.11355067537743
16
0.0812482766846091
15
0.108010187811744
13
0.029089053185261
14
0.0528446946262686
12
0.0511103894126165
17
0.0219789916289426
18
0.033846733936607
20
0.0999672811314067
23
0.0326654201450411
19
0.0326898095400307
22
0.0587572185227025
21
0.061532288273146
24
0.119052522936384
25
0.0998240625714987
26
0.0798970428993454
30
0.0470694677406673
27
0.0411742626015116
32
0.059217590482097
33
0.0916536202749063
34
0.0946614045644754
28
0.0306566323724904
29
0.076876721918544
36
0.0901351422302177
37
0.103143526491642
41
0.0379043239852342
35
0.0832575733222727
38
0.0646691667940523
39
0.0905409445288773
40
0.0607922730512045
42
0.0137038546463909
43
0.0367469385118441
50
0.0947818995388489
45
0.0645611003545639
44
0.0865641255875185
49
0.14347731232107
47
0.0289667706208369
51
0.0568913369202369
46
0.171950237520897
54
0.0377932778637417
55
0.0316357013189649
52
0.0985641503447619
57
0.0511511224365766
53
0.0768482661064879
56
0.0156394199263118
59
0.0324404920578771
58
0.0444384359134527
60
0.113105136724622
61
0.120000848738731
67
0.0524642604565516
62
0.039672996520376
63
0.111179566860358
64
0.116489669381702
65
0.111932535172173
66
0.00895240999047346
68
0.0772437184722202
70
0.105124681088418
69
0.10286669019833
71
0.073243961281873
76
0.068896489498776
73
0.0839166754330463
74
0.0832153220336843
72
0.0532934907257387
78
0.063845168304418
84
0.0955771415242317
85
0.0711388426401386
80
0.0541572518217518
79
0.0777163260681815
81
0.1311118422465
86
0.0812190566889342
82
0.0512650522210128
83
0.0998969925890164
88
0.054449825557112
87
0.0541966162931936
90
0.0693167388518284
91
0.037774119853854
89
0.0540024441241005
92
0.0849797575002041
93
0.106103309450438
95
0.0950872620352046
100
0.0787703441768719
101
0.0323572574755603
97
0.0691245856767047
94
0.104258140888687
98
0.0779133669493079
77
0.0609898542066764
99
0.124380022236051
104
0.0396756050304736
102
0.0229092496974712
103
0.0667070348648209
107
0.0716431500539604
109
0.101488686960671
112
0.0864131484576088
105
0.084572557257004
110
0.065935681288548
108
0.104402995941474
111
0.044237281937933
106
0.0957912678281229
114
0.100314098544178
119
0.0349740558034475
116
0.0818918881030006
115
0.0998973053241788
117
0.0566008063889219
118
0.0470350829702
121
0.125510379203743
122
0.0516543646722962
125
0.114466265233928
126
0.124848041037911
127
0.102146126688003
123
0.0333858584054675
128
0.036781315921767
113
0.0821829577552626
129
0.0609817560053866
131
0.0882993955334739
135
0.0791709847554058
130
0.0619737751978982
133
0.0823839971136199
136
0.103114360234249
138
0.0369377996991686
141
0.0220280652114181
143
0.081564608817964
142
0.0805300976270526
140
0.0562956116409007
144
0.0832043183515872
148
0.0584108289478699
151
0.0780654357402026
146
0.110987367755794
147
0.0679611853736129
153
0.0821127011734977
149
0.0637403158873153
150
0.0732126050281499
152
0.100306856875902
154
0.11869090942846
155
0.0407038491210226
156
0.0358604791999179
157
0.0682275537570338
158
0.0442978335060428
160
0.00617450149403688
163
0.0881651961366803
161
0.0356914575270909
162
0.0636121206613773
159
0.0642927490411797
164
0.0473262569859314
145
0.0809174389516043
137
0.0351032402478079
168
0.0370026246886886
165
0.0157119528446134
167
0.0411413766987261
166
0.0554997200294942
169
0.0284902985343712
170
0.114568449104414
171
0.0919181745524104
173
0.044649847040037
172
0.0415369217760633
174
0.0408933522732163
178
0.104682481751939
175
0.053214291308445
176
0.06570333359836
179
0.0883570349524309
177
0.0448034377347649
182
0.101950176449103
186
0.0426800506457976
184
0.0526993297961924
185
0.0420440334469503
183
0.0595833036141952
187
0.0711721778239759
188
0.0315351416735562
190
0.0721864432399461
191
0.0739976947102846
193
0.0966487890042433
192
0.0938147869983299
195
0.0576642960095293
196
0.056881324362734
194
0.0573270307433448
180
0.0704528391253396
197
0.0745657287408017
198
0.0721907913424019
201
0.134202051954077
202
0.0410404466346105
204
0.112510577064187
203
0.0886514390189619
199
0.0343311387262229
200
0.0645522161033065
206
0.0495956025739147
205
0.0298942428248568
208
0.0851608203282689
211
0.0554649217583576
207
0.0798381542879092
189
0.0174154464423065
210
0.0770227839066672
209
0.0804277874852991
214
0.0886869495341005
215
0.0796457074839026
221
0.0369260837197005
216
0.0643084819224375
220
0.0259561528485475
218
0.0665694360694445
217
0.138787610887886
219
0.0685525749387174
224
0.0810378592165826
223
0.0373925407074554
222
0.0390339661396487
227
0.0648472802590452
228
0.0737666942694609
225
0.0976598232746143
226
0.0326371239828936
212
0.0978825800084853
231
0.0111381957699627
230
0.0532962790760941
232
0.0574282554927164
233
0.0918976407787731
234
0.0707691109345894
213
0.10646190286315
235
0.0617764330318244
236
0.0791411143526668
237
0.0540503661283713
238
0.0268855438817235
240
0.0556672690961801
239
0.0487908290454091
241
0.0471767068644636
243
0.0537455684172556
242
0.0498642268352839
245
0.0479458412585212
244
0.0472209150174997
248
0.0434546115128252
250
0.0447394067431619
249
0.0452283497242314
252
0.04703152728123
247
0.0445722847766513
251
0.0474009022866158
253
0.0472058443104418
229
0.0180045009445754
246
0.0457985896793944
255
0.0284625005974821
256
0.044408671073067
259
0.0480781624149316
261
0.0214066058597716
263
0.0432086140392388
262
0.0542195257774643
260
0.0352562055199278
254
0.0517543629773029
265
0.0864496990293577
264
0.089488867531029
268
0.105670083747747
267
0.0265083551409428
266
0.0583394452230232
271
0.0580712168142198
272
0.0291749068430809
269
0.0228203627068306
273
0.0452145202052074
274
0.0197846825576088
276
0.034130507212562
277
0.0525733718744979
279
0.0702075902072721
275
0.0459440150900994
278
0.0492154904086047
280
0.0640367435252713
281
0.0247895416576921
282
0.0332728396697759
284
0.0475152323058245
270
0.0462208900455204
288
0.0903629759603837
286
0.0677810655214401
289
0.0933377385712253
285
0.0605835574476938
287
0.106575534560818
292
0.0725900878886037
291
0.0349372099953704
296
0.0872361976648245
293
0.103904503442428
295
0.0926037674486661
298
0.0869195975699061
294
0.0992815288509367
297
0.0304639329829276
300
0.074829516235658
299
0.0991243524711765
302
0.0279295645724934
303
0.0525635537604484
308
0.0394123225196297
307
0.030450040600599
304
0.176057034125343
305
0.108162621521179
306
0.0359299214813511
283
0.098379188625132
313
0.0267081097644615
311
0.113443575316069
312
0.175596534906336
318
0.0129333424252948
310
0.10050497656217
315
0.158292660714245
314
0.028716485314498
316
0.0245648706754326
317
0.114479171024337
319
0.0456230011476969
321
0.051890691548042
325
0.0791213420793608
320
0.0133458257486817
324
0.0979513804574819
322
0.0289629552417091
326
0.0346680885052019
323
0.101861022718445
327
0.116950320975717
329
0.0764370964566568
330
0.0542554901571851
331
0.0315330842723882
309
0.062485860498518
332
0.039473976184157
334
0.0493918769527572
333
0.0248630162721542
335
0.0360217019892716
337
0.0860311080556463
336
0.055184045995285
328
0.123912694881475
339
0.101522349952979
340
0.0983306691075969
341
0.0622301130574978
342
0.10581404390404
343
0.0857630209199156
345
0.0451117790957043
346
0.0141190559255976
348
0.0573259865433773
347
0.0727932253344122
338
0.152893834475782
349
0.0470969823404672
350
0.110306151107443
351
0.0556603403020276
353
0.0819909900343253
352
0.0537220432734659
344
0.0327763711849934
356
0.0506750945176741
355
0.0764381353337435
358
0.039089211778612
359
0.0904262194011882
360
0.0862569575046013
362
0.0608127201573971
361
0.110169882984096
354
0.0895802622913683
367
0.0928893707515696
366
0.0518608933228356
364
0.0914942038019556
370
0.0491774769123306
365
0.0429815743827159
368
0.109810585288794
369
0.0712113047911367
373
0.112847618029152
372
0.0405193932756558
357
0.0398002066598402
371
0.167662000227497
374
0.0540579872072853
382
0.0877767834425624
381
0.0974950426886085
378
0.102889135129909
383
0.0451883409646922
377
0.120288844918683
380
0.0125202521540382
363
0.0803704451435489
376
0.141928303250046
384
0.136978688110742
379
0.0398472674785414
393
0.0335652504714441
386
0.0905494039537841
392
0.0549094820539117
375
0.0539203422774726
387
0.0664761217095014
391
0.109683644847286
389
0.0276310061393296
395
0.0493924518531104
388
0.0745295295120285
394
0.0608778119405749
390
0.0233643435582457
400
0.0501665867100583
399
0.0420433566974739
401
0.0724638608458531
405
0.0541273292823365
407
0.156971360021224
403
0.114474202351097
402
0.0417176793987004
406
0.0466528614552646
404
0.0638123901937154
408
0.0126958986732102
385
0.0702519885864442
396
0.0548251233905189
415
0.0401845960991595
416
0.0305541878285016
411
0.037341579377114
412
0.0416238100032844
413
0.0488093515556912
414
0.0854528493672794
410
0.0467559444063821
417
0.0278043463752959
418
0.034392063304606
419
0.0541924213378608
397
0.0558114879669724
398
0.0719253728340605
421
0.035209209488516
426
0.0354890559231515
422
0.0476359422880938
424
0.0299471863188393
427
0.0422459771681625
428
0.0483888245145068
425
0.0289995957467849
429
0.0520739378812117
423
0.018351958192128
420
0.0423197447042746
430
0.0452232592524728
432
0.0446842687386525
433
0.0437065563556514
435
0.0442747325973875
409
0.0419023798470861
434
0.0507095499392371
438
0.0476148013539688
439
0.0691357892677463
431
0.057059121978898
440
0.0695490438952302
441
0.0745255859921085
442
0.0743736398304626
443
0.0411884365828565
445
0.107368909374224
446
0.0653575179661391
453
0.0232060901744658
452
0.134492952272054
447
0.107124104973194
450
0.0435569312758584
448
0.0725670277066344
451
0.0351002737823987
454
0.0308556284820731
449
0.0312300970427718
436
0.0440320531728126
458
0.0560536849386958
457
0.0439269726763027
460
0.0580546573649322
459
0.0705684089740729
465
0.0605101077692845
464
0.11864344311366
461
0.154933096272202
462
0.126397886231683
463
0.111479767623525
466
0.0407811860047655
444
0.0741938672402164
437
0.0381228794535449
468
0.04086274540612
467
0.115213714313742
455
0.0683996921115245
476
0.06920559233532
473
0.0561217819866954
469
0.0886296749332069
471
0.0730875034161358
474
0.032055682754402
472
0.0351545887308464
470
0.028357372948294
456
0.0649952537503949
475
0.0892091938401272
480
0.0530056645268905
477
0.0456922406643231
479
0.0932128375637482
482
0.0334569155053184
484
0.0742465050190754
487
0.0828947662271919
483
0.0566347138130266
486
0.101897159892005
481
0.0454342436207135
488
0.033843795474433
485
0.0310182797536103
491
0.0730349742212863
497
0.031456653549235
494
0.0821949981131544
500
0.0391285723785896
498
0.0853231124153869
499
0.0365166542004478
496
0.045661257296058
478
0.0770216508373336
495
0.0576720574292542
493
0.0970206541459925
502
0.0968640953881903
501
0.101920192992364
506
0.0623486510915285
504
0.0802721402788675
509
0.0554352107612056
508
0.107851931858392
507
0.0551090921589104
503
0.0870430815994097
510
0.0594600753601973
505
0.0625936457472545
489
0.0350966291180808
511
0.0543432185501051
512
0.0850062609609613
513
0.0689147237731751
492
0.0320491103807942
516
0.117132257597079
517
0.0395807745739647
490
0.0697611755378805
518
0.111767738359787
519
0.0930657413079495
521
0.106322824743033
523
0.0955970838762962
522
0.0873960311521359
514
0.075736581026918
515
0.0827875503353395
524
0.0895444977469463
526
0.113470207546233
528
0.0676275412901113
529
0.0340712609494883
530
0.0580993820265061
531
0.120841317645679
534
0.13401859547618
532
0.112529229913009
535
0.0452582819866272
533
0.0964531627452668
537
0.0441038404551124
536
0.0245256796769504
520
0.0273578603843409
538
0.100582093640793
540
0.0437411182780906
539
0.100967469688646
543
0.046451264397731
544
0.0434521897025812
542
0.0415548783942027
548
0.0499281650636998
547
0.0436531471657417
546
0.0438922174165834
545
0.0370862000282514
549
0.0416294775495004
551
0.044772788762244
525
0.0960171396682898
552
0.0443827805702049
553
0.0400730562973572
560
0.0947328817496007
561
0.0631709720366217
555
0.0324895250556118
554
0.0474904311100863
557
0.0687820720983034
558
0.038312938041508
556
0.0726739261986535
559
0.0372793172720514
541
0.0461408257054014
562
0.0728711890790475
527
0.0957633026707718
563
0.0432777553934339
565
0.0479151637071145
567
0.0427434839546846
566
0.0397416954232779
573
0.0329840883034263
574
0.0352198455835975
571
0.0453097887355643
576
0.0454058952066555
572
0.0481403363970555
570
0.0382202860251673
575
0.0417152044078124
568
0.0528136517802574
569
0.0407388735884241
577
0.0483187630036593
550
0.0435523314564266
580
0.0472459536216802
578
0.0198720275069311
579
0.0412217948389572
586
0.0348405372690026
588
0.0450804948501688
582
0.0416279443342156
587
0.0777347853825099
590
0.0737883485012682
584
0.0506260865037457
585
0.0407933072145436
589
0.0473838288927897
591
0.0620550421190296
592
0.0570115951979618
593
0.0159083506438866
595
0.0807809322874293
564
0.0429907694429593
607
0.0439176717443752
603
0.0601367598689714
596
0.106964406974356
602
0.111901135831674
606
0.079352218969782
599
0.0383855759369943
597
0.0377125823490115
600
0.0346386464164691
598
0.0789075921721215
605
0.0780536760173555
604
0.0529385036076024
583
0.0437141110038494
601
0.0344370202392212
611
0.0797383899795368
612
0.0458509211332975
609
0.0179416221332663
581
0.0470065829892802
614
0.0658456061857712
613
0.0607023201738095
610
0.133677703245774
615
0.0983161685242622
616
0.111385424542533
620
0.0462869721501755
618
0.100702796375228
619
0.102857050585484
621
0.144387518417748
608
0.0504057848251272
622
0.0854984772345659
594
0.0379078677957253
625
0.0762739602125418
627
0.0731044585630541
623
0.0906533509188998
626
0.0843916798700903
628
0.0813928903668017
617
0.0351511031135898
629
0.0333730103333352
636
0.044876421715143
639
0.0619760115240019
632
0.0973163840602936
638
0.0496422504226624
630
0.0988829798635796
633
0.103634444006312
631
0.0795267622174924
635
0.0360917990954849
637
0.0281851503061083
634
0.0420962330622467
640
0.130251546943522
624
0.0457725652325634
643
0.11459637122865
646
0.0807381736909181
649
0.0580280081865701
647
0.115512553838954
644
0.0504938423462107
652
0.0407282617033106
648
0.0384907256202239
650
0.0373460375253085
651
0.0503724857070792
645
0.102539782081019
653
0.0447416109656905
663
0.0464244112107359
658
0.0465572613569167
655
0.0842197210831472
662
0.0963954547466933
665
0.0576087486483057
657
0.0861873066101569
661
0.072569962110864
659
0.0580400067596653
654
0.0857178951845987
660
0.0634013719866071
664
0.0619366793758816
641
0.0553865235000451
666
0.0236916681506768
668
0.0630772976540485
670
0.0962533319963793
673
0.0595788266683995
669
0.0486535539978038
677
0.0572694793808873
676
0.0240530306185012
642
0.0851190285716386
672
0.0222387697398332
671
0.0649365266030873
675
0.0811931821095029
674
0.0694661574135547
679
0.0490868744660034
682
0.0978057537425848
683
0.0463782577984024
678
0.0238630275273417
681
0.0626047383428938
680
0.0424811420367877
692
0.0947064201427324
691
0.0703268679768628
690
0.054783566193396
688
0.0494108822889655
685
0.108999037116702
686
0.0621674263743188
694
0.0904361467567631
693
0.0992041619353925
687
0.0681475475563517
656
0.0837332429323556
684
0.0681578028227668
689
0.0445409735201214
696
0.0925147449456336
697
0.0965955931902515
667
0.0217446201405129
701
0.0506227508758081
706
0.0857988747411269
699
0.0668816450576838
705
0.0602136933987629
704
0.119124354851806
700
0.0857049076096551
703
0.0660451432029134
698
0.0586235541450529
708
0.0206291751651
702
0.126705890869527
714
0.00521870959658158
709
0.0162219948679509
711
0.0367184972116489
710
0.0945059116432346
712
0.0845953580933059
713
0.0204332250559922
715
0.0991775060956987
721
0.0762176981144706
695
0.0450706530453743
720
0.0849633049212677
717
0.0463278846596594
723
0.0545294587803375
722
0.0190579666164047
724
0.0946157322339761
725
0.0558057703152749
726
0.0160491926937378
707
0.0939616516008012
716
0.11608453858297
718
0.0990657324967365
