85.572
120.192
264.823
79.465
65.174
182.273
289.692
92.826
55.184
178.96
422.722
211.483
258.381
306.396
148.649
190.919
151.459
77.982
297.635
364.09
220.678
37.707
584.065
50.484
278.038
218.255
131.723
227.026
133.807
85.31
309.372
193.032
37.832
182.121
288.082
132.796
76.311
253.307
165.939
194.383
409.849
27.032
338.485
344.574
156.254
102.535
158.412
86.363
265.248
135.746
81.886
99.373
615.735
338.85
397.062
550.345
41.013
176.339
302.171
107.326
262.1
52.177
187.305
157.042
179.91
87.114
44.873
368.353
77.075
104.877
102.454
132.511
61.955
126.514
99.227
46.003
543.876
24.788
124.556
179.63
340.213
90.554
118.697
321.876
103.641
173.87
61.586
433.077
195.86
116.208
169.695
196.782
83.301
144.144
116.064
96.667
184.442
184.442
165.548
369.529
168.895
104.837
93.58
341.9
74.352
87.256
88.947
294.896
46.164
92.704
218.203
235.929
267.647
237.74
351.87
283.367
126.31
512.057
162.572
66.193
182.281
132.676
434.043
263.964
108.186
101.979
148.644
136.287
227.346
50.115
291.295
48.486
48.689
428.426
181.217
134.223
215.302
170.282
113.257
176.148
37.194
220.578
296.36
330.064
376.394
276.461
758.459
116.874
78.88
283.303
287.073
31.813
117.881
64.707
668.915
92.131
318.144
179.374
313.048
88.319
175.526
86.735
87.818
76.666
174.522
222.39
95.682
221.722
103.332
448.966
123.446
92.233
239.873
136.779
263.261
79.944
389.216
670.632
107.759
200.523
216.314
300.383
83.398
436.812
168.88
161.912
187.206
157.192
116.857
191.827
74.281
203.9
319.619
259.041
45.103
251.946
216.801
136.804
31.644
60.403
250.847
51.492
437.442
264.097
184.983
547.931
434.043
298.027
274.841
17.184
100.553
77.358
133.376
120.256
92.516
165.336
231.13
285.951
107.69
374.787
141.015
197.817
34.062
191.767
106.216
251.633
158.911
95.953
84.362
135.953
62.427
225.981
28.494
86.626
279.491
174.829
667.419
212.759
17.764
149.76
527.698
141.609
102.95
139.936
36.131
86.995
187.017
486.107
260.088
13.875
193.488
526.106
135.599
219.445
383.9
179.029
116.068
70.656
230.151
475.079
161
48.242
103.199
474.097
135.639
53.792
219.157
862.733
355.13
808.057
111.494
1016.78
54.097
111.525
112.503
113.8
326.172
487.467
304.256
584.065
629.6
132.014
91.057
253.198
175.846
53.73
129.713
68.761
49.003
49.003
173.374
63.519
178.7
258.044
127.859
214.091
53.06
384.114
81.239
271.716
89.494
138.992
66.159
126.922
135.155
63.453
102.615
46.266
64.9
329.589
123.215
229.65
312.726
209.199
77.357
268.993
316.27
70.826
361.629
72.565
298.501
61.991
34.315
227.983
87.78
50.132
66.821
129.27
51.681
19.297
155.559
265.806
597.322
134.552
82.041
141.291
199.389
158.735
82.802
355.17
74.297
64.443
218.611
231.57
172.735
151.458
148.466
321.876
176.11
36.124
62.909
209.221
30.869
127.018
266.463
73.409
313.808
213.39
231.864
110.479
257.613
221.178
219.414
121.229
72.629
447.501
55.571
131.279
54.617
163.456
70.563
68.157
236.457
206.372
32.74
484.228
75.916
98.878
84.155
364.007
32.367
89.919
200.805
48.383
155.566
345.697
102.446
79.031
98.804
179.88
56.216
211.978
30.839
82.635
328.812
382.742
212.959
196.228
137.866
83.264
221.922
142.498
279.022
87.923
189.543
232.732
282.178
506.76
288.522
595.664
352.366
74.826
97.923
343.804
305.207
353.889
232.097
454.274
222.778
35.568
135.244
151.74
61.748
45.647
147.494
555.956
61.719
79.838
74.758
248.084
163.652
108.938
57.562
133.504
69.668
353.086
82.536
189.751
81.227
125.833
179.937
910.703
343.804
37.054
85.137
74.573
183.94
28.087
203.427
238.363
499.741
92.477
69.765
56.48
442.651
277.674
86.967
324.567
187.845
168.689
60.479
65.857
62.636
22.848
131.402
33.855
282.271
106.405
157.721
301.019
238.592
75.104
179.373
82.113
72.872
163.754
30.481
22.926
230.961
333.553
266.684
21.364
217.677
35.876
452.728
88.458
100.692
126.718
500.245
387.114
646.378
383.918
59.004
188.377
256.56
114.689
559.53
56.036
168.086
64.1
55.369
69.721
255.206
74.246
457.043
139.936
165.997
54.859
78.996
59.316
56.946
135.618
129.481
159.369
195.117
191.639
52.032
124.674
163.58
103.002
87.965
180
96.791
108.289
186.283
27.841
78.341
409.827
53.867
118.337
16.829
78.967
311.707
79.209
34.188
217.675
75.805
323.039
180.784
153.204
78.618
632.046
248.668
89.42
178.462
128.582
272.928
169.833
60.433
30.801
482.918
275.49
75.227
148.232
151.981
288.855
212.163
84.921
264.262
422.19
30.646
384.173
179.009
220.668
313.048
222.078
78.88
397.381
179.42
224.301
173.481
115.016
99.005
232.772
21.646
305.917
258.182
386.957
159.943
33.205
108.344
66.638
36.098
37.737
49.894
599.43
100.576
184.442
49.917
170.153
147.255
455.173
103.458
306.495
48.156
314.677
115.759
87.535
133.455
58.663
244.401
104.79
126.184
171.411
187.195
382.047
86.999
66.377
297.634
187.193
70.651
119.862
307.779
81.713
36.131
98.695
144.035
190.717
79.661
211.856
169.557
451.515
421.969
109.183
24.42
77.076
95.964
41.93
80.086
64.392
97.718
372.961
133.45
70.238
112.456
350.947
59.077
108.821
170.874
274.475
238.309
87.726
257.48
248.756
84.544
125.27
213.318
370.675
88.375
20.186
459.189
78
76.464
25.115
176.739
131.252
58.599
82.709
91.211
69.088
348.799
262.974
71.384
60.888
417.156
118.379
158.167
283.357
245.528
248.238
120.112
154.8
25.597
212.936
121.188
84.177
92.631
77.706
235.677
24.464
355.17
135.387
14.262
70.133
224.3
138.688
36.919
133.278
161.492
202.14
65.712
144.459
80.832
235.292
130.462
259.437
328.811
347.199
42.715
301.765
243.205
42.974
109.072
375.28
470.726
135.878
65.14
160.537
71.765
165.517
44.375
232.138
82.844
56.664
185.621
87.119
162.716
144.175
28.418
153.135
128.085
58.967
203.619
236.093
64.645
231.132
175.455
43.212
418.975
377.422
89.744
221.332
61.056
108.605
225.153
126.965
152.427
294.919
118.198
218.545
37.282
228.677
125.779
143.417
69.722
352.62
84.194
101.319
70.452
70.452
169.794
71.807
357.684
73.068
73.178
199.809
197.514
28.461
99.552
139.364
123.236
86.734
81.661
124.943
447.911
15.996
278.289
105.298
196.004
90.259
58.715
43.305
140.569
291.25
101.714
367.965
335.717
234.245
358.142
110.862
105.127
169.501
205.601
125.371
30.046
80.266
68.745
206.652
74.701
230.004
110
138.412
308.728
594.817
298.946
44.645
86.572
43.05
623.076
110.478
218.7
38.297
84.904
54.126
20.621
187.552
326.014
421.398
153.411
29.499
93.07
93.07
150.865
16.044
65.238
505.122
44.656
136.496
72.271
28.602
61.432
166.262
79.48
195.546
153.224
17.547
88.62
70.569
111.321
158.937
171.019
182.521
18.116
150.072
49.633
164.565
371.718
404.694
206.652
339.279
285.145
151.653
157.29
59.98
76.557
143.882
275.465
127.001
185.928
159.235
60.997
294.632
62.561
141.583
56.457
70.243
159.442
182.521
221.01
365.73
333.683
284.791
237.048
54.332
147.456
109.712
29.796
108.45
210.353
138.713
132.756
121.096
153.503
59.792
308.136
158.851
199.055
151.356
108.356
107.262
129.429
109.102
50.769
116.434
59.07
80.895
762.152
50.252
498.431
333.07
53.619
70.828
128.246
35.763
22.357
87.973
120.53
69.093
107.586
432.682
206.515
92.715
156.342
192.42
187.828
86.313
9.568
192.63
277.792
76.295
197.799
366.606
64.189
164.097
213.295
96.842
78.854
216.587
83.793
46.623
14.363
65.69
105.964
593.296
224.972
71.881
238.227
65.585
13.441
206.049
301.666
299.141
41.218
328.138
384.052
186.709
107.472
176.273
158.808
127.586
165.302
239.973
67.037
55.529
71.251
69.758
38.6
292.939
290.81
104.557
65.603
145.104
81.46
408.312
39.697
246.278
593.831
43.961
176.35
260.441
149.793
351.906
211.126
167.093
175.455
47.036
227.239
63.986
108.551
78.853
136.029
309.12
372.815
148.605
55.169
93.292
314.512
272.421
61.503
75.655
77.525
63.274
209.213
34.103
220.652
27.338
265.303
114.899
66.435
175.08
174.912
667.419
37.842
245.555
339.202
390.46
130.894
323.138
92.516
352.684
181.637
37.93
61.796
199.101
108.749
15.208
205.809
448.392
109.112
454.133
48.824
222.348
71.35
38.592
15.904
35.28
193.309
749.087
120.827
92.574
180.035
45.793
69.965
99.546
68.748
269.426
72.558
164.244
91.057
136.497
84.794
34.898
94.133
76.362
41.568
51.807
117.798
37.287
89.802
87.883
47.361
198.925
196.462
17.918
218.875
73.555
55.928
224.158
176.124
227.501
261.031
97.847
745.756
49.746
203.773
74.783
53.602
54.503
198.595
46.729
93.557
359.415
63.525
88.371
113.254
73.864
95.065
95.065
148.631
169.353
83.763
38.44
78.029
35.53
213.692
199.761
225.194
85.174
74.993
152.265
68.279
334.01
48.332
35.031
117.359
85.057
109.475
149.605
121.533
137.87
205.711
52.169
157.479
223.661
174.409
128.198
245.25
48.786
55.459
181.704
91.512
158.393
84.878
224.689
22.855
124.196
229.859
119.802
143.539
135.113
84.039
312.002
155.586
77.107
89.977
25.113
202.939
47.25
50.911
64.271
145.733
87.016
99.057
658.579
163.515
84.845
109.612
141.511
105.945
53.009
42.364
57.871
54.837
62.993
98.038
86.241
70.099
89.957
49.05
125.694
126.836
58.663
107.214
159.334
226.517
80.701
231.825
317.225
254.922
119.191
332.418
128.29
180.605
111.287
63.652
159.223
22.137
53.868
244.153
161.49
130.462
109.179
79.533
197.12
117.472
229.805
28.271
48.139
126.704
154.029
39.35
210.652
115.569
114.068
43.925
109.883
512.318
53.09
56.708
181.529
22.419
306.151
62.299
107.271
101.826
146.003
98.025
99.07
53.06
118.603
111.127
149.949
83.796
290.936
57.739
101.023
78.612
85.51
46.495
98.737
305.606
164.461
131.426
351.999
66.023
71.293
684.63
75.049
79.841
251.202
99.017
32.039
68.449
87.45
86.082
171.277
29.329
133.913
195.807
44.491
120.489
16.14
213.834
237.87
106.659
110.888
69.919
69.505
47.308
87.785
135.706
66.673
84.119
384.658
539.576
75.838
19.274
173.03
178.067
173.645
108.933
68.93
234.694
41.553
102.501
360.317
167.932
66.285
137.524
35.568
40.95
40.95
101.97
143.085
60.509
67.162
167.936
839.512
113.508
43.905
163.574
77.674
126.478
90.469
80.613
122.345
99.751
345.339
49.901
61.937
339.868
100.663
286.801
231.768
33.657
59.565
71.164
145.458
44.248
44.248
165.088
56.772
45.244
119.879
98.195
45.813
47.06
127.126
310.087
39.494
47.53
175.383
66.475
139.161
74.413
82.727
134.379
124.268
13.33
104.992
74.662
29.602
177.251
46.607
69.526
88.541
61.902
142.185
90.999
99.318
64.251
126.192
180.961
71.149
101.636
32.411
107.623
177.228
37.751
105.209
105.209
223.223
229.177
267.663
203
117.089
80.069
85.884
49.805
78.853
67.588
24.921
119.032
128.156
117.588
79.259
57.635
89.061
99.896
90.01
299.166
269.805
167.988
151.234
81.687
71.775
48.054
111.063
164.277
85.305
120.004
120.121
112.908
124.24
157.419
191.015
165.838
58.843
52.083
170.672
124.946
51.083
67.376
172.008
24.428
36.589
81.255
76.536
120.659
261.471
29.838
126.739
40.069
230.153
17.907
65.33
121.707
42.519
61.402
99.002
120.745
60.647
54.224
114.397
91.661
105.527
27.685
24.405
126.924
44.473
157.163
46.356
129.244
126.574
57.537
50.467
89.573
204.844
137.332
79.296
23.724
185.482
57.504
68.257
31.907
29.236
79.41
328.277
143.51
142.949
144.47
149.701
106.486
33.755
352.793
79.186
187.152
90.389
129.292
48.437
62.424
197.196
213.715
359.149
75.746
138.366
22.808
174.738
39.655
101.565
136.631
43.793
202.589
99.956
77.907
103.316
48.755
237.046
269.105
46.384
61.057
658.047
107.637
75.809
55.602
56.396
98.542
95.833
191.423
126.799
69.868
158.307
215.019
247.931
244.612
17.611
267.172
104.635
127.221
104.348
103.449
87.183
537.396
167.632
68.993
339.943
55.157
71.123
23.707
91.428
121.493
152.158
38.612
72.803
94.269
75.665
117.285
187.204
89.171
123.751
90.326
34.504
86.753
94.974
309.177
104.715
66.914
94.166
77.835
57.589
38.093
172.893
33.408
141.012
340.129
73.725
231.294
43.073
94.83
118.474
33.467
61.987
85.97
141.239
116.36
72.705
270.864
131.023
70.325
169.634
96.001
199.567
347.465
73.857
51.323
284.585
106.779
176.273
131.485
61.736
227.807
55.583
96.912
84.848
102.213
99.224
91.078
111.761
82.593
66.524
62.583
172.983
34.789
69.336
66.31
122.97
62.065
265.455
30.571
37.945
90.664
84.857
143.479
166.565
53.185
96.861
615.222
107.29
222.815
103.72
193.862
68.469
113.459
95.069
85.437
48.664
125.179
52.927
311.488
59.988
32.409
205.772
122.066
33.292
33.135
260.492
30.483
110.536
97.243
86.6
20.752
46.557
152.424
269.93
65.382
71.715
106.174
316.664
786.557
145.794
242.664
118.83
99.61
297.754
163.506
67.492
131.666
91.929
77.451
77.451
170.803
93.141
191.151
46.552
174.866
106.144
192.492
277.402
74.762
56.361
156.441
112.665
47.051
673.697
105.28
20.589
162.635
293.563
52.34
76.264
229.631
58.86
131.134
121.855
50.173
51.113
298.579
124.436
94.86
188.532
82.623
125.004
87.324
140.196
64.548
84.823
67.057
71.625
42.331
117.072
39.719
37.459
157.497
114.197
38.25
74.421
200.809
197.263
133.691
143.148
61.049
209.619
133.909
29.269
157.719
96.337
64.23
113.099
21.073
97.173
127.373
141.014
108.267
39.163
40.749
47.305
318.261
67.12
39.904
109.025
89.047
108.946
80.128
25.909
73.41
96.618
85.436
99.561
130.784
150.435
170.172
72.921
278.759
81.52
52.795
142.97
121.8
45.369
50.016
79.515
319.668
111.282
128.854
51.946
51.946
49.655
106.076
219.937
138.352
47.192
101.362
75.269
94.19
64.458
218.136
144.931
86.836
130.444
92.236
49.846
439.021
157.078
44.793
120.279
25.371
82.061
80.212
25.59
220.093
159.092
132.091
140.994
150.006
138.493
138.543
119.093
42.203
469.516
122.809
59.549
173.247
151.454
37.551
111.764
184.41
131.097
76.947
58.646
180.632
30.022
390.37
131.556
112.996
59.487
69.394
64.695
48.066
88.994
50
67.083
125.135
239.547
58.408
218.088
61.399
173.803
105.726
108.398
101.735
137.674
125.009
108.127
89.25
42.763
128.769
113.15
83.192
84.154
101.034
29.952
108.525
105.48
45.294
142.164
174.083
134.925
90.858
83.415
47.635
104.804
73.697
254.507
77.36
45.009
69.115
192.983
64.533
60.066
63.136
79.31
200.08
209.852
185.819
46.935
254.234
64.552
35.33
67.069
44.342
166.853
107.651
21.378
65.241
90.425
50.694
82.002
117.526
105.621
85.572
110.237
38.014
67.653
85.363
89.041
53.835
102.063
32.282
115.39
115.874
216.867
100.135
77.342
113.696
74.187
60.403
33.145
69.775
170.339
153.473
168.024
116.6
86.803
84.537
115.905
64.341
86.843
213.453
91.636
201.036
77.553
34.621
57.036
147.914
67.24
52.169
14.271
76.363
322.55
129.038
162.597
44.031
75.754
28.65
78.021
221.893
70.879
182.738
372.768
146.018
20.43
276.329
85.378
47.283
75.283
91.318
55.263
156.735
75.735
88.068
572.79
192.004
80.115
146.151
109.673
199.24
37.168
20.436
56.976
48.481
61.302
197.303
38.225
34.322
34.322
34.788
86.473
33.856
155.558
167.187
31.79
113.357
20.894
74.191
45.128
50.27
118.734
138.588
185.02
293.125
155.758
169.754
105.933
76.399
83.295
98.159
149.584
108.825
129.588
93.051
113.3
61.766
298.275
200.43
36.523
123.057
26.448
95.566
43.841
155.466
110.145
30.448
23.026
91.372
270.993
354.232
59.199
115.388
18.387
280.525
18.608
583.641
188.799
39.051
54.322
192.761
21.012
159.754
119.099
37.5
40.719
66.608
206.656
234.571
37.843
104.974
98.761
182.317
56.64
222.02
39.027
100.147
48.935
106.748
113.268
47.788
45.847
71.717
222.154
45.59
60.758
74.818
120.618
219.919
57.358
99.295
70.698
58.527
138.383
261.57
71.202
71.202
152.723
226.649
146.67
49.699
135.352
64.726
34.084
246.607
92.626
69.599
84.678
87.036
159.109
20.919
177.232
86.38
55.001
166.77
210.057
111.855
78.594
91.835
41.529
23.055
14.787
74.393
107.919
77.993
308.991
61.092
129.364
142.36
186.949
34.395
105.515
164.229
151.543
73.026
54.348
174.43
69.913
152.322
196.745
40.832
85.109
64.937
83.385
112.321
31.302
462.605
60.219
60.26
55.887
113.054
36.831
75.719
132.774
266.704
73.035
444.783
224.178
123.609
32.118
55.403
299.827
53.51
56.573
204.366
142.261
126.885
102.205
103.388
279.76
110.669
21.143
45.083
98.377
177.69
90.91
128.271
29.67
206.4
183.586
37.195
120.477
62.328
121.463
46.508
237.537
73.676
170.41
180.288
128.747
84.108
92.266
92.266
219.022
47.867
30.8
114.323
98.295
341.233
106.048
298.633
53.372
112.915
30.713
115.797
190.395
138.841
46.757
132.343
79.91
54.096
52.245
33.594
96.818
117.703
159.552
48.801
103.531
46.369
22.125
70.579
110.944
119.057
69.841
53.2
259.557
303.348
106.369
171.613
229.64
286.24
154.424
193.556
41.494
210.897
90.143
250.447
128.66
101.691
97.701
88.953
285.047
118.265
60.788
126.035
112.363
200.841
306.754
112.804
42.113
186.032
215.618
48.061
70.683
140.347
55.048
111.187
32.54
250.811
99.46
66.42
182.106
149.984
113.44
54.136
171.597
87.627
58.645
58.014
54.331
69.149
287.856
55.211
236.003
94.203
108.176
74.312
71.104
180.077
246.914
239.396
132.835
52.976
131.936
229.578
502.271
191.587
44.693
141.096
113.057
96.596
249.805
53.634
211.697
51.069
195.444
30.825
130.875
37.317
110.553
280.433
92.421
144.185
200.986
25.538
45.931
27.447
43.422
76.069
88.637
145.964
244.375
115.406
235.545
32.807
88.06
97.662
160.152
49.657
125.045
56.74
271.326
60.786
210.735
105.196
33.014
119.9
86.176
173.846
155.206
51.417
43.645
57.66
39.674
294.059
156.415
62.135
32.906
333.227
46.547
56.341
113.062
117.19
95.477
56.819
106.4
187.492
82.163
79.201
143.607
79.386
92.217
228.856
103.023
89.185
112.404
130.426
258.637
168.285
23.183
89.926
27.879
111.952
64.692
364.272
170.116
57.053
25.735
63.569
277.297
88.914
106.968
125.412
60.383
225.37
218.912
191.731
43.143
124.047
142.862
148.716
98.462
73.76
930.736
159.127
65.359
141.968
62.819
77.985
83.014
83.014
37.21
29.545
336.444
72.364
264.844
106.142
64.451
148.946
104.293
167.172
31.56
93.745
267.956
105.353
118.755
157.416
85.781
103.988
74.995
67.436
107.234
40.638
95.915
64.144
232.978
135.966
45.365
34.762
71.04
51.608
48.691
41.215
232.585
73.324
175.79
147.805
260.972
205.206
133.114
43.791
290.395
43.895
83.896
347.446
145.036
166.472
125.137
78.675
77.28
128.745
35.385
143.936
56.193
68.699
90.902
106.909
427.952
55.453
441.48
94.087
407.72
193.214
83.834
138.026
60.358
29.305
274.404
104.224
49.748
92.407
51.1
110.454
40.915
31.724
70.406
84.636
26.362
89.293
26.669
63.356
181.625
57.422
96.592
72.132
85.194
115.153
223.938
100.341
282.269
37.856
163.242
165.298
36.332
355.659
35.119
251.782
81.551
55.092
28.977
72.641
38.379
183.301
292.124
53.63
129.601
247.266
15.642
428.77
53.207
115.178
51.432
132.938
60.519
348.387
54.13
87.605
52.378
94.997
120.478
27.895
128.701
48.072
129.935
143.767
64.264
113.496
54.62
119.835
71.575
57.656
91.407
121.87
128.899
104.124
70.093
66.969
26.489
165.41
87.704
99.377
263.178
156.07
42.469
50.999
82.728
31.706
420.712
45.315
86.44
548.201
228.385
643.588
134.405
96.609
294.08
81.267
46.866
42.036
440.261
21.333
73.406
84.912
61.065
50.805
77.133
137.322
25.083
272.828
162.021
25.022
22.049
121.769
121.769
114.958
115.053
133.062
83.556
247.62
27.541
79.213
174.22
83.708
223.727
40.221
42.945
109.817
96.659
254.053
86.526
57.062
90.055
38.388
129.746
79.778
176.371
94.916
159.823
151.998
57.924
301.406
140.654
138.086
59.22
112.159
175.99
39.843
131.826
52.879
68.815
102.289
107.949
114.771
196.675
66.742
87.338
229.41
40.781
83.993
548.519
57.417
54.307
374.657
93.707
116.597
225.829
56.163
58.701
58.529
105.704
62.001
119.025
94.738
44.215
77.375
47.274
127.211
53.849
75.668
132.054
86.596
137.945
51.768
24.682
26.184
208.663
56.949
88.683
15.311
312.608
35.478
74.77
309.531
328.166
51.355
319.538
112.415
102.052
61.656
191.493
64.372
57.347
78.874
53.456
43.451
88.209
157.894
315.079
115.269
89.905
256.932
123.564
94.573
224.217
33.461
175.442
129.698
75.468
182.318
119.001
191.7
47.635
89.413
44.341
82.416
40.467
115.326
156.921
84.363
228.51
140.744
63.772
139.371
148.39
148.39
167.014
112.657
83.091
64.274
151.371
69.765
77.786
98.439
86.997
32.272
190.688
131.424
58.432
158.328
238.179
14.002
69.598
65.855
56.507
101.642
174.024
186.992
64.82
250.431
403.347
42.739
51.064
72.496
45.235
128.759
107.011
39.399
266.328
12.549
110.4
75.294
105.777
197.654
300.425
85.902
125.258
122.67
79.663
50.062
52.998
73.691
116.447
208.277
132.67
168.175
149.544
335.88
39.672
282.83
86.094
41.952
57.406
279.478
33.428
72.33
211.48
47.919
20.98
54.082
62.948
89.381
134.439
26.998
48.574
52.266
278.421
105.002
185.575
147.102
112.904
64.76
70.425
137.279
120.085
248.345
69.15
584.72
584.72
31.632
32.581
40.776
25.618
72.625
33.054
28.72
143.497
259.632
80.135
41.572
210.071
114.514
83.669
59.455
81.309
155.371
91.551
69.11
127.265
171.605
241.325
312.848
48.469
212.754
63.395
156.117
234.66
91.178
163.043
285.273
73.824
31.216
121.683
50.806
677.945
42.222
151.686
45.803
37.85
19.897
139.847
326.662
67.454
272.839
190.582
70.76
32.808
240.798
108.755
72.309
107.38
410.935
34.268
138.181
122.93
63.751
45.292
188.625
159.445
80.695
133.655
405.932
192.726
141.915
37.341
37.789
175.851
32.242
31.616
173.138
63.358
38.274
85.076
254.218
157.734
161.156
131.079
96.449
71.147
91.876
203.601
53.015
145.4
58.452
129.968
115.951
125.767
91.077
121.754
137.665
138.895
207.042
47.113
86.264
89.707
33.693
171.473
90.001
52.776
133.874
42.488
47.221
43.542
37.825
102.476
268.707
177.287
138.964
118.808
256.321
47.982
119.707
61.957
282.038
141.166
114.405
164.873
167.29
70.452
270.341
297.538
83.772
145.538
289.952
52.206
94.768
133.886
234.763
63.471
173.825
33.76
95.151
87.759
48.85
72.66
193.734
191.897
112.975
205.741
70.28
56.959
42.477
128.668
62.603
255.077
84.889
100.451
82.203
124.032
104.387
450.561
261.991
71.657
24.275
141.08
115.944
256.927
34.274
158.174
78.519
109.736
316.933
277.661
158.987
122.425
115.033
22.162
48.111
382.815
52.817
34.67
236.489
212.362
106.952
60.965
507.482
84.298
101.102
177.898
48.338
39.2
199.737
126.804
288.24
120.463
195.898
89.587
108.272
87.915
53.573
94.23
292.839
123.133
76.205
196.307
99.181
273.229
217.799
206.475
87.345
130.131
44.371
70.622
110.052
70.542
46.74
45.256
49.562
28.499
213.673
140.711
63.183
79.295
194.006
51.5
140.431
71.108
232.096
83.805
32.355
115.979
81.1
37.446
119.179
193.164
58.891
107.84
477.63
63.558
110.169
70.449
293.219
592.388
42.307
54.726
139.965
59.43
171.681
125.443
77.469
421.907
109.279
43.392
572.576
60.155
60.3
70.065
117.828
229.739
95.634
222.101
154.547
125.017
207.558
65.333
436.152
87.882
48.89
406.07
80.602
77.8
95.532
159.105
81.366
98.203
73.582
89.002
48.294
166.967
214.244
72.953
55.289
42.121
82.229
59.057
291.108
162.84
116.047
126.437
93.966
245.774
85.818
94.418
70.939
151.117
113.333
173.329
144.885
73.825
215.321
529.531
47.094
191.667
40.016
250.089
149.269
39.255
198.581
49.772
376.043
99.999
326.655
52.965
27.343
55.114
108.767
147.122
73.479
107.534
81.126
136.02
273.581
210.723
121.984
132.564
35.131
52.323
52.878
265.288
261.075
64.456
26.863
81.693
97.204
62.092
149.985
168.581
81.051
82.105
70.715
29.022
17.874
255.313
129.748
92.484
55.742
97.935
230.606
20.349
99.784
98
28.728
75.712
90.517
86.897
117.161
54.298
226.709
196.472
119.926
75.417
217.764
155.014
155.342
131.596
125.21
121.171
129.439
95.355
110.921
113.375
181.968
38.958
38.958
54.012
117.204
61.14
109.833
139.792
23.149
64.876
102.859
40.77
60.173
81.997
92.654
86.09
79.669
57.638
60.446
63.474
176.179
290.376
272.116
106.354
66.364
201.205
48.811
75.628
119.962
56.266
106.032
177.472
25.649
135.853
260.784
51.743
153.905
59.592
206.035
162.088
87.362
49.864
102.237
74.879
71.127
32.295
228.579
169.922
51.117
24.444
199.983
38.435
166.402
141.503
190.451
79.404
246.384
85.399
94.335
144.924
167.08
193.831
321.032
61.753
50.373
74.244
74.694
89.333
273.012
17.676
175.934
212.212
783.43
40.572
266.027
74.053
56.625
139.736
412.82
102.925
75.711
145.482
582.676
178.081
100.655
104.149
49.007
122.023
119.575
124.854
97.435
97.398
176.005
50.915
61.392
103.384
111.691
35.264
295.071
48.011
90.7
88.388
106.785
16.196
157.842
43.481
98.019
164.16
203.784
78.154
174.059
114.331
81.759
100.395
44.093
37.438
130.765
168.936
46.974
175.429
182.225
55.13
183.795
106.687
51.803
46.934
37.266
293.035
147.641
176.273
93.823
222.403
59.3
51.111
248.326
154.247
195.624
195.624
397.018
219.355
219.355
137.596
31.513
69.097
102.626
42.083
48.97
137.872
84.486
175.807
37.281
462.949
178.389
145.404
141.443
109.831
77.052
87.129
248.562
77.307
25.617
258.303
79.686
30.54
109.695
70.309
103.628
243.089
65.552
131.603
193.13
26.675
122.605
99.683
109.826
210.5
111.69
128.046
93.217
109.472
81.828
185.795
81.637
49.318
94.089
59.837
118.972
330.482
47.272
129.157
68.296
36.534
133.718
39.448
247.389
124.724
393.493
86.131
49.023
49.637
173.928
153.266
440.474
538.544
106.921
84.527
432.406
156.616
9.34
44.064
70.958
96.847
156.846
27.144
110.238
26.408
181.562
148.201
66.507
366.701
399.78
66.527
77.72
83.127
51.553
107.953
274.265
119.581
105.131
76.426
123.241
165.196
80.111
59.88
77.585
60.914
90.558
94.36
98.952
263.608
495.486
67.934
39.235
84.284
155.042
55.318
406.979
215.303
81.409
59.028
114.162
96.981
55.403
91.977
146.437
79.993
228.831
207.36
155.949
309.565
53.857
55.333
125.87
165.701
152.22
34.313
227.156
200.596
74.648
88.502
83.748
77.874
191.245
28.728
55.083
131.006
209.163
43.268
74.086
97.686
759.572
147.28
261.643
153.773
114.671
93.885
9.862
147.121
92.5
61.568
17.557
113.674
50.693
68.608
105.979
90.324
100.836
72.916
44.947
62.074
38.163
258.413
289.546
79.056
50.258
58.617
102.369
154.92
25.965
176.837
127.305
148.892
83.224
91.591
113.529
61.044
767.428
44.636
94.104
56.285
724.847
126.277
93.985
155.24
94.573
13.025
223.416
126.853
41.465
21.218
50.081
26.907
103.717
254.927
99.232
76.341
52.113
155.553
62.468
66.596
58.154
645.436
173.07
111.139
50.372
167.909
142.389
171.153
81.459
85.102
96.816
206.666
33.404
274.995
82.416
48.87
30.168
76.698
256.72
444.433
105.196
160.825
48.582
66.242
164.255
167.741
84.438
101.134
269.649
423.632
159.589
269.609
59.855
276.76
52.783
170.025
64.009
51.255
67.711
219.07
83.551
137.044
51.274
49.428
110.247
103.907
85.925
33.314
146.065
99.933
48.058
140.437
46.455
60.269
24.767
182.818
158.298
71.386
171.579
67.191
211.381
123.139
228.561
109.754
93.891
83.336
29.693
67.311
286.351
114.523
121.286
42.127
29.516
91.922
174.62
139.799
59.794
39.353
119.448
80.537
58.188
41.722
59.641
57.513
77.318
83.035
230.845
144.253
49.303
223.239
399.238
167.325
865.099
63.395
177.57
107.406
213.56
82.088
101.796
184.491
49.526
49.099
73.37
324.345
121.567
84.476
298.269
31.769
169.077
35.4
374.566
183.054
42.53
183.314
134.606
72.118
93.958
72.286
261.307
119.626
576.127
223.291
37.018
269.529
52.252
40.838
35.628
156.262
51.271
48.138
62.08
117.044
99.225
77.217
184.157
66.09
66.09
270.549
92.768
57.15
72.48
227.725
96.457
94.428
67.423
119.416
131.014
214.593
189.717
51.398
33.713
40.163
549.927
85.001
95.281
55.782
247.406
140.515
55.938
100.04
338.064
49.302
86.691
168.705
32.717
60.537
70.125
128.707
46.72
56.407
149.905
106.742
160.933
21.778
82.713
38.37
48.554
36.453
106.917
95.194
47.158
114.372
87.512
392.877
84.274
28.403
98.999
64.337
207.978
27.235
398.154
50.75
151.223
273.83
175.559
66.113
84.868
52.14
58.279
240.829
277.546
134.489
214.545
98.928
166.218
85.168
234.468
171.106
15.663
235.525
73.097
58.191
151.393
476.758
152.874
82.094
155.557
269.015
60.519
18.381
45.815
199.093
25.401
22.957
225.361
165.192
137.176
141.008
138.426
47.906
90.198
91.376
142.199
86.593
47.129
212.807
30.677
62.294
33.022
177.495
37.054
18.292
74.058
143.419
134.917
46.802
237.009
278.395
34.342
123.261
52.196
131.028
41.75
108.375
295.026
151.745
107.029
234.419
176.97
102.299
72.736
97.924
25.175
124.605
113.866
234.392
236.367
45.32
234.778
72.868
27.862
121.482
314.809
197.694
84.734
253.238
91.446
235.024
79.793
79.793
32.259
269.733
133.689
116.373
281.261
136.348
135.338
97.909
20.994
256.62
140.89
34.38
76.583
112.29
58.754
49.606
81.815
89.413
70.736
384.504
224.699
166.964
30.443
301.375
67.464
76.639
50.09
84.038
125.932
50.206
44.921
90.254
16.641
25.901
25.901
46.356
60.351
99.066
152.619
110.412
734.912
108.094
52.914
52.724
42.193
46.43
49.373
40.323
325.188
109.613
256.514
98.247
183.139
55.921
126.494
126.996
110.541
79.2
116.225
66.636
377.214
116.631
122.714
46.037
66.389
119.908
46.618
87.342
119.13
79.273
59.344
20.111
180.891
79.433
134.259
426.148
213.148
73.271
132.706
68.72
222.625
72.794
165.815
100.311
98.619
31.814
54.371
48.357
121.914
84.481
53.951
267.752
57.614
151.726
41.94
243.996
133.311
231.66
85.9
170.498
413.91
122.111
64.609
39.107
60.508
245.03
28.228
118.735
109.882
93.64
57.807
48.141
30.09
175.326
274.537
175.084
194.157
46.594
137.994
61.415
99.269
46.324
320.032
99.869
37.096
44.757
67.826
40.463
390.271
390.271
134.485
121.604
86.152
176.422
124.402
648.969
186.627
247.835
221.344
173.25
102.762
322.398
154.45
100.127
481.156
162.091
98.639
85.752
41.088
48.708
107.021
400.419
26.097
69.577
68.919
74.172
83.67
97.088
83.937
105.474
201.089
64.876
30.585
34.496
85.047
360.17
37.198
227.894
66.152
82.085
45.23
261.516
104.382
141.66
121.622
32.849
52.147
36.716
95.491
112.448
40.099
19.088
84.069
353
171.372
60.083
112.035
104.121
205.901
93.128
142.403
59.376
313.318
88.609
52.856
174.744
248.637
335.357
247.65
53.023
315.823
29.906
97.389
83.503
145.207
124.237
37.482
29.757
18.292
33.39
271.045
15.082
43.274
23.881
363.732
148.536
217.128
89.801
869.709
107.804
115.2
74.67
116.313
158.429
158.429
199.494
53.416
16.906
84.574
188.59
27.712
156.381
125.773
36.045
43.886
262.916
11.78
74.019
126.006
44.497
104.562
130.182
30.706
56.526
58.854
234.694
41.657
152.548
430.526
376.541
184.346
155.074
93.017
18.412
78.322
210.79
143.928
250.296
45.513
65.383
190.777
264.172
298.419
189.943
128.659
323.826
290.018
75.385
112.278
135.737
175.173
59.032
45.027
71.066
125.093
41.81
768.636
70.595
172.245
358.285
115.732
104.883
135.214
64.135
64.419
98.562
136.64
196.948
440.151
115.289
50.587
96.226
87.829
411.942
431.277
58.756
291.394
14.237
21.478
267.883
70.521
75.654
236.228
40.259
82.854
45.712
109.433
30.528
26.195
44.177
49.751
31.488
94.16
65.917
98.152
239.665
39.124
67.289
36.333
116.554
46.999
45.631
262.963
76.746
73.439
114.078
91.746
263.703
87.824
39.119
475.767
110.442
130.129
56.955
93.347
101.255
135.36
62.401
63.678
218.507
224.805
170.972
113.09
47.655
47.879
81.501
63.264
55.65
193.63
60.512
78.736
85.791
64.801
83.095
59.704
136.229
267.975
110.365
205.46
78.443
48.459
75.258
137.33
94.988
90.187
171.544
123.264
91.565
124.497
175.523
80.897
143.294
12.209
432.877
18.45
87.483
164.944
102.894
64.674
82.308
156.35
248.907
45.341
128.257
140.372
107.458
178.067
122.617
18.514
87.596
32.182
219.547
132.371
56.604
196.084
154.142
101.59
48.196
46.532
171.814
15.389
31.939
433.174
382.542
198.179
62.286
89.535
99.233
61.693
79.15
25.136
432.137
255.9
102.084
69.114
80.236
153.108
471.464
194.454
143.294
68.403
177.678
35.988
35.436
140.388
66.012
106.762
144.682
169.514
185.626
162.454
119.94
372.67
60.802
60.802
147.767
24.919
33.333
196.642
43.156
117.918
195.909
316.457
285.465
164.374
31.997
76.041
65.321
167.727
180.125
74.062
98.049
299.775
181.816
66.368
26.147
249.947
71.085
109.899
98.015
171.614
85.772
118.352
131.186
82.942
137.505
55.481
55.223
50.825
302.414
229.688
160.54
265.353
114.744
65.317
71.929
209.67
161.153
41.17
81.057
81.214
44.952
193.88
108.36
121.641
64.309
88.59
170.295
52.186
110.073
134.325
46.705
123.922
83.783
80.56
28.928
98.403
74.842
72.053
150.659
92.743
148.692
123.88
57.455
38.456
24.496
36.653
85.445
34.299
68.752
133.728
60.807
140.376
96.708
128.094
176.597
103.397
175.507
115.129
186.52
278.014
105.354
66.255
158.109
71.561
205.734
134.614
68.335
851.046
242.663
67.053
74.292
65.775
154.163
58.875
52.075
144.766
303.135
32.275
39.806
86.752
144.858
184.198
286.507
65.359
61.7
76.717
66.206
142.426
78.969
118.286
189.574
156.186
229.748
126.176
65.713
177.379
138.061
25.304
105.959
105.473
536.292
76.782
74.082
174.205
50.936
43.14
89.247
259.134
98.428
148.67
75.777
122.84
51.482
133.309
119.697
51.57
217.085
59.44
212.45
85.353
63.531
76.78
66.592
32.764
175.519
43.283
151.703
45.237
51.135
20.852
94.806
17.139
194.352
65.85
226.962
87.452
116.497
74.841
403.929
93.472
62.922
88.261
77.537
44.44
122.699
151.91
25.256
106.482
44.471
122.425
64.174
134.674
222.948
421.978
58.487
86.121
79.878
83.127
82.637
157.338
214.736
142.741
70.316
34.404
107.188
74.967
329.821
117.827
44.77
81.447
329.585
88.846
75.618
503.713
141.456
171.556
163.822
35.094
125.651
85.962
24.807
26.569
215.111
120.651
77.016
26.033
89.037
120.627
69.693
76.965
118.363
148.855
20.713
195.713
69.427
433.4
61.545
320.827
41.674
217.354
79.123
106.99
224.21
120.561
98.199
170.209
209.31
84.224
89.439
232.545
19.681
43.797
56.388
37.863
286.606
65.375
383.342
119.457
28.535
103.212
144.911
62.572
180.393
63.955
78.491
153.667
85.76
92.539
285.436
188.399
20.662
245.157
121.746
34.924
14.647
211.295
65.01
138.913
92.064
71.317
100.833
185.555
70.864
562.125
192.813
26.57
14.464
107.352
96.405
20.078
188.375
176.587
55.214
33.257
21.604
63.059
43.358
36.485
108.518
112.786
39.763
211.399
166.136
98.995
102.267
23.128
25.563
51.701
58.679
160.541
142.409
535.406
128.349
121.231
142.64
494.869
283.151
25.014
88.307
19.653
56.473
49.796
36.549
74.415
127.741
41.264
119.215
271.606
91.123
99.225
95.184
69.784
73.157
54.377
56.444
17.637
65.376
91.299
131.399
208.766
17.984
69.008
158.819
262.569
238.418
150.034
132.659
181.349
93.34
63.453
227.222
126.838
97.08
78.304
76.78
784.692
220.955
126.137
124.735
33.496
256.382
148.877
42.105
91.974
38.708
28.467
257.596
116.919
68.109
141.057
73.429
207.179
103.66
59.82
69.87
160.21
80.355
130.004
116.246
91.643
149.011
312.798
57.961
46.945
95.864
186.154
218.75
43.635
69.677
157.882
42.127
49.907
364.594
433.107
38.43
60.098
102.205
198.172
86.928
239.012
160.297
60.258
125.391
78.89
144.371
87.605
76.325
184.253
35.049
108.606
62.287
198.045
24.308
115.431
135.689
215.127
263.434
26.066
24.657
180.904
52.433
83.428
132.851
118.243
41.795
204.363
253.286
177.055
348.951
277.545
84.708
188.225
145.53
31.525
70.61
84.262
270.967
74.134
39.288
76.193
160.855
148.283
113.424
103.559
81.654
129.821
249.724
195.292
163.099
27.931
287.194
194.545
139.338
81.335
320.073
129.53
272.325
21.004
90.317
285.215
159.425
118.43
20.91
72.197
116.279
125.909
21.737
111.874
45.136
137.519
232.703
140.151
76.882
151.706
138.694
163.272
90.193
136.702
53.995
79.241
142.465
45.676
122.958
106.397
46.438
50.846
105.028
64.907
76.306
79.702
176.997
158.318
160.234
65.659
578.881
133.583
203.173
81.719
114.408
31.994
185.166
54.214
98.751
70.914
143.344
628.482
83.294
57.035
100.827
203.258
248.413
38.372
117.109
194.276
42.768
164.949
232.848
106.314
60.309
52.989
273.441
316.693
71.844
93.604
110.843
32.96
126.45
50.726
122.867
191.912
210.274
219.792
44.487
294.333
132.051
180.015
75.86
166.77
228.911
144.32
55.355
186.901
102.144
74.202
45.047
54.243
288.053
162.964
47.401
17.236
119.111
112.492
186.151
115.977
84.036
78.953
332.246
36.457
110.042
87.881
98.909
160.509
138.832
286.865
85.857
40.289
136.654
48.337
112.866
77.213
197.181
86.421
76.425
83.449
60.926
197.091
110.41
67.159
43.254
66.77
66.797
82.362
59.228
129.711
51.907
32.688
26.696
159.901
75.855
219.546
102.767
28.221
197.926
59.598
43.91
243.703
84.123
210.975
93.37
363.036
80.62
37.056
114.213
128.92
29.01
49.366
114.426
348.372
95.778
462.926
98.226
67.054
51.893
156.94
17.46
70.288
259.411
104.29
91.252
88.271
73.36
186.141
73.225
39.14
79.955
210.274
102.528
44.534
94.112
105.52
124.026
153.423
37.665
89.408
13.611
70.642
203.693
123.041
43.582
120.587
82.625
68.075
63.964
51.926
146.274
312.234
45.539
116.228
371.558
266.993
273.28
126.393
67.283
87.941
95.462
219.463
196.383
44.073
321.503
73.387
54.089
92.068
208.737
49.058
21.14
187.351
214.61
166.906
204.309
37.379
29.076
76.503
223.546
154.798
131.698
118.101
71.4
138.44
99.813
42.428
68.089
183.041
44.066
257.885
56.271
117.913
240.189
32.071
339.529
31.345
132.285
365.205
104.048
153.534
149.139
57.835
45.956
108.722
109.828
85.252
83.931
123.526
103.445
32.796
96.838
49.743
22.869
54.928
26.359
30.788
119.713
22.066
42.557
174.763
64.964
149.416
20.869
58.005
298.92
85.06
120.449
16.364
87.622
203.406
203.406
52.89
402.329
96.199
123.898
268.856
111.003
159.628
96.94
141.44
71.929
24.499
172.505
31.668
90.744
65.509
142.032
81.609
133.034
141.273
192.17
46.944
21.178
46.033
370.956
46.906
385.15
87.462
82.947
40.466
146.147
342.121
90.561
71.091
39.989
138.859
56.148
354.17
62.382
498.773
64.481
85.536
44.582
113.269
95.567
70.431
49.524
54.496
122.865
118.938
111.519
65.734
119.207
65.876
38.388
283.45
140.732
36.33
242.361
144.967
50.127
70.47
81.947
46.504
121.077
62.301
150.366
43.321
144.911
418.713
291.996
146.246
180.19
309.747
325.016
171.506
208.566
53.019
251.896
42.327
184.919
231.951
142.264
268.268
192.759
36.405
183.165
250.036
135.994
157.959
174.294
40.259
97.707
133.568
337.437
105.647
81.501
81.501
28.834
80.004
235.264
43.751
176.191
131.485
101.259
221.06
53.47
187.326
67.511
208.721
135.397
50.81
50.914
128.202
108.064
79.029
126.841
58.573
246.973
68.082
6.526
143.763
128.248
102.87
46.97
147.969
107.57
298.521
43.99
79.245
316.109
666.122
97.911
52.56
324.14
413.852
87.657
404.955
113.317
76.603
295.098
153.228
75.682
250.615
40.65
23.207
163.33
125.414
93.02
54.454
48.336
89.444
104.303
68.92
111.088
117.68
186.014
29.005
110.284
77.55
101.664
70.504
168.392
136.353
35.362
51.883
120.248
349.844
259.835
44.464
307.993
117.491
94.168
223.95
176.701
91.232
121.377
88.231
124.208
80.193
147.708
122.493
239.354
133.86
69.097
70.128
286.391
71.054
40.415
65.015
76.593
45.079
90.06
129.119
138.248
63.893
80.993
78.458
52.542
104.073
116.645
84.885
67.761
24.93
19.118
41.827
84.241
28.17
137.033
134.189
54.186
117.472
289.11
140.686
58.494
131.73
102.739
116.059
155.88
98.765
95.483
139.201
124.218
80.53
85.757
89.952
17.662
78.97
263.826
70.98
112.699
102.101
43.265
291.558
337.166
64.857
128.916
294.897
19.595
74.292
19.926
343.36
30.881
153.606
74.574
76.528
85.069
24.034
46.299
91.051
166.062
37.064
206.747
58.77
128.237
39.347
156.864
33.707
39.597
85.283
136.578
109.961
28.421
175.335
119.28
125.757
41.578
185.123
66.388
289.772
109.622
53.015
53.128
367.18
120.935
47.023
213.965
150.825
844.871
739.734
38.19
108.378
21.52
47.666
172.89
191.642
98.367
221.554
86.287
42.317
161.623
103.291
127.103
626.089
35.424
117.801
203.096
85.315
242.652
255.879
319.005
222.315
92.531
121.072
62.926
109.997
79.602
214.795
70.531
32.234
44.806
176.338
178.491
352.797
29.413
70.252
162.856
62.111
37.741
66.223
130.396
5.647
123.27
140.053
170.882
210.92
62.985
49.05
155.836
163.288
117.442
88.302
88.091
278.542
607.85
220.946
78.068
67.046
99.724
65.956
69.671
79.072
261.593
69.721
80.056
60.833
25.763
248.118
67.809
167.408
65.467
60.875
89.071
190.489
134.825
54.257
31.072
103.041
200.086
94.085
52.258
88.704
47.481
76.494
39.152
99.852
39.748
46.638
164.261
38.696
84.54
226.038
38.749
110.923
77.427
208.331
107.744
479.373
273.073
73.62
29.361
51.085
81.746
209.232
87.087
68.326
315.566
166.409
117.686
142.992
125.657
81.943
118.139
117.348
146.553
210.43
96.905
57.26
33.376
107.451
330.326
33.542
218.867
156.119
55.382
169.89
29.252
180.638
64.142
154.85
165.679
92.184
138.372
149.188
65.579
151.096
219.182
105.678
140.63
141.078
257.308
39.195
61.775
149.701
78.698
288.338
15.945
206.255
257.83
174.415
180.029
33.928
63.889
170.962
64.552
158.905
66.236
79.807
56.642
109.962
97.587
30.589
105.065
88.612
92.235
92.235
100.32
152.906
154.161
93.653
89.917
82.357
272.79
50.548
43.289
126.258
53.091
101.171
55.482
357.265
210.325
30.56
91.456
69.516
189.432
46.296
16.425
232.15
264.565
234.694
68.856
42.349
59.921
64.332
141.378
67.096
196.426
28.508
23.038
195.298
60.389
44.685
380.992
51.024
62.633
110.624
162.172
204.092
156.004
61.447
46.824
98.496
67.409
36.271
34.285
70.124
131.462
56.307
36.518
64.102
87.963
46.203
34.021
84.577
106.135
41.259
98.33
410.215
96.455
48.99
43.453
22.91
54.267
29.051
338.898
70.606
34.789
192.063
201.133
151.51
293.99
76.815
139.119
173.23
55.686
66.719
17.692
21.672
70.908
253.041
125.287
71.828
414.286
108.313
65.154
58.866
39.026
76.8
300.559
282.354
144.358
111.387
95.364
35.322
169.061
82.868
87.287
59.758
36.813
228.733
31.438
271.233
75.229
157.641
31.442
276.559
73.418
273.017
64.319
137.502
55.723
103.382
73.634
54.112
201.495
149.678
60.476
266.377
149.063
101.408
102.427
66.063
290.862
73.025
120.253
130.043
72.025
195.666
165.397
91.034
70.142
209.357
108.404
215.723
244.503
149.354
142.922
273.685
92.573
93.169
36.214
92.601
60.433
152.939
81.49
90.246
55.554
170.226
135.07
282.73
100.29
82.059
145.574
46.478
55.999
76.533
41.489
165.246
191.873
114.346
257.563
96.065
79.403
188.826
173.247
41.895
244.757
177.898
65.343
62.707
27.33
25.049
337.174
63.214
156.743
213.25
90.489
203.396
48.236
266.766
291.08
227.056
27.993
138.478
25.148
76.495
107.797
85.804
55.879
32.579
101.135
125.231
97.251
60.501
79.685
164.33
127.223
40.793
84.944
121.767
36.611
144.337
212.179
127.848
46.141
185.42
181.373
122.26
91.819
40.477
82.066
69.821
82.861
226.126
140.409
135.443
112.279
264.062
49.383
80.704
45.186
129.949
0
72.058
203.507
96.359
174.716
51.641
114.235
120.772
101.743
71.651
30.37
160.92
82.227
76.676
159.302
250.397
63.671
64.39
53.268
71.258
76.056
153.314
12.35
44.65
26.958
116.11
60.443
221.27
65.005
53.106
224.499
111.971
52.066
45.201
334.261
102.023
40.326
102.631
77.908
45.29
147.59
18.988
133.262
83.193
171.488
102.841
390.031
100.912
311.325
76.56
121.2
149.414
81.193
234.56
278.117
63.042
309.073
60.411
90.13
50.12
156.16
62.744
89.656
67.751
59.287
230.231
256.23
77.655
110.811
72.084
89.641
65.163
112.81
125.516
75.272
265.233
117.364
19.142
151.041
300.288
33.81
294.983
126.51
310.111
125.83
85.01
29.31
302.72
117.54
482.826
45.094
82.245
140.669
78.203
85.269
48.714
25.086
39.574
88.843
86.021
79.552
14.462
116.927
41.631
27.514
249.96
208.892
925.081
150.879
254.611
219.646
128.555
103.998
224.891
588.935
177.923
54.399
46.662
37.825
150.341
359.548
116.879
340.725
63.411
52.391
44.848
387.137
237.628
105.598
26.862
112.514
50.32
149.125
228.017
38.337
138.091
20.494
69.028
46.053
49.656
58.502
44.948
46.885
68.073
204.337
166.331
233.836
46.257
244.076
43.888
74.97
127.928
197.761
126.136
19.839
196.986
77.456
127.54
141.228
235.744
32.868
22.569
62.277
123.026
138.1
97.98
158.003
54.72
196.627
81.818
162.258
75.807
187.655
92.821
236.91
54.687
110.165
97.229
94.41
144.388
43.188
42.26
182.795
122.001
249.398
329.583
35.794
39.052
60.977
126.818
95.375
67.974
157.738
118.073
61.069
37.96
21.241
58.319
111.757
62.755
89.429
150.367
119.418
248.641
139.933
167.635
36.762
36.052
88.023
39.802
428.298
167.081
15.17
67.589
85.945
193.325
60.838
38.698
100.371
77.618
138.315
185.859
265.681
102.596
42.26
414.774
303.378
110.472
104.513
169.5
208.88
58.018
139.635
283.694
113.988
486.833
75.935
189.318
149.054
127.178
194.711
162.187
70.132
82.665
135.494
87.997
93.062
406.705
93.644
85.21
45.853
189.254
190.042
384.663
33.884
142.071
112.713
173.23
78.378
78.334
64.644
107.542
85.39
86.554
211.478
57.478
34.796
133.894
146.553
30.046
237.893
78.851
97.497
45.558
217.202
188.483
128.636
117.202
129.963
160.52
130.979
280.154
213.376
94.374
418.842
181.396
538.46
86.25
74.958
31.642
263.222
435.981
26.055
69.09
278.313
175.058
56.445
64.547
48.892
80.61
102.393
58.675
63.447
38.735
29.957
251.537
173.48
69.151
23.379
210.83
76.009
72.162
163.068
146.719
56.414
322.197
142.397
52.196
121.627
88.702
25.194
303.141
42.949
50.074
26.116
107.524
149.438
102.395
279.581
51.587
128.843
352.253
187.818
129.864
129.89
90.827
113.264
83.851
19.287
31.039
58.002
93.803
131.643
232.841
294.229
107.05
19.161
29.247
30.019
48.114
176.173
83.491
29.59
124.734
66.416
131.349
120.155
21.716
87.169
204.761
29.052
54.845
74.62
112.16
239.449
59.578
87.222
98.824
77.783
33.883
38.629
61.574
128.555
88.673
146.369
71.915
74.325
56.787
152.871
196.426
102.576
30.402
74.859
387.702
114.66
124.969
127.58
246.156
134.238
78.021
98.443
115.1
118.58
140.364
41.311
61.87
52.41
35.189
126.072
127.114
100.288
141.595
273.879
66.158
97.029
65.914
207.615
94.934
99.898
56.095
263.074
189.644
208.924
52.284
131.518
134.019
42.21
62.989
190.248
371.471
151.43
97.056
268.558
338.959
94.704
24.155
101.992
120.537
57.78
99.248
182.484
95.664
56.003
56.774
36.23
199.411
42.386
124.575
11.899
66.536
57.621
35.597
272.616
81.945
130.772
161.024
172.276
130.661
175.188
92.382
183.807
616.584
95.831
126.568
77.194
43.724
69.891
73.77
113.363
54.184
132.384
232.912
139.037
320.465
132.509
103.478
55.13
61.873
64.275
73.406
103.822
155.483
80.51
49.562
130.223
32.021
67.501
121.184
78.125
110.257
42.384
47.742
65.618
41.41
81.983
87.529
35.353
97.365
34.947
161.213
126.021
57.934
37.601
49.167
210.409
92.776
61.83
156.488
107.196
48.168
110.721
29.356
79.91
70.28
31.998
144.58
114.476
138.176
96.322
126.746
107.139
56.937
125.23
294.506
101.228
93.582
29.221
319.394
91.237
27.365
125.099
126.389
65.572
447.379
55.797
146.804
32.814
30.028
49.941
105.498
188.565
17.623
92.623
104.698
172.468
80.678
287.875
220.196
542.213
103.695
224.826
235.828
235.205
44.417
101.717
161.051
58.142
55.619
101.423
185.214
157.511
88.564
106.291
139.157
216.604
64.495
84.596
108.727
164.706
93.548
24.537
125.374
138.465
116.393
69.429
85.957
95.455
121.441
85.346
283.213
75.471
236.637
174.306
115.544
246.665
167.357
116.5
81.751
21.775
179.872
194.972
79.453
62.754
35.758
66.466
138.52
262.553
85.503
28.2
37.737
102.599
244.221
64.103
210.328
33.485
72.735
83.251
192.844
134.3
82.82
132.411
96.45
271.083
103.018
61.586
271.29
59.598
25.623
213.103
46.683
73.164
176.442
59.52
96.044
115.626
113.407
174.828
173.82
147.22
197.455
58.394
58.197
156.696
84.541
133.174
37.636
456.168
102.67
68.958
90.944
57.497
92.565
82.472
162.639
147.665
218.747
62.75
248.62
182.858
44.445
209.889
183.073
54.055
35.629
183.078
53.037
189.066
148.437
30.595
47.486
57.724
154.62
217.033
121.511
81.316
165.13
194.952
118.066
140.446
137.679
51.074
175.049
266.541
249.42
68.987
87.325
147.943
30.825
134.428
131.011
162.357
103.1
34.622
68.593
164.612
70.907
446.262
52.425
102.832
84.354
76.258
130.616
247.45
50.131
361.113
41.664
84.511
230.819
54.455
121.908
70.808
94.49
90.177
67.782
113.54
63.145
211.681
47.827
152.05
14.597
290.466
45.827
73.527
147.203
41.684
42.787
33.217
49.97
66.594
35.465
43.065
62.903
66.022
145.736
81.666
50.783
94.843
208.3
79.127
59.532
163.925
131.802
229.089
123.299
136.636
104.994
42.782
54.151
724.812
142.241
89.696
117.583
44.02
36.537
148.797
64.697
168.348
148.782
142.842
93.412
32.689
184.463
59.55
169.317
495.93
197.271
76.097
74.553
50.121
218.924
57.427
68.886
224.202
94.701
131.233
68.426
102.821
10.097
96.457
102.131
101.136
324.99
59.219
86.272
55.58
111.25
91.33
313.914
48.334
37.276
189.792
10.068
112.625
83.383
82.448
167.603
574.877
226.588
109.102
46.685
93.748
418.012
208.197
74.078
234.618
96.227
146.807
80.316
132.879
64.979
249.104
21.716
148.821
106.361
266.453
337.417
337.417
87.559
29.059
74.623
90.901
34.179
107.645
52.502
95.359
91.091
175.701
61.037
50.504
14.153
315.338
242.549
26.303
252.459
149.166
103.406
136.689
121.831
167.279
65.614
57.593
114.549
97.562
119.447
106.125
76.095
149.183
228.743
101.999
200.622
32.448
113.619
288.16
16.559
63.982
59.229
102.656
133.287
311.602
35.595
160.481
151.476
121.265
76.456
106.85
104.873
96.722
353.603
33.283
42.877
96.878
162.022
104.82
261.926
207.614
73.831
212.574
52.622
16.426
132.336
67.335
54.711
90.75
207.246
66.964
86.402
69.897
65.973
19.97
58.977
106.065
67.812
152.122
160.773
102.983
92.879
210.872
128.774
51.783
97.009
111.863
130.996
166.478
32.524
66.699
351.636
106.947
131.865
160.31
123.348
200.568
179.623
213.69
48.608
200.849
160.429
118.579
329.733
122.126
35.655
36.836
70.016
262.728
58.723
126.184
218.069
68.161
75.282
148.453
67.624
139.706
95.82
105.428
47.175
155.334
93.021
134.197
71.667
81.728
145.472
69.68
82.036
209.825
65.863
51.152
95.691
16.527
51.31
408.776
103.501
112.595
277.436
689.791
32.145
185.916
225.142
73.39
157.577
126.413
240.371
96.739
145.248
90.71
26.94
134.696
145.955
86.492
44.533
275.5
37.229
85.485
80.333
128.371
203.945
73.843
235.187
227.561
79.239
174.215
56.42
149.515
106.549
344.261
73.409
283.026
404.887
592.219
41.603
127.963
40.807
50.896
86.447
37.556
46.036
159.687
133.058
244.267
155.071
144.8
23.066
66.019
29.39
50.408
60.021
104.165
42.492
158.887
29.209
74.888
185.266
23.404
113.702
12.145
132.237
75.059
57.183
33.509
106.636
75.769
30.312
38.696
68.843
18.547
282.017
235.205
48.288
175.844
109.875
33.783
60.535
95.736
59.691
249.407
226.85
168.553
145.847
33.691
212.694
106.621
198.928
116.179
682.171
150.864
317.091
58.106
107.561
79.085
40.787
106.961
161.065
171.412
42.133
89.918
65.205
99.304
97.389
119.421
40.294
14.717
234.214
148.972
85.447
153.961
84.703
62.998
51.595
143.575
28.912
125.953
33.077
183.571
126.428
162.701
63.417
168.481
27.276
84.538
191.301
352.544
76.374
88.716
245.955
134.289
217.169
266.79
151.99
38.059
119.93
54.632
95.568
139.363
64.277
358.179
113.003
204.933
383.82
66.627
49.756
141.764
106.092
69.512
198.826
67.534
81.992
65.466
67.469
148.423
48.357
33.819
122.911
363.282
30.076
141.353
114.849
59.916
610.823
107.32
178.132
31.062
54.955
166.823
55.034
163.25
33.708
33.708
182.998
79.166
129.242
254.802
141.478
258.584
481.16
129.687
61.171
42.331
32.026
45.557
429.266
141.567
153.786
143.418
45.953
62.33
194.922
124.621
106.785
110.41
54.827
18.117
418.774
38.147
52.332
88.352
49.878
27.061
38.764
149.604
90.506
36.456
53.054
71.12
166.812
75.532
164.274
123.683
123.029
107.723
131.969
246.254
36.652
192.08
84.119
137.415
365.685
270.995
57.572
57.397
93.813
335.283
76.043
92.707
102.809
598.277
108.04
48.783
188.015
70.232
14.62
83.563
280.065
79.367
113.898
55.763
50.053
184.661
111.987
74.775
113.798
76.033
101.145
196.084
249.461
123.546
58.489
145.583
19.96
132.706
37.334
104.224
81.965
37.804
99.547
79.363
170.152
119.044
82.543
387.231
65.144
50.476
290.452
26.103
180.534
281.839
80.75
172.887
168.321
157.367
109.152
105.171
142.783
354.527
99.73
172.291
217.93
32.686
56.101
76.975
33.699
176.806
55.621
85.868
95.809
138.845
29.749
42.107
83.088
254.636
264.22
29.451
98.13
175.827
94.565
80.51
286.694
64.124
233.839
104.037
54.433
133.174
18.507
53.437
65.975
29.827
172.492
239.369
61.615
125.603
336.545
85.546
71.468
27.001
66.908
414.755
47.411
63.513
71.085
308.071
226.341
402.581
257.771
116.082
48.485
55.418
28.839
144.535
58.917
82.653
99.497
121.801
65.333
43.481
176.668
330.605
84.312
75.848
103.895
16.905
81.835
139.452
507.108
166.163
135.658
93.027
51.774
174.941
229.202
41.743
90.982
183.46
74.403
41.044
93.856
52.182
361.021
147.57
147.759
42.748
41.894
257.832
54.521
50.357
67.232
50.827
50.827
93.043
90.817
27.548
220.995
81.552
58.614
86.973
224.69
46.913
124.837
135.604
75.864
81.578
44.676
83.6
143.872
190.568
144.959
89.671
39.736
126.387
97.467
80.477
70.942
287.137
264.283
69.156
59.284
91.276
48.855
87.326
118.421
164.438
30.885
67.188
46.875
509.897
88.455
178.098
180.855
97.822
75.646
42.059
58.239
84.89
156.558
523.125
68.457
138.706
57.491
119.962
88.217
64.102
20.254
41.655
128.899
50.887
79.938
17.28
21.26
23.545
50.31
13.121
116.548
147.52
106.338
462.762
139.221
277.591
117.831
63.745
32.314
114.861
42.83
98.019
39.361
53.692
94.121
157.832
41.626
192.501
65.423
406.107
81.181
90.747
96.296
191.842
38.109
678.213
54.493
27.19
86.317
157.415
266.911
64.671
131.893
105.936
148.757
95.532
31.809
138.721
170.632
144.821
89.891
128.139
21.807
95.758
43.838
65.686
198.237
40.708
21.761
260.89
20.69
201.053
28.297
203.209
79.05
190.07
120.298
216.456
195.009
76.681
365.216
52.711
170.935
45.404
106.012
99.907
89.934
452.398
59.91
236.341
89.136
52.635
155.309
72.157
118.766
305.155
348.929
83.031
81.463
120.979
90.106
253.57
58.018
127.063
27.81
119.543
119.543
55.218
179.597
45.185
368.463
12.791
140.323
58.689
206.259
132.841
127.993
346.838
21.545
177.197
72.923
34.117
112.739
234.88
91.658
49.505
13.147
171.139
69.247
87.82
71.496
74.533
47.342
159.209
89.127
56.08
96.411
101.135
104.753
28.214
157.739
197.664
81.082
35.993
229.046
83.119
67.553
209.205
76.805
91.953
34.191
66.283
132.326
93.059
96.875
76.513
71.628
27.536
116.805
122.474
428.094
121.857
156.493
87.113
232.582
74.157
63.822
76.801
94.686
127.746
112.383
18.676
33.601
84.11
310.49
20.469
230.555
59.145
79.819
45.398
76.546
60.306
87.613
45.521
54.645
37.684
98.811
55.562
114.641
149.414
245.363
90.8
117.855
152.548
253.825
43.65
42.253
138.295
71.852
196.388
54.62
40.662
26.159
131.9
60.776
90.308
326.481
76.346
110.14
118.183
67.963
52.953
362.384
71.47
130.655
126.842
205.003
227.625
130.075
29.067
21.312
40.128
16.016
36.64
32.716
59.736
32.794
72.102
139.73
36.915
30.801
110.302
53.507
185.247
237.116
120.002
125.63
230.789
59.602
57.209
185.809
84.7
159.494
132.538
25.4
123.246
88.788
25.249
243.988
77.7
142.624
116.092
192.337
71.283
36.777
371.131
93.553
155.852
107.445
32.63
25.787
203.383
208.844
167.976
27.373
115.487
151.413
102.31
45.194
98.853
115.151
122.494
97.787
58.611
39.407
410.396
148.308
96.616
129.171
108.395
91.262
46.48
46.118
89.932
270.885
52.179
120.094
258.847
83.084
757.786
16.184
305.3
48.925
83.024
84.795
95.031
160.998
128.553
70.663
122.903
43.778
65.961
45.702
126.908
26.722
171.495
122.579
274.372
263.47
346.546
70.919
597.759
65.982
44.676
117.477
102.185
285.887
80.846
63.32
42.167
282.464
316.561
69.603
127.052
76.293
96.187
431.944
71.57
135.363
92.237
118.242
110.092
225.826
81.562
221.535
242.723
74.844
61.445
33.855
21.472
216.106
94.517
30.19
64.885
132.615
209.437
64.489
29.43
43.429
65.202
265.112
445.843
88.316
35.419
52.189
204.217
46.627
95.783
98.929
54.257
29.38
56.399
46.198
111.276
115.004
183.15
104.732
39.355
24.066
46.226
167.098
67.75
81.298
29.006
65.735
133.895
135.079
187.623
100.016
19.722
68.925
307.78
200.904
21.426
95.189
169.191
205.348
150.963
114.457
33.801
194.996
13.273
320.849
74.167
134.001
89.461
211.879
44.669
213.869
118.706
46.305
157.458
85.822
69.227
82.753
50.096
61.15
125.121
134.023
188.121
128.077
96.363
20.869
127.908
25.955
278.825
38.678
50.319
144.415
46.614
118.054
83.653
25.244
67.747
173.193
140.604
117.506
120.367
86.934
23.129
178.02
27.613
33.845
101.648
56.412
207.145
123.798
120.117
69.809
138.793
385.512
60.725
84.95
72.032
51.996
99.974
88.697
184.402
82.767
117.104
127.979
121.723
150.773
320.756
74.515
78.665
54.586
58.375
188.048
298.522
298.522
62.407
130.192
10.64
191.964
128.766
87.005
46.719
48.449
126.038
129.436
122.25
97.82
72.432
319.782
48.991
132.934
81.169
265.304
84.02
296.931
103.78
81.416
124.244
187.097
231.061
68.009
76.577
41.857
62.374
66.343
34.455
133.964
81.585
74.234
103.076
306.764
72.28
61.511
66.214
245.056
156.235
135.996
58.369
188.595
77.092
34.228
176.543
47.544
82.289
122.893
42.287
38.475
113.747
198.972
46.759
86.382
171.93
85.625
58.418
53.012
14.348
140.383
199.615
16.307
118.634
90.054
51.319
137.534
73.814
56.711
105.473
95.584
101.861
93.977
65.176
113.374
64.929
156.073
294.971
101.93
58.764
126.807
46.236
179.102
28.997
36.832
113.853
68.526
149.578
126.635
163.61
56.013
175.117
26.325
163.72
364.898
276.648
71.284
118.727
146.504
278.337
155.402
251.324
200.133
49.629
185.66
75.79
181.697
79.242
82.102
49.316
193.847
210.3
122.895
95.604
203.376
140.179
105.554
13.841
67.48
120.016
45.319
250.029
315.868
104.192
206.318
240.34
240.669
47.587
140.394
162.837
33.836
29.054
96.085
192.494
61.079
103.027
174.126
77.477
79.943
100.5
34.226
65.71
218.43
206.112
103.225
27.635
70.592
108.511
63.279
58.415
300.325
55.906
94.068
100.685
287.58
58.814
128.237
34.732
231.182
155.621
46.869
52.341
149.807
41.668
105.343
71.243
171.019
46.868
13.663
37.509
67.279
39.674
317.402
306.348
115.204
114.151
166.646
53.001
28.963
139.796
73.093
68.254
64.836
97.827
134.327
77.985
107.948
0
56.775
271.352
203.498
245.009
51.036
92.255
167.719
182.354
39.404
124.374
250.748
44.613
100.767
98.197
143.411
77.216
158.5
133.393
18.417
56.161
84.657
131.761
134.334
167.453
103.63
26.364
141.198
293.907
95.362
105.547
136.455
189.472
109.468
123.298
35.844
217.354
88.01
88.01
61.043
82.817
167.602
165.432
165.432
48.264
103.747
25.33
263.307
358.533
120.06
203.681
108.223
181.985
56.44
41.497
168.391
191.846
48.527
210.698
52.936
16.764
109.829
163.124
28.491
82.792
158.252
143.676
357.885
31.129
86.702
149.396
80.408
22.711
170.638
97.469
186.17
28.078
149.321
29.634
62.31
338.24
28.888
85.077
148.363
223.445
127.576
78.348
71.791
69.561
276.907
119.817
209.421
200.827
290.587
38.469
97.054
266.315
284.092
133.63
68.106
71.98
184.158
202.474
77.033
185.188
258.845
35.707
161.847
46.493
116.979
194.457
100.086
143.563
125.983
229.742
136.64
126.992
181.34
131.868
73.918
68.398
159.925
354.351
354.351
106.346
75.023
172.205
11.164
121.789
161.763
106.12
126.978
61.396
78.318
147.356
254.222
19.566
66.846
155.372
206.096
74.562
29.852
30.341
308.505
197.752
38.925
109.211
107.527
96.749
126.254
179.898
105.874
52.821
264.558
39.374
43.994
151.835
86.525
85.204
109.604
146.296
105.239
84.811
48.751
38.703
260.823
237.598
98.474
75.106
116.147
73.74
79.03
115.49
61.668
163.2
145.045
121.39
39.128
58.683
174.298
177.491
71.853
141.71
211.324
71.22
48.845
81.036
201.067
138.001
44.281
73.601
55.438
30.727
25.851
196.366
65.412
159.296
144.804
65.902
287.731
197.213
301.647
239.374
263.289
50.885
209.124
126.716
93.442
28.615
166.529
190.019
118.003
93.75
55.387
723.627
99.793
67.015
105.551
62.15
232.57
138.507
17.479
16.483
92.337
66.709
77.411
127.049
57.189
28.079
182.837
96.412
122.414
97.421
249.704
149.032
108.069
35.779
50.288
109.303
37.966
94.75
63.914
67.558
124.317
47.801
178.695
215.965
513.071
61.824
63.557
49.181
60.663
62.856
45.208
152.479
215.785
217.182
214.282
110.252
162.176
160.483
98.23
135.186
80.552
118.707
118.707
114.783
105.299
59.02
121.428
75.812
83.409
163.002
257.707
161.607
144.783
236.584
65.811
447.581
87.554
79.682
26.615
32.241
78.236
83.038
94.879
250.851
115.566
59.181
97.426
722.907
21.841
72.011
19.413
131.4
115.041
78.81
69.825
104.475
47.668
167.939
305.391
101.824
162.241
472.556
124.401
253.177
177.137
134.67
110.823
102.673
124.272
22.425
96.953
9.035
126.832
34.24
121.578
121.122
235.959
116.593
235.482
75.52
137.458
28.173
73.514
112.647
164.956
81.323
57.319
133.96
58.507
307.149
131.208
128.97
118.009
29.78
63.582
114.428
89.506
24.371
195.979
98.505
124.434
54.71
141.558
88.102
259.797
163.612
41.957
139.317
139.317
142.788
48.569
180.683
184.332
97.547
36.257
58.885
77.822
59.467
105.079
249.312
51.791
44.935
37.142
53.864
66.478
121.073
172.445
189.929
102.059
39.953
194.185
61.937
72.635
38.403
31.334
84.101
109.268
90.986
81.026
138.021
57.028
64.173
12.034
60.072
107.44
90.904
91.84
162.977
43.04
33.195
63.296
151.459
56.165
74.498
28.875
110.525
110.525
77.079
215.968
110.213
107.809
148.731
134.191
84.295
218.397
89.035
37.742
92.114
163.029
80.679
277.915
165.054
134.375
182.753
128.33
173.252
87.269
193.167
98.103
45.302
839.512
108.916
389.231
22.946
163.479
135.835
66.303
46.222
67.455
59.368
52.601
26.837
72.303
76.699
122.984
95.614
222.935
180.989
132.632
89.066
151.818
182.285
56.468
14.256
38.03
82.93
35.259
28.388
149.237
98.068
238.685
26.995
104.241
87
53.087
135.573
92.655
17.073
213.74
150.004
68.253
129.752
54.241
27.382
183.417
95.249
132.337
97.14
94.351
56.938
165.869
208.132
8.774
71.975
17.558
109.199
65.682
100.651
272.391
59.278
127.832
162.743
67.564
111.292
40.021
43.225
30.601
87.414
351.148
42.302
164.84
91.432
296.365
139.149
329.535
46.687
69.327
27.337
117.174
46.324
60.778
176.001
141.109
150.81
60.913
62.246
60.573
102.885
99.058
16.792
109.33
162.671
308.426
96.648
56.486
101.049
83.565
35.332
293.693
109.003
165.307
134.082
227.442
122.088
33.603
98.926
81.822
168.075
328.19
98.375
150.43
92.316
47.858
47.547
112.46
172.418
139.744
181.393
39.903
298.916
47.148
197.942
307.982
139.54
298.212
180.346
79.666
117.482
169.686
71.22
47.966
266.547
135.778
26.31
134.111
75.532
53.712
195.653
91.336
147.136
57.198
92.979
99.486
39.39
55.224
143.385
67.072
180.045
406.836
185.13
139.712
36.945
96.039
74.163
111.824
107.524
76.555
118.178
92.813
201.997
235.288
264.719
50.307
447.207
46.532
89.856
296.03
184.997
267.083
232.501
209.495
113.449
30.588
119.532
157.681
52.889
135.781
91.473
138.72
122.748
151.431
89.585
53.422
115.43
59.165
66.63
107.741
59.009
82.841
208.724
126.929
153.021
236.396
35.619
71.059
77.3
140.891
72.156
220.224
526.927
22.929
76.376
71.791
94.972
140.534
161.799
294.978
202.879
182.995
122.574
76.507
56.378
68.416
70.76
93.964
287.179
172.239
46.708
34.157
167.907
59.473
44.976
103.771
122.307
37.994
54.46
46.176
73.443
73.237
81.414
93.953
197.108
131.199
92.436
66.348
81.328
110.649
555.579
187.885
60.306
76.821
83.391
205.205
70.824
317.319
130.292
314.926
63.041
60.253
105.267
179.775
150.019
53.807
164.947
35.921
17.089
15.838
21.496
119.884
132.206
144.21
139.595
103.149
313.456
54.433
197.152
275.956
69.19
92.419
62.946
120.196
78.908
38.215
128.392
43.954
101.154
90.31
97.768
96.515
81.208
33.166
24.165
15.658
95.582
95.582
137.872
53.865
136.687
132.609
35.64
89.564
130.963
114.702
166.444
105.64
238.424
41.723
89.388
113.322
273.049
94.432
137.813
14.975
122.945
129.572
43.378
131.565
102.372
130.345
98.254
56.059
22.559
284.773
147.8
51.233
215.265
40.504
407.958
52.076
66.965
98.43
130.061
43.132
92.626
46.374
43.983
144.714
122.433
308.88
118.537
200.179
200.984
114.904
134.581
395.423
143.435
69.631
117.295
168.651
49.203
114.407
39.216
696.756
89.681
36.523
352.992
90.324
117.481
55.374
304.357
54.93
43.738
56.892
137.541
26.816
600.342
164.965
124.52
412.392
61.707
78.293
104.99
141.167
400.359
96.577
29.761
58.717
109.313
110.248
40.67
116.607
85.795
59.127
392.795
59.02
18.427
105.488
108.187
23.991
115.719
109.086
63.98
68.526
623.919
238.981
104.993
21.096
220.848
57.787
74.268
68.652
56.889
97.145
40.211
46.253
108.922
89.928
38.766
101.07
156.127
239.68
52.37
103.52
28.247
124.098
348.683
149.241
21.705
28.06
80.058
278.087
41.603
275.387
59.654
125.737
122.611
205.276
203.519
159.289
83.721
49.454
169.468
70.397
95.869
161.857
144.02
251.434
149.505
77.948
52.417
71.322
191.823
64.699
406.79
26.605
47.608
69.936
42.897
44.195
267.049
51.627
61.856
61.856
273.414
37.711
98.08
68.296
160.237
268.116
110.4
232.408
166.695
86.781
490.557
26.716
214.742
106.574
88.322
81.732
57.967
35.006
357.698
49.383
210.894
57.324
67.674
275.717
81.473
109.435
144.004
103.1
140.926
55.551
32.453
261.704
136.944
113.776
200.895
182.441
140.146
130.604
107.569
33.8
38.881
200.823
222.701
65.999
47.648
41.217
228.061
59.004
77.921
151.687
92.701
124.177
97.693
197.052
104.367
200.043
42.715
202.594
137.326
266.094
67.892
56.373
253.523
249.142
72.098
140.524
98.515
57.133
38.134
79.434
93.094
170.887
21.453
142.297
87.702
16.263
36.879
266.237
61.303
211.638
298.618
155.663
107.676
112.39
596.999
67.028
200.351
68.738
74.245
135.36
227.94
197.663
19.609
28.614
46.117
46.117
60.052
82.86
91.766
132.606
61.203
136.941
130.943
384.332
33.416
61.219
21.739
44.811
49.637
95.598
68.859
39.818
123.952
140.117
108.297
117.976
62.082
85.348
95.139
634.582
168.919
168.919
36.294
166.35
119.586
118.96
101.681
314.066
107.904
168.815
24.798
25.558
100.479
85.183
296.258
74.812
83.991
82.717
193.585
151.485
176.459
110.454
186.684
247.004
42.824
172.985
268.466
63.359
176.373
237.299
117.221
77.468
219.012
25.78
42.179
74.797
19.33
95.531
69.811
326.686
654.824
97.394
43.298
163.022
212.164
121.525
179.785
76.36
24.882
151.226
250.083
51.509
44.718
29.637
124.668
36.109
114.212
125.646
23.893
264.322
40.434
375.566
78.309
147.532
84.777
140.173
44.835
106.059
322.288
52.214
124.329
43.908
19.393
226.166
47.264
158.259
71.859
78.662
116.383
106.822
37.04
166.397
155.135
23.483
45.654
51.643
73.493
109.324
138.024
283.346
135.253
28.602
112.128
68.202
27.864
223.669
46.572
109.745
131.715
85.986
69.273
119.254
30.118
60.983
217.618
63.777
155.519
279.043
33.115
111.074
91.771
121.881
144.559
111.184
184.055
128.908
92.976
69.376
235.618
222.081
451.182
76.799
178.344
261.842
161.678
75.293
36.675
106.583
63.667
134.651
154.107
95.121
38.678
25.855
66.629
105.338
49.454
130.686
30.143
217.09
159.257
92.037
192.44
24.814
50.448
129.864
151.779
10.986
66.34
308.596
47.344
52.888
149.099
79.83
75.276
29.101
106.08
130.861
189.327
23.483
76.162
324.31
30.874
80.195
20.484
65.512
174.72
68.082
142.501
58.155
186.477
54.54
47.485
76.483
24.165
17.896
41.119
136.772
46.813
41.028
156.477
287.821
104.349
337.172
75.147
197.637
135.051
97.051
90.588
193.294
151.716
64.691
90.148
200.901
281.981
102.88
89.305
58.776
117.459
29.435
175.424
123.871
108.691
214.873
89.409
167.799
137.138
70.26
154.548
133.325
418.543
141.232
70.397
120.825
38.444
149.64
55.411
191.677
181.363
28.188
24.799
32.476
125.666
180.655
725.896
185.712
45.543
239.676
36.487
263.465
112.051
200.449
61.358
101.81
77.322
208.523
210.991
96.374
151.431
153.718
64.374
280.042
147.91
69.028
172.09
36.094
233.061
11.1
57.1
82.495
265.687
39.969
71.208
127.918
51.326
128.53
20.104
220.084
424.64
73.419
169.617
64.974
265.979
36.888
80.003
131.879
90.206
124.203
133.096
31.527
251.055
179.098
40.39
261.916
67.086
221.892
65.31
176.648
103.095
216.429
53.476
143.313
27.571
65.192
61.947
76.35
37.995
41.565
70.408
120.209
126.626
42.249
161.277
235.992
376.735
139.576
259.149
14.986
239.24
36.984
114.786
48.992
29.927
167.868
87.849
203.551
46.253
216.222
171.066
150.092
76.938
227.349
133.735
127.917
137.564
170.278
99.36
53.125
105.204
60.32
34.918
46.265
102.318
147.524
365.669
97.661
208.51
166.692
95.43
109.021
136.904
52.127
104.379
172.903
412.652
314.029
62.684
244.2
49.53
96.265
110.845
81.275
125.353
99.566
86.155
66.414
323.886
62.486
107.622
16.78
154.77
110.396
357.359
140.008
274.54
84.622
15.621
57.447
33.505
130.875
79.3
56.656
40.839
73.044
60.688
40.492
57.73
143.801
39.544
39.255
95.455
39.742
55.333
73.921
69.177
176.872
70.708
162.733
53.074
145.451
95.8
342.365
77.865
129.222
68.253
117.097
59.436
50.277
177.475
72.953
110.772
98.373
38.341
150.824
93.221
109.79
39.721
62.896
131.373
85.758
87.794
239.368
13.818
79.742
104.115
242.611
329.976
84.974
74.64
39.247
59.094
86.765
229.91
25.112
203.114
126.376
66.685
109.757
92.798
63.993
81.64
161.234
88.965
91.911
173.661
109.084
140.261
94.759
74.111
59.783
117.645
103.266
371.164
97.534
99.803
69.89
115.366
94.779
90.455
215.727
46.584
26.353
41.28
99.717
156.016
129.857
28.943
125.34
82.817
50.324
205.841
111.866
112.136
178.241
173.189
46.975
78.906
34.302
120.773
63.456
72.859
321.069
107.839
79.528
24.214
156.561
105.654
311.397
139.158
66.786
66.887
35.899
188.277
424.577
67.592
158.097
108.658
114.025
83.461
32.01
140.517
135.707
105.073
66.015
46.616
24.329
33.983
105.656
192.421
38.116
90.928
96.056
60.622
57.284
124.31
47.051
200.199
140.353
256.903
23.06
242.734
149.817
85.319
81.559
397.394
194.781
60.686
105.327
90.026
136.826
73.771
72.144
154.637
19.714
208.186
47.008
97.253
73.503
41.709
208.099
255.818
242.788
194.675
30.72
122.636
48.873
48.875
56.104
121.872
149.813
46.241
21.579
125.925
151.157
71.091
100.154
40.479
142.19
171.803
17.383
98.895
105.309
276.494
21.493
119.583
44.391
157.244
39.013
79.561
52.893
114.577
244.831
249.585
44.733
200.986
164.299
115.962
24.77
142.923
78.636
115.898
164.693
101.278
130.193
42.766
60.687
117.112
474.588
192.265
214.88
100.287
238.381
76.217
313.936
123.564
57.601
98.548
296.278
194.665
294.412
94.176
373.969
75.864
30.337
79.544
32.673
16.423
22.462
110.076
111.406
335.509
47.75
54.904
90.305
55.63
68.519
54.608
225.917
67.922
99.226
227.431
125.447
69.525
108.341
86.157
288.795
36.125
354.965
113.072
26.689
159.577
114.325
49.641
190.443
148.087
26.307
60.685
304.701
130.036
191.739
46.565
148.953
67.261
105.672
72.883
197.754
284.588
66.005
35.15
130.026
93.118
289.511
155.151
50.397
32.471
259.294
100.445
168.3
336.537
247.166
266.508
144.058
254.705
81.332
131.269
125.008
44.745
50.89
24.817
118.568
109.669
186.103
123.41
247.183
468.202
141.27
62.682
32.676
54.895
57.343
167.656
75.959
320.854
36.343
112.31
48.149
78.388
232.495
180.641
85.303
152.602
61.376
84.916
57.599
411.671
101.686
49.107
59.743
106.352
49.402
123.716
37.348
147.161
130.047
43.575
164.84
237.221
170.586
110.564
82.365
79.728
87.392
30.277
148.412
174.551
137.447
163.746
246.157
171.061
42.005
176.043
102.136
156.616
123.72
30.745
118.456
52.525
275.109
85.194
104.937
53.328
88.436
192.597
165.29
84.39
58.252
206.452
72.359
204.854
243.288
120.992
378.143
261.346
35.672
221.298
41.738
117.548
63.348
97.547
221.879
245.376
44.132
62.649
204.819
52.684
142.598
137.691
66.273
121.609
248.546
191.822
118.858
215.453
133.615
87.98
92.288
29.05
48.034
53.167
98.44
136.418
212.312
295.638
82.577
83.474
76.852
27.041
122.606
140.669
94.159
19.534
55.052
71.357
155.327
188.957
63.13
262.419
202.581
202.581
114.349
32.164
223.091
167.761
37.837
70.572
93.509
123.886
227.374
27.33
122.662
106.029
122.756
59.643
29.045
85.604
54.177
180.006
29.589
235.066
83.146
64.423
177.446
21.687
77.416
603.545
18.695
15.859
71.648
119.211
297.635
85.413
45.509
117.216
83.887
54.631
54.631
106.123
274.168
31.412
44.54
74.143
387.136
39.343
149.053
17.789
92.416
113.274
68.479
160.816
136.321
418.439
147.413
45.349
66.422
31.134
257.83
267.517
115.542
332.618
108.653
51.901
92.579
107.174
88.663
35.971
111.236
58.717
195.261
351.168
224.8
87.297
386.297
113.999
81.083
96.743
169.01
94.957
51.399
110.243
145.164
139.072
157.186
67.788
144.741
36.214
43.152
116.942
149.373
240.147
277.239
86.545
128.763
160.541
233.236
120.8
116.074
63.575
122.279
96.484
190.233
52.708
201.746
115.01
54.059
77.871
42.147
365.395
42.474
451.917
33.583
55.449
50.831
42.839
269.194
196.948
268.511
64.007
60.98
118.391
80.821
308.797
75.716
49.902
61.028
51.507
110.489
170.491
36.833
99.427
45.729
41.251
284.145
242.64
90.025
100.994
94.674
291.94
92.693
48.507
67.656
169.305
151.731
87.704
250.032
110.224
53.41
130.005
119.058
92.828
36.389
167.245
128.875
109.283
85.187
150.124
119.846
130.017
70.366
59.095
186.277
129.165
174.42
171.016
139.028
163.912
118.695
172.045
49.134
259.961
98.872
480.417
208.458
105.763
141.719
58.91
242.306
156.035
122.524
76.473
141.379
326.726
467.512
126.683
13.025
105.408
73.004
40.752
228.295
111.721
140.434
126.383
212.81
99.618
112.865
50.075
185.398
22.602
248.482
116.558
143.971
51.785
162.284
79.115
177.498
79.564
117.588
163.778
78.324
106.77
59.727
92.599
86.966
50.312
251.143
273.726
84.1
198.717
12.8
69.631
116.69
164.437
106.85
183.588
227.342
74.044
94.763
67.112
78.73
250.406
30.008
38.118
304.701
28.867
125.278
77.805
41.811
110.496
50.133
69.421
75.234
92.979
198.547
97.438
46.451
100.317
31.259
55.72
176.663
292.889
103.932
119.205
67.37
200.322
55.36
178.919
368.384
168.17
157.88
233.312
209.901
288.75
36.589
675.947
96.769
94.65
226.444
250.339
108.26
373.69
87.129
73.346
212.571
45.323
114.955
226.092
261.707
185.908
19.555
130.356
180.463
132.726
147.682
111.395
254.798
223.843
100.773
328.439
318.545
145.707
39.606
154.327
150.259
94.946
56.651
171.133
103.405
156.61
288.75
81.614
33.356
104.288
181.301
118.582
75.495
109.336
61.722
79.473
43.608
95.126
150.475
111.079
44.512
201.415
81.672
285.546
114.041
99.682
61.301
189.06
155.124
257.965
102.522
86.691
77.883
86.301
315.048
115.477
190.414
222.3
77.509
67.51
80.318
139.868
96.147
127.859
196.6
52.633
139.642
311.18
75.903
90
86.53
41.129
39.644
107.665
138.165
49.969
48.676
41.042
178.451
178.345
148.517
85.55
277.051
106.021
161.378
150.964
376.337
197.559
116.331
200.596
48.922
155.502
68.245
432.228
241.567
248.393
183.771
150.059
202.426
217.989
149.864
288.253
911.443
143.423
163.578
164.422
60.986
65.89
21.824
138.459
39.279
89.908
69.68
55.527
101.79
90.714
57.445
117.016
33.505
171.851
52.535
221.1
359.121
73.084
54.872
89.72
489.019
102.413
140.402
177.273
240.382
140.075
271.864
75.283
129.019
78.293
239.038
116.062
83.216
559.497
141.006
99.912
45.654
371.297
148.749
287.176
253.057
45.806
54.978
30.695
54.024
151.877
104.643
30.365
32.497
36.277
94.165
323.963
72.843
50.478
48.801
82.12
107.385
161.503
162.884
65.429
153.337
87.74
46.91
51.952
44.416
71.579
95.109
144.003
296.002
47.378
140.964
313.963
359.37
57.937
105.418
97.603
149.977
52.987
129.174
104.782
51.186
307.373
210.728
101.991
41.427
134.03
52.607
72.021
32.798
88.198
110.503
174.38
113.778
56.263
24.905
33.859
41.976
94.33
73.205
135.374
154.792
171.74
121.782
22.623
134.591
101.703
111.935
84.62
158.887
113.232
34.326
237.894
105.817
414.852
85.745
121.433
110.716
35.524
213.324
146.364
68.684
120.86
180.379
83.185
124.767
84.949
53.628
133.362
219.944
54.018
24.743
231.091
206.912
62.437
95.305
96.802
101.656
202.703
38.174
41.953
159.439
50.651
75.414
39.399
86.102
87.64
142.973
69.353
179.18
40.248
40.783
84.347
125.21
231.376
78.986
166.592
133.243
258.7
36.504
92.359
298.745
172.256
231.258
101.575
727.19
28.142
524.982
113.281
98.358
170.583
88.166
412.629
91.34
80.827
118.16
184.714
148.646
353.794
33.823
105.047
189.812
136.441
28.338
53.289
39.455
37.199
152.216
107.251
143.305
608.861
131.729
48.836
172.887
79.559
112.93
40.237
74.767
70.188
68.733
19.638
95.057
59.227
275.692
36.281
68.706
23.891
157.066
74.844
105.047
55.11
44.285
145.598
241.801
153.056
264.248
81.963
279.837
75.854
232.111
48.383
170.759
78.462
206.462
47.467
216.309
108.721
185.085
62.855
51.814
21.425
108.507
90.379
86.464
233.83
122.479
29.42
38.936
47.088
55.654
41.822
27.865
37.464
57.803
148.28
264.558
48.537
67.34
93.255
69.094
130.258
134.893
83.325
71.401
263.634
247.336
67.476
145.246
188.022
123.125
31.801
208.424
125.696
185.924
63.657
57.419
59.149
100.804
265.659
109.913
129.391
72.952
75.457
183.632
71.255
99.64
47.264
35.52
69.316
177.554
177.554
45.599
35.903
40.968
83.951
147.175
58.817
58.817
372.961
149.171
78.267
161.66
128.051
243.331
243.331
190.196
69.439
38.839
61.527
185.445
34.838
44.09
80.941
106.232
82.25
62.517
133.219
165.102
165.102
116.272
146.399
226.331
65.173
89.285
129.665
149.51
372.517
117.104
113.316
31.364
102.191
228.588
98.39
330.394
301.823
53.594
240.844
254.818
295.821
36.256
130.272
91.713
276.993
310.766
108.302
323.477
218.675
59.404
105.609
193.356
52.843
121.96
64.978
77.043
71.953
217.032
79.004
236.776
78.704
153.978
122.184
102.43
82.422
24.36
57.141
97.072
162.885
129.194
68.333
54.325
21.076
116.612
158.264
76.854
133.761
102.073
194.645
33.736
57.107
48.917
243.39
62.286
104.22
138.299
149.203
31.727
26.119
33.346
170.153
73.238
74.749
67.951
7.493
77.786
179.734
41.269
99.055
62.162
20.043
59.844
245.598
26.025
107.358
199.654
73.649
90.353
113.628
123.991
70.288
117.885
67.063
304.698
60.861
80.8
89.999
333.763
129.145
259.458
41.173
50.772
161.206
175.907
317.955
46.641
123.018
106.175
269.263
74.462
96.862
212.721
234.696
234.694
97.821
69.419
79.004
183.667
277.696
98.422
227.983
157.143
48.333
188.904
89.218
35.872
29.572
193.708
60.887
18.087
85.492
86.639
16.346
76.419
14.002
82.741
85.825
75.254
61.22
143.98
109.486
183.686
315.037
396.858
89.878
62.733
43.447
50.486
222.155
65.732
114.85
41.644
61.428
107.637
300.942
106.843
45.754
19.302
148.924
123.113
98.323
96.294
271.357
105.806
185.395
173.645
49.656
296.828
107.858
126.692
330.164
41.554
48.764
110.065
163.767
217.35
198.406
83.037
127.209
137.955
95.786
40.495
92.512
84.712
38.887
106.015
117.34
37.662
322.263
136.762
116.285
146.966
40.879
137.927
28.655
25.484
528.531
78.541
139.312
65.3
86.024
134.414
32.819
79.752
166.963
38.494
82.325
108.725
116.002
224.626
179.683
59.329
61.986
235.703
79.393
63.159
348.008
205.847
149.659
90.459
124.664
247.139
75.3
34.728
334.525
82.588
57.517
91.638
212.52
64.534
135.32
65.575
361.393
208.049
185.624
134.303
174.225
36.386
99.706
61.4
96.453
113.905
141.244
72.376
140.898
54.208
135.07
270.25
108.689
59.183
154.195
218.983
23.174
60.266
280.093
164.085
90.751
416.344
64.158
118.368
141.678
35.895
31.979
42.366
135.259
29.975
113.881
264.826
34.875
100.568
193.052
46.88
56.755
37.976
133.413
89.688
215.507
122.765
61.819
58.174
120.843
273.381
239.15
68.447
88.667
91.111
69.334
213.026
154.337
94.053
24.88
116.899
68.445
69.407
186.416
94.955
29.626
138.911
122.255
93.325
84.11
77.546
117.945
35.637
263.057
329.408
24.424
110.512
67.446
66.469
266.183
153.471
82.89
73.838
24.377
58.971
115.354
116.301
73.903
169.875
125.05
125.05
230.361
35.216
173.693
73.174
25.065
130.094
68.152
123.529
55.275
100.474
373.51
102.542
23.431
119.598
120.044
38.599
86.344
71.048
83.885
180.818
226.637
291.79
82.974
65.85
151.202
103.051
121.721
122.383
423.998
89.585
186.795
79.35
682.877
95.097
202.083
27.853
270.151
86.07
41.389
137.409
194.853
49.78
191.162
38.633
319.848
46.232
740.384
200.359
181.747
51.461
96.834
350.575
51.103
213.468
70.73
113.272
94.06
41.964
336.364
71.817
62.38
102.947
93.214
71.24
102.844
96.033
161.289
22.584
126.878
38.87
75.105
240.824
92.849
87.358
428.379
78.263
75.303
128.085
24.503
63.411
60.929
204.021
143.964
59.269
106.835
231.679
142.896
93.375
61.592
21.815
149.196
134.405
191.268
69.833
107.03
71.433
98.447
214.711
72.906
139.677
98.35
355.243
89.516
157.004
24.874
88.43
103.619
80.625
269.565
93.19
300.819
22.498
103.671
61.905
127.401
1012.47
128.433
100.176
79.013
103.792
196.845
558.469
159.671
152.329
49.006
122.36
183.079
122.415
71.288
65.287
200.017
264.816
30.579
202.809
263.487
248.731
70.118
259.233
110.48
115.623
29.116
63.541
189.918
253.689
56.815
173.511
273.865
110.787
112.327
22.346
128.84
243.331
112.818
200.307
116.584
190.073
258.653
120.321
151.762
332.048
21.785
24.078
64.309
151.822
177.671
148.293
143.532
17.291
57.96
106.598
65.735
100.514
45.437
272.16
149.187
71.242
36.933
118.519
210.008
114.018
291.108
78.298
83.654
160.98
228.833
136.219
66.286
144.542
51.097
284.768
23.238
189.75
75.718
397.324
42.141
170.934
88.007
31.649
64.552
72.776
223.591
169.608
94.069
94.069
36.392
80.925
204.992
166.996
56.528
103.344
248.617
61.755
242.332
59.903
75.577
82.36
83.725
329.807
104.03
163.59
128.853
53.305
116.672
85.774
232.969
140.362
208.237
97.968
165.61
127.726
46.002
53.627
195.74
155.811
142.913
104.927
39.433
120.158
57.35
16.494
64.063
61.671
14.822
105.429
258.515
196.165
81.064
225.077
78.854
122.018
380.179
36.259
233.134
256.675
208.935
165.812
130.594
240.522
141.499
148.288
62.913
81.942
144.897
100.875
47.862
133.832
184.999
29.472
127.002
103.635
225.244
87.499
280.433
130.181
35.856
38.944
228.723
36.399
51.874
115.725
41.843
69.836
63.166
52.569
164.792
85.182
118.883
347.583
194.507
244.676
181.432
0
38.207
64.699
166.729
57.313
137.764
86.342
56.739
284.796
142.708
87.868
39.548
364.314
57.933
14.737
118.625
98.334
73.984
51.076
61.74
41.337
20.852
63.592
47.736
67.019
90.466
401.644
188.964
119.536
109.523
141.587
60.709
70.187
37.519
50.93
94.967
101.071
121.183
20.727
96.917
96.659
294.944
181.217
105.719
215.774
348.231
30.772
119.402
125.049
51.478
79.122
47.244
44.996
85.157
44.464
278.712
254.402
337.642
40.679
140.56
61.586
73.628
206.857
160.214
52.305
62.491
125.614
125.614
79.269
126.799
54.497
169.123
65.62
13.28
79.374
259.57
66.78
100.309
165.646
103.289
120.181
43.927
49.512
323.119
55.626
68.895
80.236
96.711
322.25
98.456
47.843
112.584
132.193
49.567
47.252
146.162
112.333
37.925
29.849
160.815
73.194
86.719
248.63
40.957
301.765
125.905
200.914
46.682
48.941
125.842
78.902
38.173
82.576
201.475
115.113
27.176
98.996
65.784
38.558
30.802
183.315
25.387
86.217
126.191
145.301
100.432
66.022
143.74
262.502
61.444
71.302
58.018
159.877
133.328
34.642
114.028
201.915
232.059
136.225
63.631
98.818
100.623
66.624
38.381
92.546
44.785
258.085
160.076
72.886
100.361
25.825
68.994
31.559
78.875
61.73
118.936
43.212
177.588
95.379
448.745
93.112
59.096
139.934
140.834
34.927
28.781
162.993
100.626
250.809
111.78
195.185
139.256
115.347
115.347
84.484
75.419
100.868
90.279
123.825
49.441
89.059
114.012
41.358
113.17
160.766
125.819
139.853
185.941
96.686
73.216
193.181
208.273
75.019
71.285
35.437
49.81
169.006
35.816
288.46
39.412
114.166
109.596
355.759
90.071
57.716
52.492
50.457
257.741
43.504
223.644
100.851
86.448
87.251
212.751
40.408
77.461
119.093
400.55
18.007
221.256
31.782
254.146
66.642
77.689
344.273
22.017
79.919
38.751
37.686
140.681
123.915
84.499
186.425
416.811
29.319
136.982
30.622
29.528
29.528
206.85
59.122
147.815
49.909
84.136
111.448
146.735
199.776
82.091
50.018
62.116
136.451
163.817
139.401
86.921
108.542
229.879
91.561
21.985
31.861
27.792
88.294
108.231
267.961
160.847
103.171
93.85
179.13
143.697
51.04
26.691
47.289
92.517
150.251
259.979
21.583
117.382
86.581
20.259
52.704
24.915
65.477
122.121
122.121
77.644
25.264
26.805
100.568
164.299
98.832
96.475
44.972
32.682
172.737
139.084
210.172
128.079
91.873
59.93
49.061
1002.71
70.063
24.166
175.352
55.856
200.446
31.213
70.918
203.138
170.425
98.874
137.409
530.907
58.932
104.236
93.856
51.941
119.824
201.859
248.07
131.771
145.629
199.932
16.916
245.001
67.566
22.433
179.515
192.724
52.975
60.97
163.316
55.822
43.642
214.169
88.623
148.442
199.295
39.592
52.956
128.587
144.044
78.895
72.026
118.835
77.938
125.742
130.767
78.04
88.674
123.087
103.116
69.639
118.518
126.441
25.837
100.422
221.198
160.181
17.809
129.773
206.618
126.753
61.593
112.703
203.113
161.086
177.567
28
203.529
68.717
182.273
54.827
136.062
146.73
261.478
20.736
51.021
349.894
73.538
203.724
79.106
67.112
169.688
94.289
101.44
80.134
46.57
159.582
211.702
76.428
91.614
82.128
53.305
16.371
49.67
290.681
29.032
113.769
347.963
78.2
46.177
128.907
198.199
305.003
464.723
93.501
142.107
31.433
38.118
27.884
41.479
41.479
152.773
110.528
198.226
60.035
64.372
80.155
88.622
42.761
81.227
24.389
98.985
98.985
286.703
86.876
64.009
180.241
52.167
257.916
109.979
50.236
68.66
128.63
131.115
51.757
163.033
54.259
28.128
36.114
37.002
220.011
42.563
218.91
56.094
281.247
76.166
51.407
97.719
128.037
295.136
54.965
97.567
63.458
27.97
165.153
44.166
172.91
172.91
62.14
170.705
113.803
88.95
108.01
94.853
37.809
48.738
224.694
64.149
57.31
75.78
75.78
33.619
119.631
84.409
57.758
70.075
40.258
227.542
63.607
36.391
293.428
121.891
90.925
28.622
175.639
191.458
46.897
46.892
132.407
105.74
213.253
94.202
81.13
143.651
121.698
61.429
78.918
43.751
139.914
232.923
155.201
242.031
24.566
58.724
73.034
45.224
137.551
158.315
369.458
42.622
47.685
71.062
255.865
200.021
151.24
219.982
202.358
121.793
234.806
62.073
65.592
67.297
87.946
80.559
27.931
272.335
166.015
208.523
143.374
46.526
41.312
361.931
68.794
150.671
52.999
20.953
39.217
92.2
86.363
95.879
47.886
159.058
53.296
147.264
39.583
95.512
51.19
240.888
56.893
193.843
73.184
73.768
38.945
32.504
475.6
144.346
315.263
267.691
85.534
125.107
68.314
107.69
34.773
136.979
37.062
30.616
63.005
83.558
114.943
79.737
50.02
32.846
191.653
53.436
244.282
47.732
82.275
90.244
41.38
116.613
56.955
438.266
212.991
325.414
62.323
229.946
50.029
50.87
39.602
135.213
132.611
138.378
72.416
34.117
38.286
146.068
108.58
180.969
294.362
108.652
112.86
84.113
47.739
74.166
83.27
207.437
110.125
57.377
148.379
39.154
86.623
246.036
36.577
102.842
44.173
44.173
54.41
89.712
108.099
108.531
105.216
44.564
151.971
59.288
201.144
117.363
93.539
38.432
396.106
26.251
67.924
91.408
54.098
82.043
73.055
20.536
108.111
88.449
65.455
204.765
20.165
230.204
32.652
73.456
100.253
34.615
118.865
231.553
105.688
65.569
141.57
61.641
46.47
178.91
37.757
108.613
189.505
245.832
58.316
148.193
30.313
51.168
44.98
94.501
35.165
92.398
80.97
49.463
155.553
122.694
75.168
59.157
162.046
111.174
45.768
111.171
279.166
417.379
167.588
28.654
83.288
119.193
81.341
47.246
97.872
52.286
225.055
83.818
85.634
77.963
209.639
35.744
41.394
52.272
78.288
60.999
49.846
37.734
221.643
207.2
48.07
78.394
101.366
54.598
291.231
64.083
207.56
33.719
141.074
160.58
210.498
59.228
170.354
44.04
138.448
40.712
94.867
114.353
67.985
99.187
129.468
176.943
30.618
154.187
89.154
78.853
30.627
98.212
78.717
132.8
27.815
47.581
56.497
90.584
86.98
66.314
155.479
82.531
37.993
34.528
722.832
116.191
39.775
54.391
70.763
54.51
16.942
30.109
85.55
108.63
134.445
161.512
151.102
161.027
56.492
205.167
131.128
81.509
163.097
67.316
58.22
150.825
43.843
87.054
126.504
41.944
70.93
134.324
90.946
266.413
170.604
154.792
359.873
114.639
95.065
50.192
152.042
52.507
208.066
34.697
202.827
319.726
80.487
256.915
47.507
89.114
90.26
91.48
45.03
65.374
237.229
47.861
408.552
58.389
32.363
57.121
53.498
134.873
27.71
80.344
120.661
62.609
180.858
67.125
54.42
148.874
47.105
71.624
244.836
113.042
49.492
144.066
61.319
602.332
220.838
199.645
143.846
119.021
126.281
106.628
164.236
144.731
143.419
49.04
123.257
92.669
160.786
320.272
129.038
65.6
107.513
55.744
357.885
306.227
236.989
362.92
37.096
56.566
86.909
202.333
47.805
26.867
75.359
36.628
238.974
49.383
95.049
216.851
168.704
69.942
63.531
183.787
454.647
145.221
84.451
30.121
170.792
70.319
64.207
114.275
47.647
35.386
136.975
76.029
117.797
24.296
117.612
121.88
204.831
577.258
71.266
62.244
107.706
107.706
12.918
72.662
70.999
36.022
300.047
75.926
56.441
119.544
168.009
62.691
131.06
37.711
112.464
86.831
107.827
85.993
57.966
104.365
152.954
36.815
286.14
84.483
46.663
410.205
105.907
49.98
216.132
135.718
193.58
459.889
47.205
40.044
49.285
111.483
401.53
271.12
21.587
32.17
88.796
75.512
33.866
144.834
114.346
76.099
50.244
277.92
162.747
134.86
97.703
140.198
150.091
271.095
25.489
31.917
88.186
149.918
23.379
58.66
97.709
81.828
66.769
175.3
83.353
92.302
303.301
65.647
65.647
133.513
119.097
241.486
234.462
206.532
18.347
146.161
149.946
125.893
82.986
175.403
52.398
32.37
123.431
85.015
99.348
300.143
70.383
170.371
107.005
110.88
109.217
226.727
97.333
236.504
110.184
20.68
169.842
88.762
77.884
17.829
100.371
45.558
313.895
208.806
389.447
33.339
148.924
97.454
156.037
179.062
71.612
160.54
86.955
174.324
89.066
114.866
114.866
69.292
167.852
321.534
121.87
97.128
19.664
19.664
30.056
26.817
144.06
240.824
251.988
88.741
109.254
169.461
118.883
115.201
44.87
154.116
214.012
50.999
123.976
178.981
138.65
101.452
91.751
55.176
98.972
58.661
94.603
98.781
172.535
82.106
75.134
292.814
51.711
99.752
129.896
141.764
162.729
75.23
17.139
73.06
91.365
312.063
25.68
46.943
57.952
91.929
85.055
360.615
55.531
60.98
149.471
26.162
203.648
107.929
266.029
24.581
50.116
70.377
196.921
316.943
16.884
171.902
195.966
59.779
95.268
177.214
198.509
79.238
272.131
42.127
262.577
89.034
35.59
125.519
26.822
39.575
129.469
47.219
48.973
31.291
90.924
18.102
135.204
77.019
517.139
103.34
134.864
51.673
239.999
689.845
86.18
289.404
31.929
25.388
282.507
885.486
90.431
21.291
254.782
258.827
99.194
46.459
29.692
59.212
163.28
91.631
86.327
46.366
157.668
29.098
112.971
51.929
152.212
24.489
128.279
194.781
146.188
79.941
182.107
340.228
159.302
23.564
25.42
92.788
529.867
139.118
138.218
141.728
33.982
71.298
53.691
172.378
22.177
198.364
80.584
460.407
80.625
174.397
28.762
212.835
252.011
48.456
132.126
252.089
19.5
147.958
195.163
77.883
34.712
206.065
189.016
150.467
92.359
474.696
33.634
79.827
100.029
46.203
127.866
75.738
50.407
433.025
41.857
131.597
282.722
34.358
123.779
123.396
131.322
75.032
106.113
47.92
187.87
109.833
193.065
41.602
125.755
53.021
89.465
174.43
103.389
62.949
159.495
382.096
68.984
42.25
77.772
110.808
61.799
131.34
82.096
114.362
238.417
24.571
244.505
114
173.099
20.138
39.818
59.547
67.398
33.089
127.78
445.526
176.523
94.301
731.523
154.345
55.01
44.559
62.565
133.242
270.721
271.136
178.517
45.025
46.444
142.714
121.642
34.041
112.207
205.19
46.684
136.13
41.879
60.567
270.421
193.411
89.892
154.139
85.881
152.129
89.328
140.4
363.988
34.93
158.938
167.474
90.043
167.816
86.009
66.34
105.276
216.01
110.39
329.302
105.797
192.955
128.463
90.223
75.519
775.744
118.587
163.036
25.6
157.694
157.694
71.879
141.128
77.757
14.98
43.411
195.803
202.965
54.04
56.739
109.557
106.657
62.703
98.972
128.319
168.801
106.886
19.04
98.1
14.769
147.672
65.71
82.619
149.876
61.417
135.761
73.12
40.053
56.261
101.161
201.708
79.023
50.62
103.088
112.276
85.732
71.965
74.945
52.944
106.823
100.233
309.498
34.726
106.91
65.522
180.298
111.3
65.63
315.837
65.533
110.363
41.536
57.837
36.315
41.129
226.102
53.091
237.906
226.145
29.644
91.328
46.771
135.843
238.526
32.694
125.963
291.122
145.019
149.022
82.709
130.797
338.179
38.25
64.002
25.352
141.701
370.087
15.647
44.794
84.944
69.543
248.326
121.068
154.63
93.176
72.184
131.946
179.987
292.122
52.407
130.784
99.009
208.041
55.923
146.098
38.158
142.49
127.203
238.987
85.453
62.758
227.575
17.961
111.312
70.304
136.67
46.559
69.08
47.474
284.032
21.747
76.641
144.382
32.248
112.325
412.647
167.439
231.859
54.543
62.943
186.744
289.352
39.758
124.486
121.202
211.683
277.511
158.901
189.775
46.825
170.103
116.474
71.739
87.567
80.898
125.683
116.244
19.311
181.035
102.041
45.142
169.23
85.901
175.699
110.817
94.588
334.07
84.941
90.532
141.481
85.059
249.519
67.168
64.251
228.043
145.297
34.686
143.74
77.761
84.605
224.495
57.808
34.512
41.038
148.125
40.308
122.677
285.074
131.972
30.69
58.156
53.801
229.552
53.875
19.136
86.073
142.777
76.896
115.819
209.495
168.075
52.632
155.133
186.783
41.624
114.46
108.405
164.617
43.236
291.834
87.181
71.168
272.924
226.463
141.61
81.529
225.807
61.418
75.849
243.989
261.227
23.131
269.669
81.58
72.711
124.186
82.647
358.726
291.195
31.73
38.268
129.768
82.952
37.702
307.993
200.066
54.635
98.257
31.158
151.35
125.333
61.389
57.305
69.448
57.78
82.037
89.225
65.242
112.097
143.692
59.025
121.959
78.942
373.037
13.784
152.855
110.22
48.615
124.973
60.473
131.351
112.556
83.894
91.047
132.879
80.375
195.522
32.483
80.686
91.945
65.725
61.381
279.807
166.724
77.421
134.057
407.989
110.496
254.755
44.021
190.816
148.571
66.91
198.092
100.711
118.612
43.067
67.825
227.947
144.247
209.374
37.951
108.024
160.438
84.089
326.812
143.025
30.314
142.639
172.637
76.561
214.019
84.014
101.702
139.286
332.979
30.616
123.483
73.505
73.588
42.37
345.176
21.443
171.206
53.453
90.037
46.297
55.211
116.879
52.905
133.182
155.88
41.309
41.196
230.8
31.226
157.174
75.622
157.968
259.38
75.932
76.865
271.213
43.196
84.812
112.97
87.491
139.038
317.582
85.438
63.713
63.654
149.234
214.745
103.457
33.731
133.504
272.358
102.544
180.85
99.678
33.432
99.599
74.886
125.496
65.973
192.964
66.759
145.274
85.209
148.582
34.587
206.194
67.743
158.647
175.074
90.283
80.748
619.484
261.859
227.426
33.859
90.817
68.031
68.031
60.894
45.61
60.262
44.927
86.559
58.008
298.087
105.759
259.249
160.749
366.386
164.423
104.204
157.83
92.175
178.487
34.782
86.175
113.861
254.92
107.084
16.809
38.167
163.39
69.383
105.729
409.209
144.863
107.24
66.684
154.155
41.617
76.699
157.784
19.186
66.965
36.66
89
53.043
463.025
330.76
377.075
123.727
315.477
709.957
109.778
196.899
213.775
76.322
261.377
44.462
214.709
140.336
103.137
159.512
101.645
259.212
39.438
127.027
400.74
103.578
70.763
200.918
210.708
53.38
107.006
75.886
77.745
295.647
83.997
91.744
87.176
93.396
64.394
14.047
39.233
72.791
82.849
98.044
118.866
27.515
30.552
94.453
138.559
82.743
49.854
320.258
85.92
46.235
57.141
48.761
19.688
129.601
48.376
285.648
98.513
307.287
172.102
144.178
411.796
83.631
103.755
151.939
85.537
41.512
109.299
198.301
33.776
53.234
80.002
397.692
66.109
119.888
50.892
85.718
189.365
145.568
88.91
175.305
63.828
88.747
26.158
71.754
53.982
221.142
88.741
132.386
31.227
133.453
124.315
32.82
96.013
168.72
82.328
115.114
71.73
182.61
166.293
65.333
43.513
764.051
54.204
81.414
59.905
127.71
115.179
163.597
210.995
114.631
156.897
26.075
170.411
60.815
66.493
167.642
88.413
88.599
240.124
121.178
156.083
89.388
290.932
62.058
56.406
93.212
202.671
251.24
55.124
46.125
118.706
46.392
140.589
242.406
52.267
135.491
44.046
144.081
71.151
116.742
75.071
55.013
175.893
64.149
137.415
21.507
216.469
64.205
65.374
153.57
103.427
108.989
120.478
44.978
296.367
55.949
100.927
87.293
194.118
49.398
482.111
115.082
93.795
241.986
221.277
169.092
62.517
37.876
153.936
342.992
124.568
94.318
60.565
177.962
137.618
129.202
42.413
51.431
217.892
198.193
114.694
237.626
31.978
125.727
74.872
275.109
95.159
99.149
95.865
52.086
54.12
62.083
274.119
178.803
146.927
157.185
335.435
98.255
122.05
114.697
112.13
238.798
95.429
184.837
99.125
307.626
25.865
248.772
280.507
23.256
100.055
119.469
182.177
126.733
193.41
171.27
68.352
72.437
103.777
102.769
109.507
36.43
123.861
33.01
100.698
199.692
61.374
105.938
136.722
65.965
268.788
59.807
35.907
79.364
39.999
64.751
47.454
464.948
83.879
78.476
55.094
139.037
114.867
125.317
76.594
60.344
82.188
16.598
132.336
234.284
254.474
72.428
173.835
40.551
15.164
243.985
45.964
121.318
60.479
278.116
299.252
62.567
122.253
22.966
25.365
138.591
60.025
60.558
53.999
98.126
183.922
86.629
57.944
119.138
13.037
128.234
165.678
201.019
325.926
153.605
213.46
30.978
60.912
31.109
72.426
243.636
91.091
98.251
97.155
67.002
80.878
71.625
45.604
155.136
81.104
18.852
76.848
113.093
103.88
217.426
105.031
36.249
135.007
117.466
129.814
108.047
164.721
124.646
33.579
35.968
126.185
79.167
49.722
29.048
71.665
95.064
208.361
146.662
38.656
93.342
140.221
202.807
55.517
113.647
95.69
221.377
47.669
15.291
83.738
119.369
29.974
111.375
314.885
88.198
203.049
162.355
36.039
105.21
123.397
74.393
220.231
24.089
107.824
140.049
111.537
130.153
115.973
56.107
48.083
353.657
277.29
76.286
73.796
85.015
173.83
122.959
32.99
51.98
49.244
281.435
43.595
59.107
81.299
265.081
80.626
93.35
32.142
141.728
79.015
158.387
201.422
178.583
143.686
62.829
38.542
224.515
89.865
68.935
256.741
84.356
402.148
276.716
197.137
117.497
107.343
172.234
201.993
207.722
51.745
130.624
209.482
249.581
94.77
41.028
268.178
331.344
15.281
305.305
72.866
42.678
60.108
56.922
86.026
173.173
37.983
447.799
110.559
31.129
54.785
104.128
127.441
360.679
9.506
29.749
72.479
83.896
38.323
121.534
75.907
103.371
235.876
157.452
89.877
41.159
362.278
85.576
89.671
222.529
68.717
60.797
252.654
26.04
66.316
107.172
116.366
125.66
89.811
100.278
90.663
285.566
60.007
94.372
120.389
69.178
106.183
82.161
55.712
83.832
17.784
43.488
143.724
281.686
75.113
35.669
37.467
80.333
102.745
62.658
197.223
275.509
92.378
298.307
38.323
95.676
71.953
49.16
115
280.077
170.551
52.39
109.238
305.377
109.56
59.224
220.436
112.539
53.853
49.379
126.511
104.048
160.714
70.483
99.176
56.343
140.186
99.692
201.486
187.204
119.256
76.477
140.78
126.668
320.291
307.811
84.595
101.864
74.175
69.39
70.699
188.161
76.168
11.771
196.211
88.36
94.207
87.633
101.83
200.176
80.344
75.282
248.695
198.91
183.691
180.502
211.475
144.741
96.972
64.217
91.847
38.59
148.571
53.198
105.948
144.759
251.697
131.604
292.279
116.274
82.703
84.852
181.603
98.365
239.112
93.735
58.714
104.049
92.288
208.055
131.771
25.305
150.759
46.614
166.689
286.075
108.099
112.396
126.408
83.899
71.908
217.46
77.796
313.378
116.272
37.522
163.308
20.819
134.331
183.564
129.492
106.376
153.472
64.784
47.44
111.296
38.235
256.418
171.286
105.498
62.621
238.183
236.419
152.437
107.75
68.081
62.091
105.705
63.536
40.842
103.178
82.073
82.073
129.595
309.051
147.622
53.407
117.313
212.603
416.654
126.594
50.415
60.441
103.854
57.085
86.789
128.716
93.228
178.067
43.26
123.592
72.808
25.858
57.316
180.65
71.852
75.271
136.361
300.913
75.751
42.658
88.561
229.184
140.465
34.714
49.037
66.595
681.134
206.048
347.981
141.013
140.976
33.458
131.366
133.931
67.18
124.979
63.068
17.186
32.971
61.458
85.476
98.52
98.52
53.926
108.977
339.765
67.242
193.863
27.133
99.301
316.974
94.509
26.918
288.548
40.5
19.206
272.772
148.173
50.045
76.625
177.96
105.719
77.968
466.589
198.228
49.667
190.241
74.356
294.395
54.971
77.893
80.63
108.838
257.509
279.312
263.703
91.928
135.008
20.818
61.177
164.999
41.724
67.075
71.636
104.107
77.606
100.629
212.265
134.064
123.835
53.281
83.078
133.244
78.025
228.654
192.61
89.155
34.771
67.197
121.631
666.023
125.964
42.24
402.559
41.437
113.704
97.303
122.224
222.945
54.405
36.734
802.654
88.613
56.309
118.429
169.608
163.925
84.577
58.367
53.316
56.166
24.321
230.654
72.037
45.291
129.363
278.254
176.758
176.758
113.043
28.603
64.297
225.699
138.143
108.717
185.692
66.392
19.765
243.921
957.583
87.204
202.919
42.747
136.135
112.854
245.251
23.614
149.203
61.181
205.173
344.381
180.279
139.19
65.381
78.009
155.573
246.325
81.311
166.402
35.366
81.465
270.491
31.586
24.496
181.195
82.865
24.628
231.663
19.489
41.762
37.699
93.66
123.4
207.015
155.554
21.791
162.208
188.068
88.616
73.538
144.997
89.532
52.984
112.155
121.64
125.922
125.922
160.33
47.133
70.743
159.097
45.682
75.813
82.659
23.625
222.6
221.166
55.6
209.261
24.872
306.879
47.801
65.227
14.068
161.56
109.855
49.54
136.514
100.186
77.749
455.857
51.399
193.932
128.034
182.489
134.65
365.993
138.68
41.696
222.322
100.883
18.216
612.643
179.695
143.637
49.743
67.208
80.472
108.693
57.501
237.075
234.613
92.403
184.371
250.209
84.696
16.307
47.195
109.411
86.2
244.784
86.762
29.93
121.723
141.701
249.425
184.251
103.989
134.816
134.816
118.564
51.397
138.217
79.648
104.887
124.155
131.964
224.94
46.04
42.39
17.334
126.517
186.459
32.405
171.812
332.583
303.417
228.567
80.601
235.68
125.914
97.168
44.985
90.574
122.557
197.317
70.959
134.124
157.353
183.505
78.213
58.483
45.734
127.149
156.696
36.399
196.026
141.716
121.163
66.475
35.198
137.586
276.721
