84.07
67.512
84.454
456.335
71.055
348.954
23.539
247.587
36.758
169.246
122.171
281.545
118.111
118.111
131.803
267.695
104.365
131.398
429.781
197.958
133.588
232.89
149.199
132.405
56.812
53.32
56.103
320.604
248.568
217.165
216.961
280.283
128.657
124.634
125.43
129.719
114.291
280.447
303.55
194.523
138.273
235.465
365.417
127.393
449.378
31.608
307.276
363.105
327.188
577.388
229.482
79.234
132.608
135.36
256.474
204.517
152.787
31.383
86.294
204.476
270.03
451.055
121.058
41.198
344.85
94.663
0.698
209.061
122.917
220.24
89.139
38.79
31.848
197.962
85.154
306.945
305.751
206.554
62.102
63.558
212.763
118.124
95.087
419.737
22.288
156.352
20.031
520.944
328.776
36.837
32.919
41.23
284.434
55.432
47.606
70.596
43.95
104.144
421.403
131.394
173.598
348.456
264.934
273.28
460.785
352.666
152.454
329.363
123.733
45.251
94.143
166.727
157.942
228.882
217.717
521.873
130.618
153.659
550.645
388.235
102.366
429.201
35.688
238.414
259.283
214.86
459.631
205.949
63.959
236.951
276.595
192.42
235.827
106.191
67.658
121.194
96.558
178.995
78.641
207.373
110.611
201.041
164.602
39.333
238.61
226.325
109.357
68.391
370.684
284.922
119.907
170.122
58.844
93.386
50.842
36.22
110.275
524.818
299.346
94.034
63.189
32.202
294.879
167.29
189.731
39.979
78.26
40.952
130.26
77.718
247.288
50.024
245.737
242.522
62.441
54.472
71.701
104.826
44.905
112.527
270.112
30.82
400.263
804.808
124.847
91.531
117.846
137.95
198.089
77.9
206.458
231.696
52.204
309.923
462.819
127.375
82.921
511.136
103.143
15.61
424.954
249.222
106.786
71.768
70.111
245.586
210.082
46.282
64.62
54.128
28.782
504.207
390.076
150.608
197.693
209.993
410.854
202.378
364.499
120.66
109.091
580.969
160.34
111.427
241.435
156.438
235.03
349.147
59.505
55.525
162.23
121.02
64.33
132.374
115.683
84.451
157.621
161.505
37.418
381.209
287.482
118.401
211.834
129.761
181.31
30.435
234.481
198.672
39.205
75.079
130.388
223.028
203.427
223.134
353.589
66.601
426.868
179.936
53.479
72.928
145.919
45.695
234.871
377.422
32.12
248.31
407.683
131.757
316.24
94.556
111.006
310.686
154.08
28.294
69.906
127.682
54.513
103.673
74.025
207.014
177.955
56.026
103.146
237.199
14.262
59.833
70.049
157.139
370.724
14.351
63.782
162.052
100.982
488.882
122.85
113.338
117.154
104.219
119.944
99.716
197.941
469.766
95.485
65.351
133.483
152.454
101.414
260.893
102.549
135.989
838.101
72.439
66.564
173.744
55.977
154.461
297.828
171.411
200.305
63.097
214.535
246.536
179.009
206.539
233.462
307.598
382.917
211.179
285.924
126.171
96.677
154.11
66.233
73.864
119.815
65.056
357.432
168.772
155.627
190.071
131.07
42.196
59.351
244.161
50.443
23.975
146.086
559.53
173.675
163.291
93.917
84.233
512.914
326.185
37.301
365.533
221.015
161.532
129.805
246.756
185.696
162.127
59.395
136.595
397.858
28.618
44.089
67.922
109.037
433.913
127.203
108.769
102.978
126.421
126.421
502.433
261.559
67.417
9.789
493.78
112.834
45.723
57.84
63.05
69.529
295.031
36.775
85.17
52.287
289.883
353.001
315.169
136.958
34.315
101.779
299.763
195.595
16.146
34.409
140.857
76.445
76.445
167.429
303.301
431.009
132.622
577.768
29.41
342.314
134.539
495.365
47.335
62.631
119.501
84.885
21.679
243.914
243.914
129.895
85.055
129.401
33.228
222.963
177.135
374.789
469.156
108.198
13.255
166.568
73.133
31.481
50.134
55.372
137.536
111.492
83.393
222.81
42.975
58.214
35.498
250.258
58.593
119.196
117.901
176.906
153.87
169.66
75.525
154.417
217.119
257.81
108.052
264.996
65.597
36
44.611
44.723
243.806
105.242
112.503
475.967
54.688
149.003
41.173
261.621
18.549
91.67
294.904
48.452
231.556
53.707
122.237
40.388
145.497
193.407
104.237
454.803
142.445
242.615
331.719
23.529
189.365
224.151
252.664
275.599
84.911
133.51
76.171
90.162
191.583
803.097
193.278
197.433
135.096
118.596
155.196
495.98
34.934
34.934
177.8
36.122
178.29
429.926
269.245
35.507
467.735
53.13
137.457
223.093
288.796
230.29
68.927
128.551
224.974
13.791
168.676
219.867
283.52
36.402
56.475
586.206
165.674
93.195
68.31
140.845
376.096
164.99
203.746
228.841
305.918
594.749
84.883
652.108
178.14
254.228
89.955
109.748
182.581
75.695
609.51
122.881
90.248
61.583
212.497
20.186
317.573
38.951
34.483
496.231
152.869
152.798
81.359
338.46
232.881
70.767
127.287
197.184
116.95
11.461
296.341
88.609
260.97
63.353
95.311
101.899
14.231
398.464
156.614
173.88
60.069
23.061
53.168
98.811
144.87
401.391
94.517
120.139
340.177
167.792
306.495
151.031
197.066
34.726
201.9
419.723
121.41
117.925
35.752
169.838
39.869
346.06
860.191
90.171
50.474
208.333
206.798
28.659
166.671
61.467
114.637
243.511
42.126
20.884
44.307
153.224
74.992
185.901
293.497
209.657
86.466
95.117
348.709
129.362
397.863
125.887
156.323
440.61
141.677
105.823
110.607
228.662
188.443
82.44
209.396
301.8
79.778
58.094
589.15
112.907
44.235
83.692
215.136
83.993
191.304
511.539
113.488
112.416
98.802
37.188
102.446
84.532
564.453
120.192
229.082
672.274
102.966
150.968
355.826
211.748
50.897
53.995
86.614
656.814
33.122
906.612
164.248
271.231
56.302
116.389
61.854
36.469
27.749
116.607
134.162
285.105
144.085
282.057
339.936
262.502
170.786
110.768
238.443
311.395
111.25
64.243
272.892
123.372
89.073
158.951
108.349
396.948
107.358
46.438
411.747
224.546
503.621
314.281
224.126
64.123
116.715
150.69
70.258
327.941
570.813
57.996
29.271
313.588
258.612
126.542
40.011
179.794
199.809
57.221
244.474
118.347
93.549
174.6
80.767
104.866
53.369
147.456
32.521
180.219
310.151
112.743
135.972
154.482
82.426
59.102
218.073
351.262
369.778
376.1
197.048
173.386
24.426
43.829
29.94
127.203
57.297
155.606
158.405
274.78
355.17
103.084
240.371
99.702
99.702
36.303
158.053
273.109
94.249
911.999
146.023
43.591
101.46
117.147
317.916
111.062
72.847
32.264
250.847
318.429
204.506
63.989
277.928
54.086
26.717
91.748
35.663
34.965
74.885
186.004
231.362
304.492
82.133
82.133
100.961
143.527
42.454
211.4
101.931
241.954
52.036
136.367
228.101
54.439
495.904
102.606
77.576
505.017
443.163
210.41
47.547
846.247
34.338
626.137
249.36
53.297
31.456
252.961
33.24
288.797
75.478
34.829
202.396
66.629
78.506
172.733
50.64
161.483
90.253
250.452
430.403
64.556
94.349
307.18
281.746
89.238
168.88
302.29
143.32
88.314
176.418
259.001
29.082
161.081
223.447
21.655
43.613
152.965
85.757
67.689
129.904
304.031
261.515
86.542
1.356
309.513
66.523
96.176
95.91
454.244
75.946
42.302
534.191
21.218
30.65
71.113
87.844
48.472
57.998
46.972
57.836
37.599
511.294
78.508
28.045
114.641
185.701
350.829
24.319
106.691
360.819
57.797
342.396
15.996
195.869
103.871
20.621
151.318
163.018
55.928
121.261
209.077
116.42
181.567
302.23
70.177
153.247
87.219
178.501
16.423
52.507
109.997
373.679
150.618
213.484
279.383
212.975
319.716
88.544
94.153
100.605
48.193
23.331
233.289
309.333
36.219
396.547
50.926
339.215
413.062
111.886
201.038
143.777
161.168
31.491
43.984
179.204
312.612
377.382
74.856
259.11
374.836
150.497
82.387
95.064
52.039
88.035
125.232
499.793
95.953
131.236
78.173
162.683
84.409
54.638
84.963
212.629
425.571
58.213
419.901
81.49
65.596
101.34
54.006
39.034
171.812
245.953
271.425
157.996
24.151
230.386
657.974
250.624
84.715
174.478
281.317
175.624
38.1
127.095
25.418
466.221
360.267
89.585
58.299
103.975
85.555
48.764
81.921
203.887
6.214
161.385
167.272
262.422
57.55
207.481
732.972
332.064
59.516
108.934
180.425
283.035
485.6
134.497
110.739
149.041
346.292
106.531
53.59
29.084
59.795
87.754
168.982
398.022
80.726
238.309
50.13
152.444
270.866
52.19
23.782
182.863
193.86
133.376
55.912
88.588
45.96
106
112.814
605.039
235.003
232.231
41.18
79.898
381.055
357.009
50.033
141.97
172.451
549.289
38.303
97.771
191.333
163.444
43.14
560.895
40.278
465.156
597.406
197.637
281.87
43.926
77.817
252.55
252.894
84.842
361.879
383.182
65.44
64.88
56.002
94.237
304.211
56.406
98.878
224.972
107.03
197.838
67.136
145.004
357.53
268.145
134.324
82.844
89.46
405.261
56.684
40.768
142.486
132.627
67.019
336.356
72.855
120.825
599.818
68.909
161.433
396.751
235.337
147.225
430.561
71.238
55.464
238.413
150.251
15.755
205.695
108.984
530.218
72.331
24.558
131.768
83.664
83.664
605.749
121.773
279.193
484.733
64.326
142.838
514.116
200.305
228.024
314.146
263.064
300.071
251.705
19.497
81.858
78.763
86.713
444.93
186.902
271.421
105.087
320.176
232.126
173.241
284.471
177.97
441.393
334.59
137.161
84.089
64.952
128.155
136.419
177.334
144.706
665.004
262.204
235.122
137.108
119.163
173.091
217.866
14.887
259.295
64.952
168.251
311.249
67.575
87.944
94.607
73.556
161.535
23.142
186.553
109.465
21.377
280.03
259.756
263.533
168.567
92.545
227.424
609.713
139.628
53.642
221.327
124.295
388.903
161.629
118.247
92.49
67.408
145.266
216.186
62.597
213.636
147.233
221.777
118.953
337.325
160.607
43.927
112.456
94.721
74.684
464.167
79.554
102.32
161.863
80.539
77.84
190.987
38.453
68.138
339.243
276.808
244.263
182.282
33.066
243.997
57.66
306.168
27.224
29.573
110.793
126.068
347.241
8.68
247.96
139.145
322.933
156.035
39.483
138.046
254.811
86.329
289.825
36.88
81.304
20.761
229.394
126.669
48.085
158.039
24.383
127.206
161.241
150.66
175.39
101.455
459.905
100.366
32.526
37.388
114.191
141.949
171.902
50.65
171.184
28.606
30.957
163.044
78.761
176.252
209.905
72.433
145.721
159.92
225.912
47.504
52.903
182.371
98.526
50.741
38.944
293.575
131.068
51.854
93.763
131.362
31.045
121.722
155.42
107.927
213.1
139.577
108.244
15.874
221.588
89.873
105.043
87.979
85.926
97.337
144.348
37.662
23.831
88.217
36.87
365.084
32.284
87.861
38.335
136.424
31.4
63.233
74.64
74.64
28.703
27.503
212.235
32.875
157.389
406.845
42.062
77.704
114.916
174.437
54.266
78.344
249.369
166.518
154.079
139.693
334.484
196.727
71.234
35.065
13.512
49.679
89.961
123.167
89.936
180.627
96.013
78.788
75.205
175.277
366.384
143.676
91.678
255.804
74.026
74.026
175.196
165.208
51.9
120.286
90.714
113.623
166.695
163.35
180.826
50.194
161.557
43.289
289.338
35.767
206.748
330.342
250.668
113.827
107.972
239.853
54.921
141.361
155.753
67.594
67.416
42.31
398.351
137.778
44.329
114.847
33.635
69.563
182.408
0
63.114
145.053
66.002
80.465
91.544
166.225
276.51
116.603
187.209
101.299
213.1
461.143
7.099
13.246
24.308
114.949
61.533
209.518
241.405
123.696
48.31
287.618
42.816
116.542
236.292
293.225
94.659
119.512
215.023
417.033
121.395
112.986
138.902
159.507
148.018
157.444
146.252
34.281
149.304
49.539
285.634
58.303
130.682
495.076
35.482
65.849
96.536
69.867
93.289
251.683
54.343
110.835
68.267
98.18
90.836
97.847
138.712
20.829
59.455
25.879
113.824
296.39
549.404
106.147
34.9
132.685
211.562
66.835
236.457
30.542
108.99
44.421
57.619
75.51
114.754
242.809
64.753
185.322
80.406
154.322
73.052
20.063
61.374
58.499
63.991
157.988
257.863
56.434
89.862
25.119
31.876
88.602
69.086
71.592
158.745
82.444
169.259
16.308
474.359
87.424
130.622
57.775
124.026
71.205
119.428
46.587
29.427
332.325
31.797
138.144
54.662
36.414
27.863
46.222
119.093
49.305
181.095
54.675
277.563
304.18
242.749
65.194
162.137
78.044
67.382
123.312
65.165
73.126
256.192
92.127
43.026
121.881
151.002
109.742
128.048
296.133
136.954
42.642
161.434
144.536
196.811
240.941
139.04
272.768
32.893
45.212
202.689
103.811
116.193
182.077
150.608
161.807
187.995
87.846
473.359
288.401
104.936
94.434
86.874
28.792
25.357
203.168
41.207
26.172
15.123
35.175
248.363
131.332
33.145
51.391
295.747
379.496
108.856
251.17
124.247
113.388
38.088
73.692
216.27
413.029
262.609
73.049
218.477
36.06
46.128
95.932
65.317
93.448
135.811
129.203
89.29
40.483
345.982
64.723
95.002
60.43
71.034
128.572
62.359
135.285
35.639
130.445
313.833
58.758
212.657
18.503
549.68
36.174
16.679
86.6
102.13
30.556
190.617
73.885
65.496
29.031
76.802
110.575
291.733
64.385
85.432
152.609
50.456
34.768
75.04
78.991
87.547
107.43
43.353
409.069
51.59
66.502
98.102
49.516
129.673
181.402
56.347
95.539
119.139
127.803
40.189
37.427
98.534
292.2
76.306
143.213
36.464
12.884
74.622
151.185
57.954
118.463
107.263
34.315
59.999
96.875
63.12
61.154
80.27
16.781
72.753
341.866
565.236
182.01
38.332
138.034
99.819
66.928
50.037
168.156
66.954
78.271
182.009
433.879
419.904
11.403
46.27
69.626
92.431
297.394
312.376
295.095
86.255
56.508
104.66
40.104
64.998
209.624
44.052
36.587
144.31
78.499
48.342
23.517
56.272
242.73
182.544
302.257
155.28
81.813
83.411
153.904
31.87
71.718
51.933
151.271
40.858
146.489
107.043
108.852
97.961
130.888
199.173
221.189
23.717
347.294
57.157
501.233
45.985
60.039
64.987
155.697
247.2
29.374
62.541
264.328
120.85
359.935
35.374
122.47
173.505
109.416
135.408
68.308
95
154.165
190.287
54.348
59.161
85.846
28.819
82.84
68.908
81.004
59.343
245.58
176.993
157.133
25.441
85.35
233.861
36.162
36.162
250.428
56.63
270.601
165.276
70.281
70.82
118.97
35.728
128.623
182.985
111.445
34.776
73.486
140.462
518.686
31.683
231.284
78.895
252.097
73.803
56.708
24.038
67.345
300.109
148.112
21.701
36.524
30.967
50.222
62.052
332.135
79.745
67.05
75.162
60.05
27.169
66.667
42.448
94.696
36.228
53.055
159.267
166.516
40.645
203.835
90.187
423.134
97.561
557.827
385.203
34.982
51.413
31.772
122.649
120.344
361.441
67.328
164.784
186.318
408.928
150.407
598.56
196.644
52.559
93.892
208.673
33.216
51.069
153.02
108.848
108.733
102.245
33.477
99.388
41.805
62.063
182.108
41.155
129.715
125.498
82.301
98.276
74.286
37.89
53.429
74.384
80.153
57.382
99.124
59.804
175.966
23.435
151.35
157.402
121.595
109.825
89.089
214.934
84.98
105.132
26.888
141.315
140.875
178.765
198.353
59.261
137.344
96.781
21.527
100.044
41.108
160.349
99.312
59.738
34.401
86.959
165.654
95.386
108.236
52.893
119.434
218.173
91.501
287.636
97.759
121.146
143.869
394.783
182.055
212.646
85.543
84.036
150.757
34.073
115.279
203.585
149.906
124.811
39.067
76.028
100.591
31.539
166.987
122.436
109.457
40.703
62.948
17.206
108.819
342.226
173.359
144.887
193.073
39.892
143.691
210.049
102.509
88.477
156.78
75.675
64.987
126.971
122.414
91.288
140.2
23.774
32.002
15.46
140.743
29.685
498.758
288.07
57.889
40.852
70.036
210.405
96.88
80.947
42.797
74.873
312.497
323.95
46.714
79.557
111.248
12.356
156.579
77.915
27.036
98.174
188.111
284.951
118.641
78.373
153.074
166.459
170.913
123.571
35.902
128.246
49.414
54.413
169.718
60.736
152.536
60.016
102.805
49.459
128.46
94.638
99.84
63.672
78.272
56.434
298.682
37.804
58.149
93.87
100.381
75.336
33.312
145.583
96.817
23.827
63.799
204.251
125.147
205.981
31.7
314.58
10.95
133.286
69.919
67.525
235.844
125.424
53.982
58.411
178.589
96.687
164.375
112.229
231.817
469.753
65.333
151.386
54.94
321.433
63.383
94.864
78.512
266.141
167.137
42.645
91.13
99.053
69.634
46.715
76.928
345.183
115.02
221.318
117.002
104.422
210.941
64.733
282.005
246.609
29.361
29.561
117.447
42.177
31.543
34.634
36.483
314.744
34.403
36.08
172.778
78.563
61.567
159.592
60.783
9.38
95.708
74.174
568.18
61.961
117.218
262.216
54.69
235.035
62.775
328.666
47.274
165.058
89.761
89.761
240.82
41.161
40.587
32.8
65.514
124.352
554.81
157.956
74.073
139.659
80.081
178.69
129.599
215.266
156.979
68.759
42.484
114.762
215.998
329.566
66.324
83.491
74.933
42.492
34.375
83.745
55.78
43.523
40.191
123.681
123.953
1007.83
126.331
196.931
238.191
175.974
19.128
54.41
64.344
74.28
409.125
191.952
350.963
101.047
38.86
36.067
127.416
90.931
20.12
150.455
543.2
109.369
20.621
36.948
52.662
139.901
57.22
149.151
74.462
56.147
113.878
50.952
193.905
110.418
72.011
70.84
621.306
135.147
233.607
98.854
54.501
19.888
174.085
180.957
300.846
58.793
94.307
61.098
13.897
312.342
270.081
332.657
219.575
105.998
125.749
50.675
67.518
224.371
45.55
216.473
160.501
50.199
85.503
112.32
110.245
130.013
107.263
77.144
154.372
57.775
364.059
15.041
119.572
119.375
124.355
66.088
907.754
136.431
147.052
69.37
242.509
121.894
31.566
189.301
80.291
349.528
202.95
108.181
69.224
201.17
58.399
104.328
46.101
62.081
80.481
220.335
120.781
67.894
53.669
75.561
64.467
277.441
185.666
74.05
68.279
149.968
91.963
107.867
42.669
118.154
267.851
35.444
224.92
55.624
16.76
83.814
174.114
144.144
65.469
154.506
360.278
72.371
581.189
136.056
48.167
202.549
32.666
111.763
184.007
180.185
89.196
127.132
11.228
252.919
65.892
43.092
53.97
76.639
122.907
17.43
101.577
40.382
235.182
22.016
135.863
19.094
127.313
58.626
144.118
62.806
45.907
236.103
141.011
79.093
210.031
136.144
25.165
156.46
80.996
143.753
77.769
119.557
296.614
265.616
90.947
360.489
171.335
78.317
28.408
110.704
57.125
213.516
23.171
148.193
50.545
113.198
63.11
77.23
87.153
90.918
172.01
157.894
24.367
55.702
79.186
40.57
36.414
275.097
76.031
27.133
133.561
68.541
287.028
87.461
187.808
171.293
179.959
46.489
76.474
34.317
202.483
27.908
196.942
184.723
81.073
32.992
83.687
80.895
220.434
169.425
38.388
20.022
71.632
65.167
53.251
85.811
46.581
146.319
201.058
160.754
100.614
586.351
42.232
122.633
389.418
29.482
89.64
71.413
429.088
77.226
55.088
81.507
58.475
112.246
30.425
99.054
329.192
208.428
589.482
20.926
64.516
22.039
34.145
188.577
40.92
182.026
110.149
144.63
47.917
151.694
93.108
116.643
120.614
226.967
106.3
313.309
220.256
138.336
126.577
64.806
104.128
41.905
90.625
141.761
28.584
122.806
27.342
73.804
119.4
151.477
110.311
78.945
115.15
266.07
155.079
77.492
103.571
137.625
80.361
107.532
117.947
212.59
86.13
97.372
58.946
95.298
74.094
120.413
142.892
135.724
165.566
50.95
127.254
22.822
214.365
170.718
149.531
55.764
54.725
522.222
86.554
69.667
149.502
83.041
227.434
138.738
551.247
65.306
126.252
32.351
263.282
46.89
98.299
44.929
62.938
280.404
39.252
229.582
109.622
188.673
246.162
198.915
51.542
31.643
124.463
110.848
33.555
200.968
129
161.425
48.773
242.805
112.272
163.64
130.704
113.33
190.006
67.468
356.047
73.184
102.385
165.512
168.09
39.391
44.048
581.162
218.597
143.442
193.392
42.171
25.561
84.532
132.783
125.163
74.522
44.059
35.661
29.47
49.453
365.039
40.775
54.602
123.655
261.244
91.78
16.977
296.886
46.418
63.312
299.993
45.236
293.868
48.458
51.437
46.092
26.822
66.668
93.07
88.418
708.063
73.448
69.129
133.076
91.839
170.545
45.662
36.381
219.162
354.393
54.031
25.622
226.262
159.854
93.107
113.391
59.015
252.383
58.998
33.741
193.094
107.934
48.846
92.365
557.512
95.896
251.262
29.543
101.736
37.558
46.245
33.826
397.591
102.402
21.22
110.696
59.876
58.854
137.656
252.175
32.678
38.844
38.183
52.506
84.847
181.968
77.715
80.846
77.608
161.797
187.371
89.797
35.948
195.321
264.188
125.17
206.646
82.4
74.872
60.377
61.846
146.619
209.447
62.231
177.549
45.162
379.135
24.124
140.469
92.817
75.652
553.79
48.968
144.787
101.702
80.203
138.444
45.275
126.962
118.669
41.35
225.637
53.813
139.635
95.019
48.092
191.293
54.561
66.695
44.817
532.875
48.393
129.582
136.443
68.841
113.314
40.793
105.1
131.403
334.312
98.064
176.089
92.205
111.63
69.909
166.189
283.479
32.439
123.1
14.231
67.8
62.592
131.474
41.734
59.323
112.208
136.939
311.765
107.694
29.261
130.529
73.667
106.092
164.046
95.197
200.618
60.476
14.504
28.797
201.195
267.719
93.868
41.917
115.749
157.604
283.848
47.041
46.661
143.748
266.241
331.32
71.932
158.55
83.615
37.746
591.742
110.592
56.12
99.157
25.174
133.444
270.598
45.747
118.466
79.263
101.854
101.854
256.521
110.954
928.511
102.297
36.587
130.29
64.26
222.017
127.138
143.107
687.128
275.847
62.435
58.636
144.004
123.573
100.971
79.433
205.864
86.612
94.448
199.222
141.889
74.61
53.041
134.859
68.491
18.643
61.399
270.256
149.089
89.276
88.911
393.274
168.752
163.463
448.51
173.02
11.7
152.851
321.273
150.204
170.155
137.495
21.629
72.254
67.131
46.198
204.82
315.887
153.893
190.254
70.213
60.778
305.522
50.251
142.335
145.146
93.783
489.445
103.472
237.01
76.659
93.64
71.156
175.796
11.154
34.361
112.824
151.183
80.307
220.432
487.328
67.869
50.995
61.519
63.375
91.157
137.009
480.431
158.927
58.892
109.218
95.422
316.778
273.944
273.375
42.749
47.854
28.683
73.955
32.284
165.274
41.14
25.404
54.097
152.726
127.737
164.285
257.936
134.803
36.506
113.183
26.893
20.923
26.1
22.956
56.35
480.867
143.129
74.9
121.326
63.71
58.44
146.868
50.188
81.178
46.131
269.148
91.647
61.972
148.377
71.707
97.991
58.113
55.875
129.653
261.34
31.564
44.19
151.961
529.667
257.288
138.484
131.18
68.233
81.304
47.979
138.514
277.284
86.414
110.093
175.438
94.042
57.06
272.868
250.497
119.919
101.69
32.872
167.998
66.835
85.57
14.793
82.782
35.37
152.482
344.343
135.368
244.648
141.952
153.807
214.307
51.854
49.041
148.482
361.963
54.347
129.943
36.669
118.211
122.296
93.194
28.121
101.19
249.795
45.428
118.436
104.029
154.744
226.413
61.927
46.167
71.815
110.389
19.307
34.216
30.187
74.691
240.393
359.824
50.982
112.985
62.666
237.456
15.593
90.475
26.746
25.909
172.413
165.17
284.941
61.145
150.735
20.147
45.954
103.621
79.141
155.485
41.926
195.669
55.25
120.285
196.406
52.017
194.388
203.298
60.485
36.037
79.013
116.24
269.312
282.286
39.914
154.65
58.071
444.07
209.332
70.509
163.229
52.711
52.711
180.958
59.204
103.836
104.75
208.444
131.167
42.685
202.887
138.288
189.063
56.499
71.2
30.919
30.422
119.608
109.109
23.423
73.828
109.349
507.175
34.231
253.864
279.908
166.65
177.697
214.643
17.759
25.412
128.867
65.692
240.763
62.422
396.953
191.601
172.072
30.921
58.14
183.018
45.106
224.592
91.648
602.013
123.807
377.381
116.997
38.539
119.847
21.362
91.828
69.366
195.444
179.215
59.285
122.181
285.701
49.247
51.061
36.211
68.4
170.749
48.902
46.538
242.431
123.523
94.703
16.192
76.555
44.143
57.2
119.984
178.684
120.083
89.209
73.761
78.228
232.239
190.398
108.915
126.823
60
46.839
276.805
67.793
654.052
270.758
560.294
161.636
244.805
193.342
157.327
93.868
68.228
30.347
146.154
75.947
53.995
58.276
91.761
35.64
123.714
123.714
567.329
136.546
166.073
73.122
157.982
454.792
89.028
136.223
27.461
170.405
70.21
59.659
168.077
260.292
159.565
155.573
307.586
336.645
49.076
19.51
160.239
156.11
263.076
56.89
662.879
422.878
51.556
53.524
94.961
161.384
129.727
141.875
279.877
51.674
291.085
58.073
61.439
47.127
87.859
75.312
65.327
72.023
251.93
52.066
373.423
31.434
32.386
108.157
35.993
119.014
36.439
97.58
58.286
286.981
180.765
20.571
187.074
251.906
44.01
119.584
93.437
78.664
194.74
320.595
104.434
114.621
151.663
298.754
106.385
366.918
129.214
317.808
257.8
126.49
208.824
114.324
29.262
41.269
79.981
74.104
45.398
103.088
34.478
69.275
110.233
49.718
53.032
13.545
79.945
71.683
62.813
163.662
146.389
56.728
95.26
58.205
380.142
71.982
94.227
14.573
19.061
166.497
50.223
161.664
419.183
96.71
32.471
72.015
117.181
311.369
104.705
69.105
119.788
76.693
56.413
32.186
146.818
75.722
468.772
50.551
134.94
98.854
48.588
161.139
36.68
47.778
157.125
94.421
127.499
65.186
792.636
67.869
58.449
210.855
108.198
60.668
100.454
399.694
76.124
109.939
231.732
99.022
146.889
33.635
266.993
203.557
45.023
75.468
194.094
210.914
131.345
21.3
62.155
33.591
150.11
248.208
198.891
186.021
87.742
50.841
39.805
96.502
16.044
347.464
493.498
121.165
273.436
46.964
63.481
156.962
208.573
128.82
105.587
250.397
162.227
83.522
71.328
137.351
35.35
94.437
147.729
58.572
123.949
62.01
175.631
102.2
141.154
208.093
153.552
77.595
76.257
25.683
23.895
74.028
33.726
149.065
347.647
78.707
113.171
20.697
62.211
221.646
234.915
121.868
63.769
194.11
78.051
91.524
172.8
126.988
79.238
31.383
768.007
65.699
133.131
41.045
186.667
119.065
104.43
48.053
28.812
68.244
546.818
113.088
88.19
430.771
194.087
67.941
287.525
266.511
137.57
22.429
20.47
56.412
58.534
365.281
51.828
71.531
210.969
91.94
106.95
108.227
88.465
264.874
103.559
157.388
167.583
62.679
239.358
60.056
4.599
24.929
68.401
72.397
130.436
56.962
419.188
108.907
42.349
116.452
51.408
42.698
72.324
134.025
36.517
225.55
42.461
39.957
309.76
74.952
220.719
221.996
351.756
75.697
159.58
76.043
37.516
192.691
331.812
63.824
90.107
285.323
84.88
106.347
74.387
402.466
120.922
48.045
128.676
64.784
135.422
72.816
35.174
42.915
284.836
73.256
173.445
113.76
35.636
95.457
86.089
94.857
118.323
210.692
80.324
221.522
115.129
59.866
110.619
259.232
62.13
61.43
183.506
164.186
41.982
70.641
115.836
115.836
208.911
18.473
36.86
153.904
57.019
180.527
64.856
41.289
92.747
208.938
509.436
90.431
31.585
55.863
183.087
77.728
86.037
114.095
166.466
134.596
451.982
153.366
69.77
213.461
161.891
63.906
162.708
71.241
174.323
23.594
62.092
67.327
49.443
122.186
50.926
124.025
562.208
244.985
81.301
216.452
189.296
488.019
22.453
179.426
11.734
83.061
107.402
176.46
40.807
171.245
93.466
24.175
65.537
118.508
131.5
39.546
95.598
120.46
21.558
89.376
162.637
120.567
69.209
255.192
50.232
480.191
64.631
62.782
40.773
19.366
74.85
190.411
95.878
22.667
53.693
89.966
37.795
82.183
87.404
107.485
149.281
71.087
184.315
207.847
140.74
139.797
59.577
248.35
209.22
41.474
216.282
275.99
23.003
140.541
50.582
11.751
129.55
41.601
130.733
76.858
148.188
157.559
188.852
142.343
68.318
140.276
47.471
486.956
104.557
116.279
133.483
408.6
42.597
55.796
12.574
543.266
236.664
162.958
52.088
89.34
102.641
67.201
77.813
255.939
118.521
185.193
92.069
40.887
181.928
129.587
61.928
104.278
105.348
88.677
208.512
37.786
58.76
202.809
61.103
98.846
109.046
37.24
31.57
39.433
59.349
93.229
96.727
40.904
78.932
88.493
152.381
177.099
111.372
228.736
99.703
135.738
232.293
96.475
552.107
22.381
140.2
138.179
213.173
5.776
125.761
70.472
111.072
194.236
66.386
198.017
96.208
133.622
66
84.207
165.327
163.942
40.285
48.893
52.378
139.77
76.233
114.647
133.919
73.304
22.922
84.896
137.735
57.027
209.854
72.42
38.991
96.561
73.839
393.651
43.006
88.92
86.178
17.844
123.352
302.376
168.978
553.693
220.004
20.46
214.261
192.325
85.571
32.664
100.028
235.069
143.746
42.746
34.813
388.764
59.551
384.022
67.077
120.734
144.395
62.56
265.952
158.243
21.01
131.2
140.914
59.566
75.293
46.976
173.239
144.011
48.183
77.465
133.662
77.625
276.035
116.931
245.679
134.606
45.048
72.351
54.447
97.535
208.122
278.5
48.925
34.059
190.479
83.164
145.385
48.528
80.465
35.133
230.15
140.553
158.518
57.226
61.332
141.884
264.701
831.341
61.42
76.411
57.95
124.321
25.436
495.235
289.637
34.771
84.362
47.097
260.331
157.222
87.333
48.348
23.166
115.463
99.913
115.379
73.512
177.193
82.479
117.141
35.164
85.896
546.365
292.445
28.767
49.443
408.338
86.851
92.923
192.107
220.07
116.926
55.462
109.81
168.675
29.798
51.999
150.87
82.727
58.071
263.552
56.366
45.115
142.509
81.862
414.791
247.797
48.63
35.357
150.995
166.256
185.418
187.272
116.157
110.756
99.583
100.328
24.914
336.371
306.687
50.316
34.946
179.768
111.169
29.025
13.887
369.121
151.792
44.166
89.745
135.066
291.135
44.208
35.22
140.544
75.712
128.745
178.691
63.601
53.366
248.009
140.603
229.563
92.402
39.902
149.458
114.294
292.845
134.583
89.919
96.673
30.817
140.28
52.78
280.517
88.508
161.82
20.017
299.368
46.5
28.735
91.37
82.215
112.811
79.216
42.581
242.071
30.514
49.976
86.172
101.434
23.245
75.012
114.892
47.946
79.934
53.707
59.166
46.021
100.834
129.937
208.089
39.207
104.533
81.932
93.441
170.374
112.009
172.458
19.82
15.517
92.835
493.132
103.321
77.043
58.281
38.236
79.227
223.297
39.838
125.085
87.978
65.63
236.4
70.702
58.82
27.287
276.133
179.391
116.46
280.254
131.105
20.261
163.105
203.763
58.861
86.504
112.135
59.956
58.12
35.005
317.558
126.849
175.286
98.611
135.532
143.957
105.631
109.816
170.653
187.407
228.4
78.194
95.401
192.182
357.565
207.237
131.373
177.059
160.953
51.066
202.205
263.366
73.1
145.843
65.888
197.071
248.587
199.441
234.419
140.018
58.927
73.393
52.664
186.958
62.244
75.511
45.721
74.855
155.33
179.242
568.396
118.317
86.743
172.047
66.187
47.508
417.75
108.925
116.348
111.698
18.386
352.976
43.568
198.495
17.76
119.401
79.389
312.237
41.376
30.541
61.736
123.55
183.114
34.381
192.83
144.371
108.696
60.09
183.335
197.634
112.489
254.475
122.331
40.144
56.061
24.981
96.087
106.997
77.449
75.281
47.397
197.19
51.793
65.957
92.702
46.34
267.152
343.283
425.584
219.9
62.655
321.688
44.764
113.425
114.131
154.648
183.769
92.031
58.996
248.244
162.703
37.181
372.183
133.488
56.79
120.758
59.309
216.565
10.428
58.33
188.148
47.298
50.703
104.085
44.275
70.075
90.228
105.095
412.752
95.065
110.845
144.757
156.462
365.522
310.14
48.061
62.863
222.007
222.821
43.356
274.249
84.996
69.497
175.1
199.966
83.201
697.461
41.565
100.54
67.593
429.02
13.709
47.521
209.413
246.313
27.596
149.476
67.198
162.053
92.068
55.244
72.2
526.821
82.108
36.804
45.241
83.466
211.574
222.718
64.766
19.352
128.769
76.139
56.391
202.304
142.36
145.993
131.516
259.354
180.118
31.063
330.395
105.171
206.004
47.097
28.298
196.256
216.394
125.582
12.391
121.995
111.011
206.178
78.658
304.462
177.747
35.906
184.603
27.784
423.697
53.846
186.501
63.56
49.838
154.212
94.603
329.286
49.868
80.084
262.432
125.114
296.283
80.219
44.981
56.503
84.045
277.43
179.359
46.195
68.651
82.129
109.998
45.729
117.631
439.768
104.723
34.755
101.798
122.025
41.687
44.968
95.717
226.045
191.898
83.953
63.553
32.874
86.82
122.757
513.219
110.742
115.308
80.946
159.424
268.571
29.422
209.68
69.093
37.222
204.722
27.987
240.908
141.208
162.73
343.266
20.062
43.419
61.506
80.004
37.146
40.513
56.179
109.3
54.985
345.854
69.58
228.736
62.105
56.999
72.056
179.461
47.946
89.745
46.398
338.395
128.486
163.27
212.003
71.08
87.55
38.27
46.392
95.48
126.371
74.329
79.788
57.691
130.203
277.691
122.63
117.403
416.986
76.035
260.249
19.578
218.85
124.288
38.859
54.307
29.843
152.588
65.77
31.697
96.372
150.41
99.935
59.133
165.992
62.669
144.843
98.299
48.426
21.087
71.978
36.398
72.24
16.357
70.499
320.503
94.217
204.688
133.576
189
267.955
31.438
16.488
197.759
83.831
17.523
20.775
205.688
96.689
72.479
159.164
91.32
65.343
90.719
26.207
70.646
245.015
295.538
21.004
61.407
42.449
87.608
107.908
105.435
566.19
423.454
81.577
304.469
68.121
99.4
37.679
255.372
80.762
31.133
178.829
257.394
275.093
64.261
123.444
216.857
135.978
183.719
181.715
81.324
65.043
27.312
73.89
30.964
39.509
79.145
115.55
148.531
113.624
64.32
101.111
56.261
81.727
245.705
195.676
65.056
275.121
73.397
43.864
49.374
53.976
72.822
83.085
571.163
64.635
63.864
75.831
39.03
155.385
174.925
413.467
263.66
71.523
185.095
65.339
178.063
256.198
24.87
175.15
620.451
430
82.844
85.344
257.371
75.587
236.242
215.064
95.876
95.282
92.394
59.798
35.157
128.236
124.297
59.087
309.559
72.936
138.309
108.878
73.485
22.966
132.361
195.583
172.56
231.059
70.33
84.44
123.18
75.565
38.655
109.972
16.76
76.482
76.686
37.561
143.066
107.036
114.8
77.403
330.057
220.466
51.038
86.018
252.692
91.569
52.265
213.546
213.443
262.805
22.487
238.197
62.016
232.024
55.544
79.209
220.903
68.413
30.828
35.391
35.124
163.289
116.629
42.052
32.569
33.903
126.219
53.648
112.101
29.201
69.452
20.536
62.045
213.556
53.182
39.311
90.751
256.846
168.038
49.278
49.86
64.662
63.308
72.291
236.236
111.862
149.446
142.033
22.803
59.905
342.367
52.772
137.775
227.908
193.276
189.267
358.625
76.401
58.313
381.587
150.18
181.634
193.095
192.675
145.097
93.579
150.106
307.859
68.973
38.867
137.593
213.74
222.234
104.568
84.558
64.451
60.504
383.484
99.429
708.694
142.661
55.242
15.652
81.468
335.587
31.966
100.004
86.771
76.322
46.808
35.133
40.13
228.806
74.342
74.171
298.152
55.924
51.808
30.347
87.541
68.407
88.035
85.602
48.525
86.296
52.575
852.132
96.331
76.089
37.653
416.556
110.511
299.275
77.092
36.047
137.465
128.37
88.672
349.941
124.138
193.123
129.089
96.941
157.058
13.473
98.493
190.702
34.819
133.18
27.172
88.048
45.091
35.472
34.203
234.472
276.097
163.505
424.132
124.601
128.751
32.529
45.444
37.799
231.366
119.352
201.737
186.844
203.274
50.367
87.16
154
59.006
69.752
226.878
116.818
63.995
84.371
58.219
32.908
165.677
62.577
151.105
243.045
202.61
37.34
99.996
107.855
197.477
108.127
93.042
99.028
15.487
101.049
196.074
40.514
69.662
358.1
82.093
148.416
109.503
79.084
90.769
220.282
94.46
83.844
163.816
107.792
115.485
78.341
309.759
125.727
99.285
295.037
41.645
150.817
33.112
125.083
80.748
140.438
93.329
67.571
86.775
273.357
46.393
121.589
103.807
114.07
124.426
119.747
54.733
329.416
70.841
129.681
40.143
53.151
25.649
10.818
147.605
116.231
112.012
98.858
210.471
108.313
119.123
266.993
44.383
63.367
223.677
27.364
247.46
80.629
82.233
52.734
88.492
37.216
248.237
27.792
76.399
124.97
178.139
79.782
134.769
47.823
447.127
65.1
43.507
520.638
365.317
109.88
37.328
238.932
153.807
35.357
89.636
133.602
112.397
103.247
49.255
165.413
31.03
144.24
331.403
126.797
211.107
350.952
69.707
69.61
171.492
48.166
348.313
145.769
157.514
157.553
140.14
50.4
125.529
116.609
143.049
124.89
57.101
132.628
57.513
117.805
89.192
25.085
55.335
84.933
55.57
37.349
145.737
284.513
392.912
54.917
82.168
152.969
35.152
141.63
240.256
45.836
49.638
112.117
67.337
110.907
82.459
85.662
53.599
131.451
52.818
36.636
124.69
6.661
82.787
53.718
151.76
137.578
24.364
206.277
206.277
99.392
102.381
68.543
55.427
34.236
179.837
28.256
217.617
110.363
80.019
116.796
114.71
79.454
51.129
103.479
102.452
56.466
85.08
21.295
170.477
154.872
30.616
116.377
306.971
235.902
59.857
125.545
117.744
168.752
203.615
233.856
91.077
69.372
72.988
20.695
33.55
80.638
57.677
82.525
67.789
193.747
63.283
160.092
25.728
151.516
84.208
94.527
41.176
35.31
42.746
168.409
39.378
133.838
96.067
43.927
88.908
168.125
67.272
53.572
122.818
217.787
41.693
43.291
115.706
43.017
69.485
112.295
12.301
18.033
51.565
72.427
111.235
102.625
82.272
23.504
105.408
58.652
23.935
87.221
84.199
54.667
39.017
30.553
128.281
89.009
112.382
158.698
235.728
41.705
120.491
40.802
96.932
48.979
30.778
104.108
77.205
238.584
459.215
163.679
148.664
64.319
11.235
360.672
171.191
232.171
148.534
117.645
29.529
67.285
159.222
54.771
88.552
31.947
168.47
59.112
134.717
47.784
22.871
88.568
78.077
42.045
101.803
120.31
344.989
101.382
51.61
125.436
57.901
170.378
190.984
116.95
124.484
33.549
40.648
190.273
177.389
230.793
38.463
91.512
35.5
177.844
143.665
192.305
82.127
614.37
300.719
22.119
38.262
294.915
31.095
491.332
129.369
202.456
157.881
346.389
51.566
158.089
21.871
38.607
93.245
35.145
17.782
105.659
91.259
60.803
259.354
96.666
46.217
373.778
270.161
24.867
96.485
79.768
58.014
97.327
96.873
75.803
35.86
33.941
228.617
210.702
168.965
74.808
15.412
310.176
192.192
208.315
53.462
325.392
46.364
252.174
39.184
73.413
67.239
123.356
37.509
298.857
248.632
63.424
100.186
61.003
224.746
53.48
127.682
76.472
124.74
276.849
82.999
29.919
239.213
80.67
177.026
67.471
112.224
101.248
15.865
79.799
28.155
63.141
38.245
72.824
70.259
210.11
128.889
327.343
52.189
121.489
153.966
161.3
39.496
186.612
70.436
78.375
104.212
101.397
61.628
63.391
61.107
272.242
214.121
30.713
80.841
146.255
197.764
70.916
19.942
182.834
274.295
353.704
57.53
153.3
16.281
132.068
46.064
41.323
178.381
132.557
60.568
69.559
67.161
33.265
83.819
29.12
60.786
39.327
502.911
89.266
99.374
50.829
109.637
62.687
120.363
78.863
92.101
160.725
63.988
18.206
186.477
68.245
71.734
110.387
92.538
98.328
135.086
58.489
91.275
115.488
319.248
72.451
157.896
31.003
208.966
81.788
28.92
12.574
45.877
91.378
24.636
168.996
98.9
31.656
11.695
37.845
400.376
75.384
161.96
37.658
420.819
37.416
216.514
344.094
349.074
6.319
96.971
129.773
51.775
129.353
118.792
92.586
91.916
79.236
117.059
63.487
93.196
29.201
43.091
81.268
177.529
58.255
68.326
56.048
575.044
83.051
58.855
262.357
17.842
162.357
81.873
84.768
60.484
79.352
79.352
123.656
16.413
133.886
285.173
92.685
65.623
95.56
101.405
198.63
228.44
52.372
187.955
216.323
128.839
250.9
34.231
116.138
119.79
474.245
95.52
40.857
77.826
41.081
206.373
202.954
97.031
564.575
116.447
53.896
77.988
204.704
112.7
30.128
121.692
56.282
33.368
60.544
124.553
67.569
65.702
213.614
164.056
22.755
188.91
364.683
113.719
134.229
182.515
36.623
103.814
74.632
127.458
220.855
184.209
33.658
83.818
83.818
115.917
143.799
90.193
102.792
293.612
91.062
80.483
45.653
418.872
46.641
85.179
107.347
82.003
54.514
59.992
119.231
161.046
97.111
111.624
79.435
123.956
46.893
337.954
22.94
25.859
124.581
82.352
22.168
143.963
58.681
67.948
78.049
126.85
255.737
95.351
367.042
147.299
25.593
355.642
203.12
61.447
25.126
48.492
146.422
139.1
171.963
183.541
172.044
34.342
39.9
44.428
69.192
104.478
156.381
50.235
29.383
81.114
141.564
114.978
22.219
116.823
13.068
124.388
99.233
217.382
9.293
84.459
81.14
150.394
77.809
47.514
69.516
171.797
165.957
31.455
553.065
33.63
31.821
19.004
243.664
11.199
86.048
164.047
102.683
426.467
154.763
54.961
91.457
71.152
123.195
379.283
139.398
104.715
90.756
82.027
42.506
423.697
82.275
128.326
298.106
12.574
61.176
59.203
111.323
148.343
79.48
72.391
232.47
228.046
44.042
380.651
128.931
154.599
165.16
232.942
23.903
135.951
374.458
25.573
54.676
74.442
61.461
30.51
75.043
108.309
156.424
126.471
104.727
55.916
103.603
109.78
459.905
54.142
73.146
59.315
35.522
187.884
60.169
103.875
197.155
178.272
76.235
48.416
213.168
186.469
279.152
76.865
88.738
20.999
56.515
39.965
85.223
125.026
157.459
43.685
437.182
95.237
35.337
254.599
44.64
91.838
194.193
392.764
26.822
49.84
15.662
31.676
38.914
82.229
444.52
154.468
287.521
106.347
135.64
103.93
116.189
179.685
102.934
80.66
269.304
131.012
188.692
126.439
99.088
114.946
75.964
86.446
178.069
208.754
159.392
70.49
94.818
110.409
148.178
362.169
193.232
80.966
640.366
422.179
77.794
403.925
212.155
52.62
85.191
76.403
60.084
71.405
81.305
185.017
100.34
28.43
337.159
156.983
72.341
273.168
66.971
79.743
32.105
353.27
306.42
275.923
165.822
121.692
165.771
74.767
49.31
51.22
44.314
30.906
201.265
187.878
177.9
173.687
54.58
112.03
37.466
318.12
166.783
120.191
53.776
139.241
121.866
53.089
25.615
203.246
32.226
96.563
87.376
70.419
170.475
28.315
173.653
328.965
234.8
37.132
190.595
212.101
234.92
130.062
44.04
52.154
143.004
77.446
262.526
22.651
202.187
181.608
222.837
138.518
54.834
58.08
121.59
207.399
162.297
479.299
32.341
122.706
57.695
144.435
350.06
16.819
121.467
49.206
108.54
65.443
87.502
121.483
90.901
163.116
140.323
106.974
225.187
46.096
139.329
132.708
70.664
23.714
142.863
62.753
79.69
102.131
45.735
60.389
227.483
39.675
220.8
144.437
39.231
112.332
77.084
96.052
73.714
65.136
52.565
67.547
75.605
186.46
189.835
71.548
56.22
280.205
77.872
124.821
49.649
55.556
345.309
113.443
143
304.795
88.608
123.396
142.144
87.17
259.354
177.908
47.214
40.978
82.051
27.681
56.111
87.304
55.873
13.412
547.181
26.241
76.273
68.182
379.988
39.223
128.392
50.871
99.742
40.06
28.789
67.991
15.464
66.088
248.219
36.07
266.281
59.539
194.147
232.144
33.383
83.145
196.668
220.791
182.693
116.979
110.535
167.494
145.682
262.496
87.744
189.352
106.968
93.465
62.997
203.518
21.481
196.118
144.768
207.792
244.184
77.021
192.62
124.821
138.652
138.652
52.274
80.807
183.244
28.252
413.211
52.708
22.747
153.239
225.826
91.978
74.756
171.663
76.547
229.076
21.354
234.539
93.307
63.223
244.041
107.488
61.07
127.53
37.06
129.688
80.733
204.877
105.864
118.162
59.239
23.199
64.394
81.462
289.171
105.562
33.61
110.473
76.068
296.352
209.768
56.087
193.386
53.52
158.78
148.062
65.024
181.702
33.041
19.173
38.08
87.495
65.143
172.56
236.22
18.867
55.544
50.643
77.152
77.127
70.058
40.084
193.055
31.891
86.726
66.031
155.461
26.496
42.02
184.67
140.776
80.479
59.682
161.897
71.665
71.949
229.292
48.633
117.803
24.718
24.407
134.444
126.045
98.156
166.375
147.327
145.339
30.891
39.772
350.805
89.586
106.301
74.822
188.147
52.328
93.814
319.834
216.396
202.851
175.922
41.812
121.017
156.639
54.037
103.732
185.662
257.959
154.77
232.615
145.763
65.118
138.087
25.081
111.095
168.631
322.829
66.868
83.157
56.434
44.727
167.102
103.054
166.953
155.685
596.296
245.514
20.237
244.291
76.705
110.554
147.265
56.179
62.407
156.897
159.587
45.72
252.938
61.92
111.474
75.439
141.094
74.761
92.863
76.73
197.924
142.392
853.943
104.249
41.935
133.116
132.122
143.151
49.32
87.911
183.824
176.984
121.276
37.543
27.317
480.105
50.49
179.268
111.085
103.309
25.412
125.744
103.137
173.698
37.185
85.924
216.749
83.607
52.279
119.325
54.148
148.36
247.223
33.265
114.336
26.66
76.989
302.947
252.365
62.666
92.36
142.01
144.889
105.324
43.155
65.899
109.712
85.617
50.808
759.28
263.238
42.84
183.095
35.934
373.867
53.743
93.665
98.434
31.264
77.82
218.544
16.307
165.355
21.786
17.787
60.802
236.077
220.868
128.82
114.451
67.298
61.997
292.92
170.925
127.417
11.738
39.401
225.879
122.975
374.211
118.16
45.289
168.977
36.998
132.119
46.061
19.587
60.35
75.305
64.373
39.5
59.283
44.661
81.554
56.806
69.22
29.898
55.663
153.281
109.499
172.378
43.398
78.258
33.835
147.866
13.801
78.12
30.808
70.042
316.995
114.431
141.435
259.48
93.171
55.418
269.601
193.585
134.897
168.397
56.798
27.916
59.953
275.613
99.961
109.985
57.478
20.337
105.279
57.344
94.329
52.114
174.416
137.107
119.37
180.75
206.16
65.056
31.403
58.86
111.558
146.206
146.206
282.58
38.164
404.197
351.878
42.279
180.394
69.647
120.502
75.883
50.908
83.969
100.655
114.078
43.613
95.812
325.691
176.184
240.833
30.219
107.155
49.803
370.155
69.833
53.192
284.653
59.673
236.68
95.265
136.746
61.245
141.517
168.414
51.957
105.907
142.12
57.226
93.523
132.093
41.139
196.207
68.092
74.11
566.677
151.599
45.231
21.31
311.186
71.663
73
125.839
131.715
19.731
122.25
103.764
99.781
190.055
639.216
74.733
114.491
290.237
71.417
23.126
57.089
153.366
131.906
113.334
219.84
188.007
32.076
63.169
73.176
45.805
57.77
79.424
73.185
192.769
73.224
161.223
25.653
57.424
166.85
68.103
245.499
66.827
130.49
437.264
108.573
127.599
228.998
181.282
13.352
246.907
263.039
74.196
85.476
165.087
388.025
77.254
122.821
86.993
8.122
115.619
32.204
198.148
75.429
90.675
35.754
168.857
128.659
189.903
115.048
147.384
65.683
193.681
109.781
128.368
436.371
51.053
74.923
224.719
54.688
49.194
84.315
123.057
69.99
84.861
50.098
148.966
384.442
107.082
119.67
39.614
55.041
47.484
125.56
65.92
63.99
228.937
307.418
163.236
40.148
31.58
314.513
100.536
60.189
64.327
266.457
79.577
274.034
28.237
32.078
190.392
81.076
89.487
59.717
24.288
119.201
49.209
520.847
198.558
191.661
232.614
81.906
362.645
33.613
99.827
31.096
235.527
148.233
177.024
36.074
133.494
294.707
78.869
173.083
284.418
183.201
50.3
70.665
100.051
100.051
30.864
32.169
88.795
153.764
61.042
133.06
64.754
28.665
90.314
20.649
86.665
57.016
105.962
138.637
131.371
136.326
35.263
32.83
104.076
22.756
71.913
86.213
183.048
262.596
38.355
85.35
8.452
92.452
65.813
254.647
108.436
88.033
55.115
24.596
126.317
79.886
164.597
57.271
277.244
113.634
210.932
79.838
154.29
116.599
84.59
57.882
68.246
166.531
60.433
471.741
145.841
36.99
274.329
70.949
90.656
47.003
121.258
21.342
117.696
266.993
85.683
140.895
267.555
287.149
64.222
296.521
124.533
209.825
52.086
210.527
25.591
57.119
157.482
290.41
60.769
86.408
79.295
168.887
116.364
32.144
137.794
43.597
131.385
221.383
92.375
167.574
84.136
72.805
440.061
124.158
78.092
191.18
618.123
207.083
17.998
125.145
42.043
56.932
102.034
181.462
270.191
40.401
67.238
234.316
25.1
713.114
66.333
144.407
436.937
39.487
112.568
300.478
71.772
158.88
118.825
118.825
72.607
136.908
358.53
93.796
84.712
81.981
211.021
138.789
116.121
50.746
55.381
37.674
192.727
110.699
426.773
84.144
455.142
269.102
158.253
169.546
98.346
133.739
197.717
128.442
129.59
25.506
169.033
179.802
103.499
74.045
330.989
194.35
364.897
113.3
15.507
167.56
25.155
20.6
67.489
84.135
32.021
58.669
36.895
61.087
103.668
72.371
22.26
16.685
33.781
92.844
75.577
578.192
138.49
38.911
112.982
65.083
67.006
111.664
59.529
36.634
48.005
161.49
64.256
280.544
274.954
41.218
45.16
87.906
71.008
78.443
30.831
146.853
388.981
57.644
78.984
50.866
167.101
314.49
34.999
514.906
134.019
285.269
104.969
714.033
40.066
35.215
169.35
241.559
48.93
84.255
106.353
68.482
105.193
34.719
122.796
121.959
253.8
70.305
92.255
614.824
63.32
135.695
36.29
248.423
80.639
103.388
48.717
38.797
47.828
45.659
56.385
119.572
145.245
30.472
98.625
354.727
24.107
90.312
47.198
87.892
113.085
88.864
229.957
177.734
122.656
92.126
134.635
95.104
52.874
87.326
84.259
119.908
56.622
51.935
139.766
21.693
224.609
237.599
58.417
43.638
39.663
107.563
19.004
74.58
201.675
98.286
39.788
484.673
116.32
69.539
155.727
27.187
247.607
109.117
89.469
79.303
86.217
94.346
65.637
101.047
136.638
89.984
150.845
405.931
176.258
144.392
16.383
160.048
110.992
68.303
74.824
65.808
153.486
150.358
96.853
278.775
74.446
294.796
29.738
29.166
107.079
50.009
62.654
493.197
80.952
74.878
34.419
119.259
119.772
172.479
41.361
104.831
173.346
211.031
120.103
101.396
33.479
266.957
105.865
526.333
95.082
60.968
96.68
63.944
255.261
363.415
155.272
337.311
131.792
60.755
198.856
289.011
78.607
56.225
45.74
185.605
226.764
25.76
72.977
12.729
305.686
76.043
13.412
151.151
246.695
37.736
407.594
744.928
69.339
132.108
72.207
82.318
383.961
59.679
204.326
40.299
122.416
73.935
77.128
56.714
149.908
514.841
395.669
199.188
50.905
75.403
192.076
138.971
313.901
141.964
49.796
49.796
42.094
145.34
155.539
174.481
276.961
147.003
89.878
289.763
66.217
23.788
66.583
122.541
80.307
190.828
36.551
122.075
124.955
108.559
355.913
46.759
133.256
97.219
74.209
62.421
56.849
229.395
118.239
140.997
44.813
110.752
213.876
64.461
173.267
63.53
657.017
307.978
39.259
171.234
90.443
44.482
157.175
67.343
32.1
153.119
54.71
207.138
124.913
46.281
198.155
87.31
46.997
42.652
683.392
108.255
50.919
14.118
163.121
123.363
70.379
43.03
292.128
58.762
60.855
21.114
64.48
36.589
276.251
16.41
158.325
147.844
265.783
160.344
289.81
119.136
68.905
125.042
364.059
36.865
101.303
211.035
151.391
76.259
453.951
98.434
122.769
58.675
760.847
107.163
369.438
26.824
107.972
41.267
176.885
235.287
36.007
79.577
87.645
26.515
216.451
20.943
308.946
509.172
76.861
93.194
19.888
156.086
93.862
43.216
172.799
38.535
143.833
179.597
440.711
87.264
206.241
268.982
54.789
148.589
163.89
103.622
104.45
196.356
247.735
35.889
27.879
51.877
134.326
346.87
57.886
585.291
28.716
195.888
302.085
29.665
56.197
59.978
106.646
145.379
85.328
96.073
161.102
51.232
48.323
81.426
300.346
315.028
58.249
465.809
46.839
94.575
61.833
230.474
294.637
45.912
54.62
62.938
30.497
47.172
125.226
262.792
107.518
381.563
54.178
112.665
71.617
166.067
93.482
46.501
129.49
54.508
43.382
30.858
91.54
181.798
150.085
83.894
110.52
25.662
74.075
340.211
314.169
239.66
42.472
96.639
38.407
74.179
40.45
203.009
181.312
104.29
161.411
81.962
105.218
76.865
92.157
112.491
84.93
24.302
80.634
89.895
204.846
189.49
131.257
3.632
197.443
53.463
31.724
138.129
41.512
261.844
118.331
0
36.721
119.587
24.737
136.062
35.939
161.006
376.067
126.341
99.739
112.786
70.003
59.442
75.239
376.96
151.786
48.094
32.21
104.296
165.022
59.613
52.613
57.377
347.651
88.235
283.987
96.411
27.588
370.808
140.587
71.221
28.038
345.281
137.194
70.282
99.379
81.483
121.531
68.426
62.467
285.108
38.643
219.225
64.098
122.727
43.555
55.409
177.413
11.363
81.018
105.9
160.905
36.565
65.249
865.962
156.976
133.247
239.621
111.055
56.655
24.96
309.873
105.577
64.112
98.473
18.292
27.352
12.782
405.928
66.68
91.601
32.319
19.387
41.793
64.321
32.821
33.833
60.952
152.727
112.153
117.381
128.464
204.317
141.293
137.808
92.22
60.209
27.411
63.162
156.435
242.895
158.044
138.834
135.252
49.76
112.113
61.23
58.224
52.011
103.496
38.351
249.863
79.782
66.206
40.353
103.426
348.798
109.784
35.611
82.493
192.375
113.833
106.838
54.677
115.775
104.643
134.519
80.552
160.541
113.674
53.469
85.819
146.033
42.235
68.895
59.179
68.284
60.819
213.551
149.657
815.327
42.498
230.858
26.674
506.849
69.669
490.277
56.091
125.759
96.838
31.51
354.474
98.63
27.404
87.609
68.797
40.102
294.234
50.954
31.292
25.029
66.26
98.896
154.807
31.06
283.249
83.527
58.14
90.203
113.317
205.12
86.838
50.584
138.971
44.154
57.703
137.138
89.982
56.673
49.38
540.92
65.923
41.925
29.768
158.515
36.28
68.237
24.433
118.141
479.517
103.286
106.829
85.055
91.547
20.695
118.942
14.983
43.786
226.097
95.697
251.628
70.764
352.62
235.234
151.423
114.102
13.707
46.732
145.154
154.915
58.682
107.359
173.327
72.532
130.239
514.277
142.926
35.932
46.962
111.272
111.228
75.812
57.8
66.899
173.324
202.827
181.538
37.749
80.17
466.026
105.54
76.966
148.876
25.002
102.534
160.063
99.291
67.537
54.424
64.893
103.551
60.184
188.018
224.666
219.388
122.745
179.894
116.627
52.518
573.992
104.657
64.264
189.289
9.943
17.891
45.14
46.681
363.472
87.142
52.926
31.319
24.2
75.271
115.719
31.693
84.583
98.581
19.945
159.587
194.726
173.26
131.621
67.06
65.096
95.03
288.747
63.145
40.75
72.679
50.066
148.918
70.6
152.466
22.047
236.558
76.556
31.901
451.794
13.82
125.494
89.837
181.032
62.092
55.415
41.014
86.374
237.774
75.098
74.552
90.141
314.235
64.572
322.136
102.526
117.616
52.566
7.927
53.951
214.467
195.194
60.704
53.579
131.222
202.656
106.589
153.803
231.915
23.307
179.33
27.419
96.667
16.408
36.023
63.285
94.244
96.343
74.435
99.967
960.989
194.488
15.948
91.764
26.381
50.323
53.288
126.432
170.858
338.057
26.153
216.73
71.682
159.401
114.276
68.182
160.763
245.355
62.527
124.112
91.893
206.5
67.292
40.364
66.953
36.735
227.508
111.071
55.856
124.959
130.556
137.766
97.325
20.405
97.556
94.595
108.191
54.119
53.074
45.428
89.757
110.631
61.29
211.724
43.451
59.381
186.333
190.165
119.142
152.491
100.143
219.249
27.074
129.793
197.06
33.729
9.144
119.37
213.39
19.368
100.806
100.127
132.273
108.77
183.761
44.764
19.703
90.216
359.467
257.963
93.455
531.086
291.931
339.894
36.462
28.821
41.97
125.226
93.905
7.887
80.261
29.483
136.512
36.857
79.173
158.339
89.978
263.571
166.55
19.408
134.681
207.871
36.2
205.43
11.544
79.225
43.34
86.235
74.221
10.204
52.712
36.167
82.609
39.132
75.031
108.729
274.896
36.012
130.795
76.464
58.006
57.908
60.859
301.996
101.792
114.905
20.758
67.972
162.578
120.588
39.648
108.122
41.096
76.686
62.939
57.611
98.564
185.174
46.83
95.951
59.693
105.763
148.486
75.646
41.349
74.335
71.71
90.029
350.953
116.812
395.355
131.153
165.532
85.62
119.158
256.864
128.754
77.709
142.65
85.687
198.53
64.931
86.022
58.726
38.292
61.542
75.368
61.307
101.111
87.87
321.07
157.641
160.495
155.235
116.162
259.806
122.094
298.491
53.579
52.927
88.618
152.558
184.15
36.396
114.873
78.43
115.903
104.759
87.387
55.525
95.833
16.531
263.292
316.015
28.719
136.773
108.362
220.241
34.263
75.532
76.269
138.247
49.367
26.141
125.057
99.686
8.97
65.603
65.603
35.278
908.26
68.495
104.352
67.433
140.821
122.686
392.115
66.131
166.693
39.688
67.936
33.762
255.476
130.502
64.737
70.464
130.772
241.295
100.252
35.231
212.47
65.156
56.778
167.967
201.974
48.952
152.772
130.118
161.147
67.956
69.225
71.593
33.318
103.225
245.489
200.279
38.223
77.459
101.362
510.855
35.423
85.899
131.468
52.28
56.523
43.291
318.316
48.052
50.093
44.366
512.841
72.393
171.777
47.614
103.289
107.191
142.415
172.145
98.573
402.539
142.935
199.41
87.383
316.297
108.535
48.694
63.481
390.733
46.164
85.228
422.079
245.813
282.328
56.668
207.566
189.187
121.188
85.394
78.325
96.215
117.914
115.781
21.151
286.63
28.021
137.713
44.396
178.381
71.965
95.497
259.422
81.714
22.635
135.385
58.497
43.878
242.436
106.178
136.402
68.394
166.363
120.287
96.415
84.409
32.346
217.055
110.225
106.621
23.463
234.697
92.823
389.999
189.043
119.141
21.924
74.007
511.059
48.256
227.691
119.753
54.062
38.784
61.278
103.987
31.537
115.74
189.471
14.469
195.827
76.405
49.994
146.784
248.209
101.567
34.632
285.45
194.3
60.506
335.374
201.907
92.584
273.443
340.211
62.311
60.497
162.215
61.326
28.182
45.742
84.852
34.601
40.408
128.612
95.837
104.221
79.007
347.647
94.468
43.119
75.713
89.91
95.633
63.63
47.907
98.914
91.569
43.929
260.956
568.148
164.72
74.068
356.525
70.455
27.319
75.178
50.505
90.324
84.504
191.618
73.407
79.272
165.928
24.231
109.267
109.978
23.712
59.534
275.667
512.172
59.41
18.681
175.548
181.113
53.896
90.612
27.08
57.089
47.349
422.263
176.461
132.592
308.544
51.98
271.062
128.815
68.358
23.492
161.035
194.775
93.356
57.358
135.697
128.324
105.78
132.344
169.653
94.243
228.772
155.085
240.596
91.4
45.949
197.527
106.662
122.618
251.132
70.94
40.227
38.589
148.898
163.211
52.41
62.286
33.765
55.537
39.87
207.461
109.38
227.57
65.372
82.394
61.16
111.993
128.971
32.521
13.53
299.769
150.66
56.221
187.708
120.485
206.233
80.77
108.542
56.076
15.661
85.603
325.31
96.301
217.75
56.794
34.783
29.442
88.607
42.531
65.796
142.888
110.814
224.351
149.89
121.304
9.97
18.709
70.268
327.29
27.994
72.14
138.851
234.677
69.475
263.046
663.16
35.127
30.343
228.435
287.77
111.111
399.013
70.5
159.24
181.698
27.74
207.712
97.734
139.781
43.623
180.028
64.484
283.323
191.529
17.647
108.74
191.094
147.057
76.183
71.732
145.841
35.451
123.187
175.623
345.603
82.432
97.907
38.816
46.415
8.932
135.505
63.986
150.516
63.605
74.538
199.009
20.411
130.188
33.906
132.898
184.353
67.094
66.984
109.576
185.793
86.838
64.573
217.644
166.15
43.497
127.145
68.269
59.613
158.8
132.344
10.315
135.026
304.047
172.641
103.971
61.231
65.588
24.027
153.771
117.272
366.963
45.339
26.786
151.857
174.926
121.281
31.976
102.305
255.04
29.744
160.599
191.86
137.554
364.817
126.475
339.312
55.532
230.041
170.147
162.752
202.975
94.04
31.646
580.677
99.167
70.444
129.22
23.163
193.574
61.099
83.875
151.917
99.866
69.19
266.993
72.893
57.104
146.844
25.204
263.364
77.879
63.442
281.545
68.102
18.98
172.226
132.316
151.589
100.14
100.14
25.6
71.446
178.634
29.448
177.873
76.118
63.03
69.799
91.681
67.218
18.941
49.504
72.032
262.162
28.843
52.223
94.81
234.936
50.717
13.244
100.616
30.603
126.688
115.239
105.857
51.821
197.156
12.543
76.013
92.475
34.678
53.56
71.784
45.019
260.146
176.802
219.625
107.247
94.081
183.888
291.297
43.895
69.059
126.254
138.003
59.018
241.393
83.552
288.447
125.66
100.6
69.619
41.615
43.087
582.202
153.971
106.063
242.349
205.358
121.389
139.215
63.94
251.82
127.698
154.741
173.695
196.832
90.497
31.948
69.747
84.122
113.178
103.455
91.859
74.049
119.36
16.189
104.398
207.941
35.377
39.402
102.52
75.114
101.468
142.866
97.557
100.631
149.262
146.547
40.672
224.733
79.572
101.59
128.646
248.555
125.763
55.444
43.737
28.838
202.007
156.86
208.254
197.35
166.811
314.623
28.34
70.97
61.991
266.703
112.669
187.539
364.47
74.145
204.688
40.766
66.758
342.266
80.699
80.989
121.344
83.487
295.91
114.467
137.489
19.985
192.724
78.624
161.797
57.03
20.164
76.975
225.688
35.86
136.82
119.406
166.973
130.644
71.207
150.535
487.902
129.609
43.609
186.816
83.119
225.098
146.481
100.871
95.606
127.253
114.518
55.16
147.854
432.193
136.831
316.015
44.358
64.772
246.407
931.384
19.903
87.174
25.91
125.02
37.252
70.103
35.318
498.219
73.11
263.289
331.706
54.159
204.688
247.55
225.416
28.954
27.952
107.586
79.116
61.439
308.21
132.968
60.436
133.26
50.048
71.328
88.735
31.209
75.082
56.999
113.898
137.585
37.804
196.9
85.108
214.884
90.612
575.9
242.449
41.448
46.565
135.661
110.102
44.14
107.328
178.506
299.78
59.261
161.666
50.141
88.091
42.696
334.54
164.133
108.416
137.04
194.151
94.358
74.845
226.314
35.382
44.437
65.94
11.147
205.878
47.208
186.19
88.782
28.016
207.913
70.993
93.267
168.478
14.909
37.09
126.477
145.233
26.945
27.231
135.839
165.853
397.422
233.87
107.067
168.525
116.178
160.262
57.155
52.501
117.753
92.373
16.423
15.236
52.292
124.338
59.575
151.946
127.936
46.293
16.672
253.199
9.693
90.477
76.143
253.452
379.186
74.276
50.547
131.159
386.472
191.598
126.6
117.336
161.85
90.351
354.599
151.443
51.732
75.794
79.392
49.191
127.62
160.527
263.277
47.307
59.327
42.713
77.172
94.099
38.453
148.218
43.039
113.047
118.493
250.473
36.088
146.732
98.955
60.258
21.82
248.523
399.566
49.9
263.6
175.218
208.573
322.843
132.92
43.546
247.26
13.169
55.637
24.162
27.246
277.002
214.328
50.572
68.956
127.265
627.672
114.974
23.979
70.053
424.608
63.178
105.018
31.473
60.894
95.657
60.724
38.481
138.904
117.343
583.768
82.202
21.824
130.003
271.761
29.131
216.085
334.941
77.126
65.643
47.262
210.882
52.756
533.448
67.919
80.982
70.061
99.598
169.23
119.475
92.12
390.237
256.238
342.12
111.712
44.829
456.619
72.217
173.899
152.59
12.094
116.599
71.861
139.671
182.313
155.598
128.608
557.203
131.268
120.406
117.015
332.098
59.437
139.65
32.197
106.878
220.822
56.917
19.143
71.187
82.543
30.353
161.715
112.099
42.426
483.79
57.84
58.356
62.387
154.982
275.551
85.58
37.237
61.97
52.023
168.221
18.039
61.618
32.513
56.028
235.239
133.599
14.547
52.263
54.087
93.121
218.862
22.428
245.094
20.856
147.538
321.86
55.437
118.66
29.489
54.88
160.761
61.995
107.158
63.875
145.628
241.564
19.133
103.58
61.663
149.633
391.575
71.127
148.786
99.125
559.182
89.906
364.99
18.177
40.303
84.35
116.97
35.388
95.374
44.24
25.007
582.29
185.656
178.457
119.128
15.269
127.197
40.437
123.027
123.961
123.385
156.435
74.279
118.961
70.24
238.253
70.261
32.958
71.67
287.54
113.004
366.751
181.53
67.957
26.226
102.2
167.473
102.73
40.763
101.204
142.054
100.213
246.732
88.813
143.6
119.904
46.705
202.141
78.822
77.154
384.08
59.666
58.228
54.744
101.094
84.499
43.49
197.707
129.016
93.192
417.376
126.656
535.53
529.577
367.543
42.696
73.806
37.368
75.594
72.344
55.404
92.378
98.45
103.984
63.739
193.088
189.376
61.352
157.473
92.823
76.616
53.852
188.584
129.075
79.11
58.078
87.958
144.486
251.472
110.792
91.968
131.322
234.473
166.133
166.133
48.297
70.73
166.919
75.678
81.621
48.232
210.8
321.751
612.126
160.938
321.924
35.846
8.85
47.853
84.159
12.963
94.633
109.087
17.926
85.933
338.257
281.699
47
29.248
374.79
79.42
50.666
145.478
136.84
358.013
10.147
38.901
110.102
162.287
61.868
94.395
332.415
244.247
86.439
44.619
132.164
105.444
35.94
35.94
316.547
120.118
57.033
234.71
106.956
59.601
91.632
108.67
114.188
139.35
125.831
51.988
120.467
23.926
147.341
308.435
29.237
173.486
63.23
115.903
33.087
125.665
132.648
153.913
93.718
174.368
125.365
58.079
35.659
109.044
132.514
18.132
257.067
131.697
156.643
45.257
154.27
68.951
53.782
187.378
29.098
152.783
68.516
49.93
59.224
34.985
55.617
278.164
47.18
237.909
189.38
106.446
56.068
81.345
143.444
52.279
177.508
170.041
82.042
105.6
88.173
92.326
499.201
69.523
359.54
93.968
683.205
299.899
143.349
93.418
25.678
22.7
23.955
77.989
107.217
182.979
100.061
56.658
309.307
169.688
140.538
165.107
48.551
106.565
115.792
141.95
61.356
77.603
68.039
137.88
96.109
135.169
77.205
244.899
76.646
144.45
16.321
144.38
279.847
134.646
90.724
118.477
222.276
281.63
28.303
40.651
40.954
188.973
59.156
200.582
58.375
98.681
280.435
697.546
30.395
192.091
20.354
57.028
304.059
253.765
155.084
151.492
164.112
102.023
199.084
120.957
210.183
171.04
39.84
160.468
53.803
142.447
286.92
374.662
130.198
193.411
225.969
29.943
107.398
30.03
141.26
218.936
62.992
120.225
62.182
292.633
133.194
47.401
131.634
68.942
104.684
93.17
192.321
77.875
130.124
147.136
41.772
299.897
83.572
200.48
33.556
121.68
49.615
136.427
43.649
74.34
175.375
49.733
46.437
37.483
133.612
369.691
396.716
346.554
45.091
44.26
67.666
98.831
77.067
52.778
110.721
584.379
40.807
102.106
89.819
79.377
51.749
76.786
239.4
202.959
259.182
103.833
101.205
34.79
65.564
149.175
76.144
43.457
79.986
82.514
57.438
169.768
201.994
131.79
93.332
172.615
93.774
29.996
151.909
297.507
23.707
18.7
168.718
222.855
55.917
182.289
253.827
84.744
219.859
247.397
291.272
81.782
118.423
14.258
135.273
208.474
94.698
134.453
130.974
59.625
72.67
134.239
29.02
230.325
250.192
23.304
155.644
242.765
92.547
239.792
197.822
188.798
129.196
42.185
46.9
142.01
52.911
27.268
46.133
43.662
75.102
116.785
136.134
46.163
99.817
98.376
217.945
121.763
79.486
256.006
92.364
60.004
230.634
48.68
136.322
75.416
38.159
89.24
116.244
38.921
109.807
154.066
97.275
177.957
87.394
100.732
41.41
183.28
269.548
165.415
250.293
131.047
365.836
37.17
62.487
238.552
56.606
138.988
109.197
104.381
111.128
42.884
292.157
42.587
72.267
149.517
150.771
51.011
218.847
177.202
64.527
79.972
392.759
86.633
29.516
34.248
169.615
91.528
54.167
72.626
56.49
51.438
314.039
165.763
41.862
170.666
273.672
433.2
206.424
142.331
287.422
377.166
163.664
57.521
43.973
157.762
459.363
130.945
40.74
146.334
89.156
39.663
147.683
31.705
346.171
56.727
442.054
35.618
70.418
459.364
46.405
25.257
185.747
50.979
107.381
29.729
171.877
21.256
131.441
83.077
133.901
88.244
236.938
471.638
188.738
100.295
88.134
44.692
13.71
106.958
106.958
95.865
49.464
212.516
31.18
152.274
151.353
77.061
98.329
20.664
105.135
125.846
36.314
69.887
95.769
26.069
84.08
48.688
164.671
101.692
120.742
63.53
61.669
84.042
113.203
58.531
69.537
40.781
44.851
300.489
120.601
194.664
29.218
135.722
100.635
93.271
51.092
61.622
46.123
30.757
92.611
38.055
220.443
32.827
154.985
68.403
237.76
80.029
97.282
84.296
93.063
19.309
14.078
46.208
25.895
29.519
63.007
199.492
169.84
231.924
533.66
67.223
102.366
80.468
62.841
53.274
58.846
84.638
198.438
145.434
135.394
112.894
33.698
55.372
302.59
247.324
101.084
101.201
134.714
101.531
172.128
59.594
108.027
134.911
210.083
64.979
42.448
148.337
235.533
58.133
142.241
121.479
323.281
187.583
56.101
212.453
557.075
41.426
90.394
152.925
70.199
50.711
50.894
499.571
60.459
49.244
140.483
285.269
33.833
120.344
46.98
310.637
71.646
23.475
133.852
159.818
183.744
68.815
296.904
125.329
83.163
90.947
170.15
85.032
125.582
65.685
31.295
82.236
141.63
25.39
146.195
112.122
57.349
36.946
108.409
157.891
35.324
95.407
156.016
154.123
19.454
70.866
84.189
42.161
24.938
83.431
345.859
66.762
85.835
226.295
84.361
487.211
36.182
104.968
319.845
200.77
107.516
40.343
170.473
43.021
109.778
85.491
204.348
104.586
92.404
214.306
44.13
92
36.308
68.738
73.192
31.18
75.772
121.726
29.863
69.548
313.034
29.29
144.913
198.957
104.106
185.308
144.408
103.927
23.906
164.039
339.275
104.405
29.86
405.877
232.211
163.996
621.738
245.209
28.776
47.778
67.802
99.521
27.6
218.85
247.009
101.155
73.257
105.32
194.907
252.718
47.481
146.87
156.118
104.386
111.696
90.233
239.971
284.657
173.77
66.323
110.348
399.049
139.502
97.039
40.143
190.783
226.626
149.835
55.867
29.344
74.109
164.917
32.267
166.72
106.748
263.635
162.722
241.064
73.873
262.076
76.172
257.867
136.02
68.534
217.296
53.45
111.684
54.458
42.388
32.513
476.355
43.8
21.238
112.364
94.434
57.164
360.38
56.751
100.939
217.083
55.219
149.099
38.316
82.997
53.039
85.751
249.662
18.588
63.821
52.968
114.852
134.94
40.261
73.992
31.792
271.596
33.178
131.728
91.405
34.309
86.985
40.319
249.581
159.863
87.388
289.245
125.91
43.582
96.784
195.771
159.226
212.159
157.781
19.502
41.828
94.317
234.241
75.084
151.936
34.317
84.391
134.718
95.235
60.482
213.632
142.295
95.495
75.471
90.327
38.59
43.642
57.241
51.011
72.698
137.857
99.644
56.858
172.531
86.025
217.041
148.829
230.897
34.836
109.441
207.82
109.951
84.383
56.054
46.553
250.232
60.543
156.354
465.668
105.946
78.252
110.111
19.82
30.857
109.462
83.97
290.926
30.156
318.241
199.88
28.51
47.568
98.894
67.519
246.674
129.713
91.678
233.048
69.225
74.681
155.9
37.185
71.402
44.607
48.461
76.239
223.26
59.756
41.162
93.204
118.514
25.67
67.652
93.092
51.96
43.627
17.602
169.609
21.314
118.921
63.69
101.278
129.886
32.896
134.665
75.267
141.718
199.771
32.39
99.671
22.215
12.181
106.916
51.623
21.175
104.918
39.536
265.241
96.723
235.13
54.085
36.587
33.766
41.878
76.719
257.215
259.589
123.572
80.381
101.679
47.687
71.366
433.826
152.785
125.307
99.665
162.023
249.167
163.115
7.359
46.93
61.756
85.909
145.998
69.082
227.614
35.369
243.493
230.012
198.423
34.382
45.992
95.101
43.96
815.524
36.099
126.679
634.204
243.077
145.122
50.346
51.073
93.801
108.513
37.816
87.195
58.829
63.968
32.116
72.373
381.087
51.385
268.11
244.75
105.972
41.103
38.868
55.71
18.226
175.287
267.995
227.454
79.613
49.238
138.123
110.697
90.038
66.323
46.473
108.004
280.53
70.876
12.514
218.473
73.354
38.768
36.905
249.02
42.003
61.068
56.357
94.515
81.264
37.229
179.086
181.778
32.967
257.945
29.793
42.472
49.102
358.481
180.355
119.447
40.35
184.982
65.833
110.576
59.505
70.315
32.437
77.346
65.32
46.267
186.43
202.806
47.066
60.736
100.707
665.657
163.698
84.699
410.781
19.904
791.03
176.997
332.095
60.13
17.303
155.118
12.574
70.292
165.161
60.134
144.418
257.85
165.7
213.063
97.314
170.367
233.958
233.958
45.78
155.963
99.408
22.733
105.416
186.896
215.871
191.067
63.654
13.468
130.25
56.095
143.851
117.897
197.65
69.607
73.854
136.352
63.48
93.867
362.362
57.646
215.602
102.103
69.612
61.794
36.57
134.221
71.472
160.975
75.07
68.218
172.42
130.307
167.203
49.778
305.411
82.74
111.11
81.209
112.684
81.011
15.04
84.615
252.2
57.514
100.753
140.799
19.562
131.264
221.745
414.337
40.943
195.895
30.088
99.916
157.06
104.016
72.819
105.889
72.339
286.826
359.511
138.522
81.434
116.402
151.934
91.159
101.957
220.827
184.261
107.168
51.298
52.217
14.202
74.995
125.264
62.691
44.111
261.655
93.687
68.815
227.677
42.712
34.205
94.183
50.813
284.425
276.316
197.274
149.688
55.842
60.578
86.386
76.383
78.292
156.303
94.994
30.057
177.18
58.951
58.881
155.154
225.317
831.816
167.655
211.498
111.651
134.297
93.961
104.077
196.357
116.23
140.626
123.581
214.495
193.954
266.78
346.105
32.932
132.875
37.726
81.492
150.432
83.29
102.115
155.646
77.334
65.44
72.651
175.289
256.965
370.621
65.44
104.276
172.337
89.487
250.164
45.158
84.331
151.166
74.903
112.335
223.13
106.705
295.135
490.303
217.683
215.178
123.063
21.984
58.359
160.416
186.73
612.069
107.101
97.755
201.046
100.2
33.414
217.34
39.46
305.151
24.676
298.792
25.831
62.81
134.135
43.126
26.875
21.604
54.508
451.06
30.908
45.492
118.081
53.088
166.402
211.301
90.68
177.3
14.489
37.649
327.602
95.365
457.684
195.533
67.297
313.585
137.625
151.497
33.814
135.235
110.72
36.679
121.1
23.173
159.41
61.405
101.767
120.775
55.864
40.489
146.477
19.684
25.876
44.99
149.1
67.063
167.579
21.114
288.075
133.289
433.146
232.386
52.582
134.561
246.211
49.276
76.991
43.879
52.41
294.328
33.808
115.828
42.511
24.67
126.311
170.602
188.432
23.165
102.662
143.37
105.823
49.951
131.271
139.255
58.891
178.634
32.728
49.557
41.046
179.845
37.009
354.706
107.16
246.553
122.01
62.777
113.396
39.247
52.832
127.652
144.438
154.052
108.745
47.311
30.032
89.869
70.358
123.027
91.134
296.112
30.135
186.723
122.393
63.833
47.882
111.934
97.584
52.44
91.768
42.819
158.04
42.251
16.562
96.707
395.73
111.078
61.765
91.475
124.376
333.227
167.313
149.305
130.373
92.041
65.365
76.496
51.539
84.937
29.607
111.545
86.135
91.903
106.645
49.28
52.09
90.882
105.226
78.667
112.377
102.233
49.881
94.43
31.677
93.809
84.134
61.322
227.997
111.603
141.384
42.885
168.893
140.222
107.494
208.298
82.768
355.289
110.612
110.352
71.04
36.982
39.659
344.871
308.786
35.033
30.036
422.398
45.541
31.579
134.823
105.834
95.714
176.273
151.963
160.175
120.439
158.432
262.636
150.538
67.61
114.762
40.492
54.149
164.317
169.794
121.101
121.777
33.233
55.399
88.293
56.551
97.728
38.995
88.76
116.554
311.849
259.795
210.087
33.232
288.04
88.896
98.764
235.435
266.993
407.19
72.042
118.107
67.68
288.784
112.36
201.909
11.057
228.56
96.627
106.055
263.357
45.177
21.557
116.871
162.519
93.627
146.383
38.461
94.918
221.779
77.885
59.599
183.807
68.165
37.847
52.466
156.892
13.554
62.33
57.479
140.295
86.473
58.007
158.004
28.219
92.504
138.991
20.235
74.743
259.37
169.552
38.257
215.629
124.734
45.035
45.267
313.959
106.84
62.264
13.112
62.563
69.926
171.534
137.82
298.459
119.513
51.356
65.901
78.104
263.335
220.375
294.464
301.197
47.581
63.494
165.015
143.461
59.36
94.109
31.973
131.234
170.055
312.126
31.067
59.11
21.836
146.171
223.474
97.882
44.489
52.377
44.659
33.419
183.058
66.669
27.115
69.408
86.912
98.6
219.959
185.896
297.42
18.073
19.934
102.36
133.863
44.371
38.623
29.989
68.515
245.124
166.544
314.68
33.117
161.866
306.836
27.374
182.366
87.087
421.46
137.947
47.23
57.707
53.774
30.977
30.977
224.536
39.956
63.252
68.595
60.167
178.552
78.526
262.996
87.696
27.915
72.237
107.93
38.016
100.194
71.189
52.068
77.538
242.284
186.426
71.995
154.797
229.158
65.278
83.486
338.056
34.058
89.446
64.122
51.892
813.389
142.358
183.904
385.618
121.176
85.115
148.252
203.49
63.797
70.094
150.51
27.261
106.338
49.891
42.938
146.202
96.221
44.751
105.03
170.609
49.968
113.649
88.842
338.692
44.164
86.333
28.907
53.604
84.936
87.173
183.775
268.24
190.512
193.848
193.848
283.242
241.746
223.629
100.881
58.791
183.351
46.97
80.658
253.913
71.545
132.705
51.962
92.628
93.061
199.623
41.586
189.796
41.052
65.062
253.507
21.967
68.414
101.089
59.176
75.332
91.175
78.255
76.166
203.706
7.854
128.651
119.362
305.908
83.203
65.559
95.409
343.52
111.466
117.24
490.614
111.489
48.772
641.431
88.89
85.456
159.095
85.146
148.441
305.551
35.738
87.976
67.255
31.778
62.384
37.214
97.576
54.474
207.197
73.501
50.365
154.729
86.631
111.559
95.181
82.228
148.27
69.294
51.465
547.373
167.355
106.355
92.337
365.284
314.283
150.805
315.11
124.931
39.972
444.67
104.239
79.17
254.199
80.914
52.885
75.054
72.481
80.416
196.02
197.356
170.757
39.449
125.548
161.738
133.789
151.652
359.777
73.842
36.903
95.606
355.955
75.56
391.654
45.104
120.748
33.647
37.884
46.973
27.742
234.827
59.123
132.433
21.945
349.483
106.716
84.271
213.612
97.668
52.826
83.044
242.14
80.208
138.062
35.323
33.116
65.458
171.702
22.429
68.896
36.981
106.907
179.951
138.065
63.791
63.791
58.824
171.923
157.054
93.794
350.658
216.159
28.865
259.568
64.562
104.656
164.787
162.697
82.729
64.853
54.369
109.666
16.602
66.52
67.902
60.368
73.537
104.142
233.198
63.857
38.88
68.548
99.62
43.367
85.004
198.659
100.178
54.923
547.47
119.731
80.311
58.102
129.377
510.531
92.532
134.203
58.483
319.928
46.947
303.633
90.554
204.922
38.381
39.264
40.298
104.159
145.229
67.682
157.898
148.305
121.388
44.002
42.217
489.659
102.456
84.89
104.792
180.845
54.02
95.9
148.37
76.499
205.197
158.997
27.676
528.105
140.311
58.013
119.895
72.395
36.962
187.486
248.57
106.58
158.631
187.583
390.602
103.996
39.342
86.319
207.823
403.22
212.114
78.348
78.348
12.162
32.189
36.104
21.407
172.147
73.416
76.239
131.808
104.076
111.852
96.2
114.801
117.34
250.033
72.913
438.413
48.259
114.525
134.458
33.472
257.627
34.091
90.597
53.976
174.857
218.423
93.087
66.904
110.486
63.67
149.393
134.536
62.993
313.895
141.052
183.365
49.608
77.584
182.3
59.604
266.819
44.257
78.48
162.058
93.015
28.619
41.138
50.471
123.979
107.694
211.67
41.388
218.721
59.14
102.446
254.405
31.257
43.092
77.989
40.26
31.792
38.503
105.032
96.872
239.744
37.569
241.637
761.408
97.293
32.17
50.935
50.935
58.781
77.892
58.815
22.928
85.436
24.647
48.185
106.226
95.439
92.051
48.556
96.921
43.457
31.755
158.941
81.832
95.074
150.948
48.12
76.035
65.445
35.827
93.141
54.038
64.608
239.536
50.329
73.614
143.013
25.495
53.827
114.467
185.088
71.856
71.554
43.275
62.468
118.799
205.727
24.786
228.103
217.579
144.878
92.616
84.882
181.924
40.895
104.664
139.831
353.658
43.98
107.534
97.678
28.054
185.361
78.514
69.436
239.412
450.678
138.698
175.822
63.007
359.471
245.031
286.261
138.431
123.012
80.995
155.285
146.439
121.65
117.896
13.116
57.766
75.98
34.411
175.346
77.183
82.876
36.954
107.866
246.672
321.489
265.649
164.226
89.094
35.367
284.103
64.666
257.63
97.864
45.42
316.203
190.368
71.429
107.195
480.051
115.802
240.57
193.857
77.456
161.744
46.616
49.873
97.632
65.904
31.457
75.862
280.789
96.304
113.274
43.394
229.732
91.279
100.262
97.212
65.861
36.685
36.861
490.158
59.511
63.285
38.765
32.392
27.152
94.092
38.286
48.366
161.128
170.213
153.138
402.316
108.961
31.742
108.252
139.861
78.268
140.892
140.892
67.243
69.284
33.521
57.237
75.663
126.465
21.216
109.716
30.741
83.95
83.159
130.539
60.951
57.264
108.982
53.74
29.406
163.556
134.712
104.497
599.301
55.714
162.382
46.008
507.486
119.343
117.618
32.773
210.286
176.302
159.92
118.196
60.855
33.395
145.12
100.1
24.018
170.92
72.82
39.966
181.043
73.877
84.53
32.413
31.072
143.624
43.041
58.335
125.599
56.17
73.012
322.008
83.546
43.132
74.019
77.201
74.812
204.089
235.981
34.339
100.172
56.201
68.136
77.283
27.24
83.134
92.428
37.666
98.084
156.718
108.619
96.339
55.716
66.521
165.114
121.955
19.052
54.25
84.428
240.824
236.768
140.019
175.112
216.033
257.402
35.623
126.37
186.671
559.1
70.882
73.872
180.709
329.264
76.153
132.812
420.036
40.748
72.851
309.414
58.928
141.071
210.993
200.073
121.37
25.614
100.674
223.778
61.244
353.427
73.103
54.92
137.846
158.203
186.577
102.898
139.557
95.263
274.738
32.207
32.232
202.608
39.1
148.765
30.624
108.784
189.619
45.236
24.963
324.137
180.547
249.045
40.706
151.631
138.467
22.27
64.458
226.596
71.861
65.997
108.23
268.546
129.179
125.557
62.523
79.101
319.04
32.646
64.405
52.805
172.668
44.85
104.522
159.045
61.254
28.19
388.174
230.92
83.2
105.26
130.267
55.19
217.306
56.169
114.893
180.479
25.919
138.054
54.624
92.022
188.567
50.272
22.453
161.55
83.361
50.471
152.675
47.398
56.725
129.253
78.306
230.017
26.59
218.341
105.364
161.351
65.932
64.853
29.791
120.983
148.5
90.759
82.812
208.455
137.039
92.929
29.846
135.953
311.771
35.094
112.521
112.123
77.416
146.516
396.31
144.857
36.499
340.118
257.237
81.519
302.182
269.151
101.759
298.345
72.835
116.295
118.422
92.075
175.384
151.746
108.498
43.7
435.66
187.074
94.661
16.044
99.592
411.685
18.167
21.298
30.665
143.48
29.009
225.177
113.261
187.511
54.632
27.365
45.704
484.582
132.618
193.581
56.15
58.575
58.308
199.682
170.92
553.816
214.135
160.651
34.383
170.864
20.515
48.516
139.353
252.093
41.855
136.183
223.89
98.362
201.198
216.672
209.409
70.806
144.374
61.671
87.576
36.892
49.472
272.734
47.947
107.342
49.174
56.89
28.329
67.17
38.351
44.917
91.139
54.647
59.72
66.839
123.047
35.135
55.542
230.161
75.541
29.416
26.154
137.648
392.517
131.56
48.983
51.274
144.541
189.252
111.139
233.3
98.515
56.188
49.428
134.749
165.474
786.276
100.325
140
168.935
24.856
159.815
68.52
53.121
65.575
126.057
235.691
124.245
17.697
468.804
85.336
39.436
104.082
42.169
63.429
160.055
137.093
135.628
21.019
44.381
58.108
39.758
448.046
78.255
100.52
69.069
55.155
82.456
19.324
286.804
380.95
118.919
254.993
47.189
73.539
60.202
92.951
102.472
121.884
55.213
74.657
116.914
24.426
133.481
90.404
270.187
70.5
157.768
28.725
61.578
90.097
229.814
93.37
317.101
106.611
190.129
126.604
128.168
93.915
198.923
39.62
197.843
80.798
89.69
110.594
254.936
244.62
165.079
139.109
29.431
111.072
117.218
351.258
144.74
329.67
37.021
94.287
38.756
58.524
101.22
266.134
46.306
59.332
98.445
212.715
175.285
159.812
66.543
52.257
172.931
80.733
114.129
99.969
30.279
51.022
52.923
262.596
90.683
107.127
44.727
117.992
106.763
92.551
109.233
32.95
504.425
39.28
34.654
48.897
39.377
23.357
84.05
92.588
65.418
74.241
192.097
70.477
511.013
86.774
76.347
127.792
104.165
164.886
97.155
95.934
136.119
82.554
58.923
181.964
94.756
62.087
28.341
44.926
217.24
156.282
79.841
83.725
488.175
52.724
122.029
84.592
196.251
79.021
353.833
17.002
211.616
53.862
46.291
84.436
101.273
109.503
107.464
129.135
311.49
88.884
478.678
281.712
31.573
232.854
262.467
59.551
54.137
19.071
30.646
373.821
139.791
72.236
200.519
105.273
178.975
112.764
45.654
64.856
35.097
74.899
94.138
121.523
164.461
198.284
326.576
154.453
243.474
97.434
69.587
114.429
189.265
338.419
94.432
64.961
43.092
96.778
37.662
383.088
105.212
57.711
58.762
111.889
52.873
94.05
416.636
92.064
104.34
63.632
93.875
111.042
35.954
57.576
55.244
50.348
164.765
237.421
119.02
19.294
557.471
134.483
48.057
162.397
96.492
62.838
72.506
302.842
44.041
182.164
139.22
46.9
185.307
72.593
34.814
48.383
225.887
56.581
49.273
31.785
51.461
96.636
278.899
45.753
41.367
51.466
85.958
155.448
69.805
127.336
133.213
106.734
212.603
179.261
74.162
79.138
46.389
206.597
85.443
156.778
92.323
71.789
120.725
96.547
118.428
363.415
82.443
55.504
55.01
17.989
45.115
209.111
103.4
141.611
70.719
132.58
238.706
40.93
132.495
110.207
9.038
191.079
71.916
31.128
198.422
36.371
211.89
112.953
223.106
64.376
62.232
153.921
325.054
162.979
131.088
99.776
76.389
64.201
93.28
271.823
70.692
66.439
172.56
221.205
108.327
254.174
149.919
90.122
107.536
13.851
160.719
6.593
43.554
245.632
117.423
27.564
220.092
178.169
63.885
41.983
154.453
244.598
113.081
58.626
73.537
29.238
46.541
298.501
115.602
107.723
149.01
116.746
181.097
241.683
80.476
26.503
152.773
357.48
24.218
302.921
121.982
267.857
104.18
49.89
55.759
255.189
237.097
213.673
62.115
216.681
15.471
203.604
163.302
124.706
58.049
52.169
106.538
66.144
55.066
45.373
98.757
21.271
155.79
124.361
102.595
258.714
561.731
27.777
88.012
118.586
151.98
112.827
25.73
126.481
161.294
190.416
37.615
47.832
40.765
39.49
89.221
61.224
43.426
317.9
55.392
218.063
115.13
41.997
316.141
35.892
73.301
72.905
91.021
177.453
119.535
311.45
123.1
146.098
100.359
119.755
37.179
55.219
50.044
52.479
140.75
52.332
309.71
41.794
212.892
170.948
53.513
179.816
85.447
135.734
150.707
219.976
27.651
219.08
69.816
90.088
109.736
287.248
133.064
89.549
56.779
22.098
142.397
54.893
250.478
260.275
209.043
296.259
67.542
178.687
75.124
16.653
70.936
78.619
172.5
26.937
440.541
513.677
57.69
315.861
65.843
31.444
231.88
17.718
104.78
45.437
86.391
620.565
128.416
109.51
65.454
52.195
36.238
117.467
99.669
126.081
92.369
90.791
113.892
52.761
177.376
120.687
78.279
128.416
121.41
44.237
43.436
228.565
132.962
129.021
100.517
21.204
158.775
38.287
113.795
113.678
158.144
164.677
390.577
107.002
107.753
87.744
65.713
126.628
261.351
82.047
60.114
9.235
88.753
82.466
139.556
120.638
146.522
92.351
65.975
35.985
72.11
32.296
20.613
119.989
12.574
148.686
512.253
98.061
103.333
49.794
70.959
129.033
203.015
80.678
138.264
274.317
107.416
178.201
37.386
25.9
293.108
243.678
151.802
110.377
69.082
252.25
47.789
87.593
51.016
117.299
184.139
79.619
30.296
112.513
79.536
34.829
40.12
142.37
59.453
175.12
68.299
180.961
29.685
90.817
190.034
111.122
114.697
53.03
103.467
157.086
104.441
253.514
21.994
77.089
28.271
312.258
342.898
52.081
69.272
36.811
128.46
91.793
744.267
348.674
59.928
239.118
91.304
87.235
176.684
245.034
75.337
30.339
59.045
153.934
42.255
43.042
39.03
70.351
88.555
62.499
123.573
158.646
80.169
77.113
207.629
41.365
140.265
64.695
58.998
196.14
55.21
133.485
105.197
22.877
500.357
135.532
39.859
53.072
47.694
99.89
241.348
85.148
126.393
166.345
69.147
111.06
77.186
157.039
66.989
139.155
206.291
38.306
24.242
146.711
142.352
38.486
53.921
142.647
208.663
319.915
72.315
56.313
38.217
59.059
174.504
44.624
22.796
106.755
379.705
77.811
49.383
151.56
16.763
169.447
207.051
22.722
143.525
79.913
59.12
83.932
201.174
123.491
47.177
703.868
94.232
225.108
25.219
230.484
111.201
156.604
251.788
71.488
115.182
93.721
170.729
43.665
23.059
268.745
256.917
421.461
38.093
63.383
94.668
328.535
135.954
223.675
118.362
453.876
57.21
59.1
75.614
54.495
102.288
17.468
166.073
187.489
52.981
77.135
190.082
21.631
83.831
269.342
309.605
286.996
142.691
197.794
62.139
72.475
287.252
91.705
98.878
210.862
120.438
45.785
78.438
852.627
199.69
53.492
78.341
108.475
79.304
94.273
120.965
141.77
433.698
90.211
49.838
76.007
117.873
73.328
71.893
101.554
48.568
234.31
294.178
60.814
147.677
109.303
37.03
146.145
156.725
291.919
50.178
17.279
27.848
156.513
34.566
28.326
34.939
244.859
199.884
168.011
375.691
56.066
53.984
71.558
92.008
79.856
33.022
107.642
64.859
19.492
262.888
107.437
102.721
122.502
116.8
69.449
81.107
139.855
10.416
22.609
84.639
57.829
185.519
49.423
483.829
59.13
236.01
91.645
60.731
207.811
52.701
164.919
20.004
25.789
199.192
22.61
20.467
103.205
47.643
84.344
42.023
79.354
34.93
117.918
11.549
162.978
91.577
308.844
480.887
37.71
81.196
271.534
88.89
117.566
229.492
160.282
206.658
276.953
263.166
96.438
31.699
76.282
34.363
35.645
438.298
72.457
152.417
219.897
48.069
184.703
47.169
275.855
152.791
244
78.822
234.511
24.169
28.164
100.698
104.512
99.737
117.611
37.635
41.356
155.591
168.687
14.862
76.366
354.253
165.963
262.651
119.241
121.054
158.084
38.974
56.543
93.03
15.377
59.426
45.646
122.326
127.922
209.87
145.362
35.83
361.407
181.366
200.718
35.485
57.612
121.053
64.921
236.693
127.611
123.312
127.73
45.229
36.486
142.849
83.891
23.74
79.883
123.68
36.077
239.364
45.748
66.004
76.723
85.389
606.458
95.009
155.876
181.636
124.708
77.074
45.703
45.102
169.841
160.007
74.208
73.408
206.654
97.536
29.526
497.661
164.039
17.92
277.215
54.76
58.082
97.736
153.044
142.007
64.071
402.954
110.127
74.803
282.532
73.42
64.34
54.055
264.362
114.819
58.45
96.668
133.579
30.099
206.811
222.4
69.678
76.99
50.993
68.936
59.895
260.601
55.186
216.907
76.564
244.968
63.721
80.799
192.347
57.472
46.353
41.634
78.276
56.385
34.088
59.28
56.945
66.901
164.181
36.644
228.039
600.042
68.604
271.029
54.489
38.355
45.452
120.083
44.331
547.96
14.337
51.22
56.166
214.965
231.036
76.284
131.292
32.93
128.137
117.395
57.818
817.567
180.776
55.548
55.548
64.443
101.819
223.677
81.709
187.627
229.813
620.888
34.846
294.571
44.38
54.182
52.162
104.512
42.718
34.297
138.001
123.101
98.432
342.154
121.996
355.222
142.988
49.823
45.793
105.244
95.603
131.072
210.288
176.537
21.909
187.742
223.909
152.972
157.305
61.544
153.71
50.312
55.953
30.339
152.383
34.907
30.733
141.605
116.301
149.083
195.168
82.368
92.409
101.258
189.293
19.127
119.324
243.008
243.008
145.383
31.374
336.088
521.125
73.507
405.058
288.435
185.899
75.238
27.237
50.553
60.705
26.55
53.248
130.49
28.371
32.487
94.9
124.538
37.256
115.779
58.988
283.443
297.03
18.627
68.987
367.45
186.399
57.676
46.439
63.284
163.556
49.778
30.543
99.467
101.252
189.038
89.51
86.595
33.805
60.896
251.64
87.364
175.192
279.163
93.669
160.187
150.443
84.833
65.707
210.478
304.144
301.874
144.975
69.117
215.584
27.454
223.193
93.38
38.522
181.303
39.323
77.053
52.752
87.604
117.857
349.963
38.208
114.526
41.763
350.901
123.378
69.68
106.184
206.646
109.685
38.586
264.433
18.931
109.703
84.232
228.51
134.182
27.366
43.929
84.153
190.528
229.173
196.56
51.353
28.241
50.082
85.765
77.989
255.811
73.462
357.694
263.135
59.651
140.715
114.313
154.121
40.374
99.12
327.517
36.359
192.386
357.81
38.693
371.737
77.805
85.015
22.507
67.397
56.877
25.826
128.133
37.354
374.982
374.23
129.942
192.763
45.226
101.726
135.14
239.482
87.825
193.006
315.218
46.635
125.42
457.612
20.683
548.632
42.829
269.647
148.375
120.18
165.026
346.474
19.53
79.155
243.995
445.676
445.676
37.706
81.638
162.117
18.474
248.87
110.693
222.674
22.136
25.268
80.494
40.338
145.718
171.621
148.974
114.878
144.759
274.304
90.22
54.109
36.664
207.874
185.926
209.68
186.788
69.984
43.6
51.507
61.434
113.334
275.739
39.577
212.329
97.678
62.145
381.98
48.216
255.975
39.829
59.212
88.861
87.736
35.874
72.712
130.593
42.286
33.045
269.304
70.92
197.979
88.857
225.84
134.495
51.926
278.711
131.583
118.885
87.21
53.542
704.17
117.246
117.246
42.875
100.275
128.239
128.239
59.644
22.292
120.137
15.717
42.438
84.501
52.274
129.27
35.469
342.372
219.171
58.04
44.616
239.147
24.182
85.78
124.845
44.896
91.106
50.482
156.368
35.226
30.625
154.121
92.197
177.666
33.695
396.544
212.47
41.66
128.81
175.577
61.228
215.236
65.012
192.791
77.171
123.316
890.269
99.303
271.369
120.457
315.012
127.628
46.529
171.725
138.8
104.377
12.759
94.384
121.469
64.116
84.028
108.344
64.272
105.149
413.36
21.54
67.11
20.253
90.604
57.219
49.127
144.287
63.859
196.757
722.518
74.567
51.621
203.088
149.496
12.869
91.043
46.597
136.358
36.673
33.983
51.257
81.034
85.858
77.619
72.077
205.523
111.043
196.691
105.856
30.753
71.123
268.546
93.372
20.786
250.355
190.005
180.159
44.115
191.37
38.591
166.446
83.423
97.644
168.984
112.809
85.68
127.125
91.175
592.559
341.716
80.558
154.861
113.636
142.32
54.867
43.717
130.004
88.904
60.573
314.793
140.166
82.637
153.529
107.319
63.952
128.161
75.776
175.1
68.352
100.868
77.689
27.435
165.511
50.376
169.579
126.108
107.047
231.966
178.063
143.652
200.759
41.71
63.188
153.99
91.308
67.026
143.79
387.809
31.973
228.684
216.509
83.887
337.771
103.248
103.071
18.502
29.572
75.755
77.953
37.132
244.754
103.935
45.337
50.565
47.294
247.757
172.926
107.47
111.609
95.739
28.866
37.641
161.853
381.826
84.271
61.389
425.686
94.757
30.119
235.85
213.578
198.389
122.431
39.329
69.602
35.473
216.402
66.396
107.351
72.993
163.46
50.634
193.482
141.146
61.922
138.769
492.326
50.622
134.112
61.919
117.126
167.906
40.826
114.255
265.973
186.874
38.271
115.11
70.561
70.512
87.359
104.518
223.849
132.765
236.07
292.67
76.388
12.311
116.565
143.002
121.777
82.404
561.331
150.485
55.388
42.102
25.851
97.253
89.355
137.947
120.005
40.346
111.349
194
54.678
97.676
244.78
50.043
88.372
27.123
117.937
41.716
83.268
74.123
65.392
229.331
57.805
62.184
58.861
135.541
9.567
244.945
129.835
77.644
42.621
88.564
282.03
35.86
100.264
160.378
141.173
208.552
198.181
23.06
214.717
64.351
150.262
51.555
72.597
328.568
94.537
186.55
32.863
45.651
106.197
602.246
45.717
48.628
383.71
99.336
99.809
60.338
50.283
87.424
88.955
150.331
160.3
127.962
76.881
67.472
175.894
61.304
89.573
62.489
63.142
69.688
148.653
69.473
83.156
176.511
66.169
17.692
69.721
67.091
44.337
59.96
44.013
103.978
163.349
233.377
62.982
387.557
123.586
175.634
50.06
112.269
168.26
58.423
60.421
228.596
188.803
82.456
104.151
140.024
41.366
41.366
82.407
348.096
246.396
38.393
82.337
36.682
81.24
37.549
198.596
208.948
105.3
52.414
27.06
125.687
232.295
76.831
23.196
76.537
339.682
38.387
183.562
96.634
97.88
316.484
142.866
113.2
44.555
325.478
63.391
76.275
25.598
54.263
171.283
265.394
330.356
347.224
365.491
130.963
101.79
160.492
129.674
227.328
321.772
46.144
93.956
19.623
66.354
46.71
93.488
88.194
122.195
104.326
221.794
99.647
231.301
34.177
230.444
54.516
72.775
224.038
300.757
112.806
50.84
31.031
97.803
42.535
193.717
63.629
81.717
232.864
117.333
145.921
118.362
69.158
212.07
38.171
59.73
171.656
71.289
47.958
221.283
314.133
36.792
72.572
75.97
80.893
51.264
48.807
36.949
28.222
128.246
68.088
111.548
29.258
274.968
77.202
59.414
39.512
780.493
44.99
86.384
41.664
42.388
185.222
23.187
201.456
83.188
430.514
31.671
193.965
636.174
562.244
56.865
138.324
91.522
34.401
300.891
395.73
6.785
130.488
116.17
210.029
16.885
83.356
87.985
138.052
276.567
135.99
130.9
93.989
97.633
418.568
40.963
108.077
33.622
166.49
20.525
168.894
49.144
62.15
74.44
174.121
101.82
236.31
156.275
46.941
158.97
208.467
15.861
230.322
167.65
235.26
37.308
77.305
263.405
160.239
41.443
311.428
238.011
107.722
99.007
251.406
113.193
95.834
48.231
33.221
26.003
233.032
114.085
87.846
126.181
89.377
128.69
241.62
24.857
143.352
202.8
58.819
259.578
57.936
87.866
52.518
147.635
70.606
338.173
62.659
348.656
135.672
63.397
48.161
62.777
61.191
797.441
207.08
337.288
65.684
55.213
298.786
47.939
747.864
22.328
104.331
29.082
22.434
158.9
84.331
96.71
87.579
276.81
256.378
25.579
147.515
81.244
50.536
33.817
110.177
48.301
59.895
39.587
350.685
0
72.618
44.655
219.999
253.549
89.032
183.893
70.866
133.205
133.205
65.272
57.902
60.021
268.738
338.205
29.019
93.227
39.415
64.924
47.294
133.615
154.125
266.271
277.627
146.976
30.539
196.626
96.899
175.988
93.935
54.816
48.814
91.251
61.28
91.633
84.222
42.239
38.461
81.318
225.466
87.649
176.478
97.333
242.875
89.755
52.236
153.269
85.607
287.041
81.946
118.818
751.302
54.654
75.174
190.625
51.339
491.828
128.662
376.345
8.975
283.686
102.795
31.463
79.738
163.883
29.144
132.178
24.105
149.364
98.587
95.961
15.03
401.792
24.1
76.46
245.44
15.598
48.861
47.749
67.378
59.863
40.543
25.091
272.097
303.894
303.894
127.506
193.594
72.405
6.424
186.512
215.938
312.395
160.416
73.362
58.941
196.22
117.714
703.432
23.424
21.469
179.174
49.482
46.87
131.3
56.309
90.657
56.995
372.299
23.944
169.748
34.508
215.87
46.268
32.318
53.63
37.049
151.388
104.93
67.667
55.813
265.973
142.894
140.242
73.104
123.705
66.134
214.292
102.374
233.904
505.157
53.862
181.379
231.934
215.749
31.941
215.175
25.076
47.617
68.627
131.935
109.431
81.618
97.96
51.451
215.361
170.595
122.525
73.774
303.692
64.765
14.147
188.078
270.007
129.628
244.551
29.563
241.259
28.552
214.383
141.989
70.62
100.475
92.2
126.501
61.1
51.294
105.504
68.216
80.651
247.146
78.158
43.698
289.26
438.257
143.002
133.378
210.788
113.391
402.581
176.777
73
135.806
287.523
155.726
392.372
140.484
158.871
48.341
60.929
77.602
43.422
169.203
74.291
46.317
108.106
240.345
70.18
88.481
261.618
98.766
197.561
24.536
84.829
44.077
42.056
77.362
403.442
68.126
175.607
220.033
90.124
174.377
62.489
314.665
13.56
27.691
155.644
194.457
22.898
134.055
75.236
52.144
70.618
312.224
66.311
89.384
97.284
65.001
56.424
53.027
228.532
24.874
51.824
93.034
185.734
129.589
52.721
272.531
103.119
340.468
159.045
367.095
48.208
48.434
119.643
85.381
57.74
259.615
119.364
71.121
57.498
158.742
98.801
225.618
94.483
56.289
90.212
46.459
51.193
50.448
194.014
229.213
89.348
339.894
156.332
33.887
234.8
67.55
55.415
91.895
126.061
516.653
142.344
184.362
106.582
345.13
195.695
68.079
722.66
213.39
84.822
197.905
92.239
17.984
59.551
118.212
232.826
57.437
35.878
82.314
210.883
56.208
251.447
271.54
99.535
351.771
130.211
65.585
100.116
46.523
66.794
129.734
84.173
34.705
106.809
42.049
37.924
36.824
145.281
251.745
86.91
179.156
58.703
31.357
49
194.208
26.442
123.563
119.042
109.707
31.695
42.448
97.85
24.677
27.945
153.457
140.053
202.543
66.449
97.805
92.586
23.928
69.171
147.589
144.204
64.551
509.172
92.716
358.686
136.337
112.908
38.279
283.323
106.767
73.072
20.532
58.627
63.854
115.197
54.301
84.665
65.997
187.024
96.263
37.188
96.746
34.839
201.538
41.977
141.891
114.336
86.382
55.529
448.755
288.264
57.882
58.248
75.465
32.406
99.231
116.027
34.573
169.675
81.609
22.622
153.017
42.697
133.738
81.617
78.797
109.775
34.511
78.811
170.608
47.428
73.643
22.929
108.898
97.902
88.846
100.185
62.38
100.252
102.443
244.307
19.237
90.592
208.802
432.877
161.002
36.109
299.634
266.655
148.302
92.838
40.489
437.101
96.864
73.217
203.087
41.824
50.719
56.586
50.087
75.656
77.057
43.777
28.993
101.104
52.238
138.355
193.584
244.837
160.978
175.188
86.482
336.08
62.319
106.749
118.347
104.862
85.906
57.222
71.865
243.474
104.495
42.738
124.292
197.429
144.162
278.634
102.558
82.426
128.172
68.87
42.721
76.008
12.406
279.733
89.345
257.486
26.372
47.61
107.408
218.147
12.737
42.532
180.126
71.801
395.168
50.798
79.407
48.949
25.198
66.302
30.078
53.744
22.494
85.022
88.636
557.632
132.894
178.474
182.67
23.126
117.542
23.508
88.189
200.713
94.982
212.542
230.505
133.036
108.054
179.785
127.794
68.338
24.058
49.149
61.687
283.04
117.154
338.38
81.851
37.246
95.533
74.788
196.305
135.819
39.902
136.893
376.441
88.319
76.316
101.897
58.445
151.849
143.989
118.179
238.921
69.982
146.2
153.365
17.376
179.488
73.806
171.31
56.033
53.613
53.54
35.359
132.416
266.993
190.928
41.37
396.857
151.244
62.3
217.731
187.461
125.766
77.778
32.698
295.341
229.251
48.058
108.558
36.687
55.24
154.258
59.429
217.929
61.333
326.568
354.288
75.668
38.76
149.013
85.752
113.445
58.128
74.598
38.441
109.543
165.082
219.878
139.696
145.816
47.693
55.438
143.499
61.75
72.777
292.745
31.818
268.699
91.085
225.359
95.401
169.065
489.762
139.358
169.715
98.594
113.584
42.702
190.549
114.648
108.046
278.767
204.122
134.881
52.684
124.978
60.956
126.469
191.771
167.04
264.676
116.132
70.299
117.928
19.166
48.103
197.26
88.293
36.34
81.779
66.172
148.224
80.655
117.293
56.121
43.895
246.782
51.12
208.758
157.205
79.298
47.578
209.65
81.487
78.983
97.892
48.679
77.85
216.99
99.186
35.966
26.952
32.076
147.605
35.056
57.791
67.882
275.489
46.407
114.359
134.44
183.916
169.836
137.264
89.057
52.401
86.318
277.735
77.619
274.226
10.553
279.971
405.538
258.379
131.443
91.883
38.362
68.356
108.117
87.605
167.846
104.281
360.563
12.344
53.512
35.065
62.373
91.785
214.836
200.198
150.084
172.943
122.137
67.285
88.62
151.483
209.065
239.487
166.327
118.764
120.508
417.381
90.736
14.952
57.426
89.011
51.871
89.743
149.64
37.133
68.079
157.868
202.432
202.68
381.626
10.213
157.449
268.343
51.32
150.855
72.424
166.745
71.022
75.596
43.482
29.02
49.976
427.679
173.797
199.558
73.217
240.014
136.116
154.534
106.433
107.494
59.073
34.457
229.824
108.406
262.068
31.168
93.609
26.108
27.553
76.477
258.049
99.272
56.461
12.574
163.995
413.526
1.853
39.205
172.072
171.482
110.246
30.274
99.35
141.295
34.753
17.833
78.523
413.608
36.764
88.715
61.458
331.176
278.174
282.743
114.277
633.663
292.657
119.097
214.327
41.719
164.312
143.283
56.822
247.2
435.128
40.151
68.48
52.314
41.085
181.916
503.193
78.447
105.046
110.304
58.33
49.454
76.453
103.386
105.176
73.078
31.332
106.675
98.571
152.998
67.276
557.906
250.323
223.287
52.864
124.285
207.91
57.133
39.924
69.79
137.499
448.263
158.533
144.307
26.491
97.21
105.072
41.904
36.106
76.9
35.81
17.233
306.113
185.578
136.884
132.133
19.855
68.505
132.364
61.69
383.043
121.372
98.048
139.987
20.87
19.645
52.696
193.288
217.975
88.424
335.787
82.319
123.98
266.026
301.885
69.028
91.078
79.124
61.43
67.622
45.669
109.616
72.195
185.62
256.457
38.093
133.26
76.25
54.821
36.21
255.174
58.686
35.846
33.766
43.624
189.022
157.238
137.585
37.222
111.824
54.442
177.585
94.209
131.399
209.723
107.765
29.998
37.299
559.444
82.932
45.788
176.643
266.809
198.59
465.564
31.454
35.139
373.968
89.102
177.577
155.364
116.701
47.099
25.878
25.878
88.372
90.906
387.264
133.435
115.77
20.919
105.04
173.671
35.38
120.079
128.107
122.163
75.024
150.176
48.78
42.735
193.673
14.603
34.905
187.92
173.319
269.639
139.287
51.623
52.217
228.615
46.879
38.283
121.554
125.537
39.978
54.422
229.599
28.671
40.547
29.145
82.852
203.533
116.961
190.828
28.499
114.533
111.642
168.054
108.483
14.68
80.623
50.385
36.235
72.022
402.385
21.169
47.694
60.106
50.42
100.143
340.305
54.036
141.153
236.451
61.378
291.909
162.304
99.299
84.428
84.777
91.504
136.882
136.096
54.287
73.029
256.537
76.92
125.098
134.015
480.904
245.094
140.935
61.401
71.14
37.16
220.848
291.136
33.334
111.35
86.171
346.303
57.466
30.331
36.824
53.281
27.892
88.758
222.807
39.085
48.236
78.078
77.518
316.405
144.066
26.434
92.764
90.248
216.708
179.381
94.963
46.607
372.991
19.975
152.422
99.898
245.019
49.186
39.852
100.716
95.347
169.483
48.353
28.717
28.436
157.724
243.784
210.838
100.178
65.66
162.519
118.731
182.277
123.223
50.312
290.429
95.619
92.177
37.014
91.69
60.472
27.446
99.861
79.581
117.595
129.123
12.297
318.993
39.75
156.349
47.44
105.502
92.514
167.619
127.707
139.453
136.495
66.404
127.122
39.55
240.725
30.656
218.292
82.847
82.847
36.372
43.445
133.554
68.059
132.502
152.066
128.438
58.858
211.004
125.681
334.207
51.745
105.488
99.066
16.176
235.85
52.573
44.953
46.655
56.287
26.281
49.043
523.502
72.147
107.378
71.149
120.014
227.918
60.404
91.824
6.984
10.67
121.069
54.458
39.875
66.05
377.792
125.206
223.377
176.794
149.797
161.09
85.286
137.939
90.141
115.544
56.267
35.388
292.189
123.357
28.668
191.55
71.278
60.243
525.739
127.892
224.029
150.055
177.359
144.158
74.126
42.467
37.459
99.939
68.705
203.635
168.056
148.779
148.023
81.802
73.262
147.005
297.383
236.246
153.692
44.305
208.303
141.029
51.899
87.345
504.723
72.206
81.256
201.899
469.75
102.327
73.681
186.953
39.577
115.859
145.473
101.169
69.716
207.524
9.674
77.629
324.399
219.468
178.764
24.7
47.099
418.825
339.437
98.792
50.232
73.736
110.498
350.703
47.828
180.412
179.084
165.001
66.46
40.503
109.879
291.198
42.254
39.854
10.71
36.348
145.578
51.728
60.61
55.545
45.712
150.557
54.12
71.527
139.553
341.941
48.442
163.314
261.392
80.126
201.574
50.12
17.191
209.542
48.465
180.074
192.664
171.234
80.769
261.244
255.892
94.568
193.414
29.333
78.651
42.475
51.62
162.29
52.991
121.106
540.225
57.685
149.757
78.048
203.094
325.58
165.905
53.054
22.135
80.697
59.218
139.962
268.33
161.807
270.16
169.098
140.641
243.514
106.942
33.156
128.922
110.366
139.025
50.095
21.962
130.846
25.231
157.467
236.499
88.015
358.913
64.602
11.655
60.832
116.164
197.244
275.489
311.882
93.752
52.307
132.531
73.471
88.188
252.344
59.639
86.575
116.185
244.899
85.78
152.231
115.898
182.016
14.135
209.21
177.528
108.885
72.07
96.224
32.108
24.579
83.083
21.543
63.646
258.567
60.349
81.27
117.266
64.289
50.498
207.666
66.113
55.832
117.948
72.663
49.671
33.621
83.592
131.248
161.718
105.102
71.139
100.92
114.012
44.514
62.754
78.362
60.693
122.301
131.799
146.818
311.896
160.71
17.742
155.935
240.407
132.945
60.612
127.964
44.771
225.281
57.859
54.503
124.283
106.46
71.265
111.252
266.059
67.765
107
120.556
157.182
111.358
56.716
93.99
67.78
68.161
85.345
84.831
53.746
147.735
314.12
131.28
242.012
24.474
247.782
133.438
59.501
185.178
162.781
262.913
74.432
59.787
18.507
69.818
347.457
53.869
73.729
119.544
312.747
78.029
185.409
167.283
75.776
27.56
33.834
59.961
329.356
30.5
25.024
120.103
71.074
37.999
38.114
173.593
15.497
39.163
84.174
69.203
236.613
123.657
155.355
423.578
123.124
79.068
148.279
55.37
39.104
53.524
44.933
43.669
62.05
86.664
498.108
130.789
26.748
135.322
51.282
29.735
126.108
78.639
125.869
206.243
72.407
64.902
175.167
32.481
207.008
71.124
66.501
48.347
37.54
322.828
220.229
64.412
43.678
147.461
15.947
50.845
40.55
110.962
248.047
241.512
201.469
213.358
186.77
157.388
77.133
99.975
229.71
96.42
19.308
102.334
49.821
5.075
79.777
100.842
106.166
177.815
101.933
62.952
229.844
38.055
97.746
52.621
84.63
484.711
44.11
236.234
283.12
128.888
32.516
224.804
239.809
75.804
143.686
149.47
184.663
98.268
218.977
93.83
181.517
112.402
58.595
175.941
69.809
79.854
261.986
34.415
41.174
152.868
26.964
87.841
230.794
141.639
37.334
69.409
55.02
120.269
385.482
49.423
217.554
116.376
29.753
148.294
242.177
216.083
301.85
66.349
127.642
452.594
51.946
46.847
55.73
257.106
20.118
42.818
54.342
82.867
59.652
70.621
502.303
390.549
87.77
96.124
394.002
93.607
40.677
59.444
73.059
81.384
129.729
313.886
177.926
92.413
42.012
43.305
83.465
242.474
558.939
49.071
77.394
502.761
58.924
90.901
114.276
70.078
53.993
106.689
155.281
89.818
41.153
122.356
76.258
240.014
281.039
145.697
249.166
133.853
90.324
126.037
108.219
132.029
38.387
34.844
105.123
74.357
109.561
42.884
244.947
132.854
107.211
988.044
39.353
27.001
283.137
179.638
95.89
185.341
181.482
52.471
36.682
56.872
77.58
86.573
68.727
108.877
137.91
72.845
66.393
61.974
73.017
112.208
106.248
116.456
349.695
48.62
31.293
63.802
45.146
139.149
221.316
142.085
88.771
381.888
212.229
51.458
18.138
68.799
79.281
64.744
89.532
117.853
143.407
122.961
86.299
81.986
135.768
74.851
140.092
68.401
61.151
161.822
246.147
46.463
481.687
53.209
41.525
148.627
274.226
19.77
27.91
245.731
141.147
