-4.38912175447179
0
0
0
0
0
0.0812262826124531
0
0
0
0.0589222353380144
0
0
0
0
0
0
0
0
0
0
0
0
0
0
0
-0.0724571352856079
0
0
0
0
0
0
0
0
0
0
0
0
0
0
0
0
0
0
0
0
0
0
0
0
0
0
0
0
0
0
0
0
0
0
0
0
0
0
0.0575978920122979
0
0
0
0.654764558252124
0
0
0.660174687377966
0
0
0.425670768782533
0
0
0
0
0
0
0
0
0
0
0
0
0
0
0
0
0
0
0
0
0
0
0
0
0
0
0
0
0
0
0
0
0
0
0
0.265741776485622
0
0.463770370680941
0
0
0
0
0
0
0
0.104740105572393
0.283047909692356
0
0
0
0
0
0
0
0.463178638835989
0.137133878052031
0
0
0
0
0
0
0
0
0
0
0
0
0
0
-0.0674079758386841
0
0
0
0
0
0
0
0
0
0
0
1.0733143318701
0.184770149653496
0.114129552038754
0.743997939921497
0.00803020320131695
0.438857316182797
0
0.267843767688865
0
0
0.091346900876495
0.100306822332952
0.924979039002082
0
0.939903637576374
0
0.966958447016582
0.535399693443386
0
0
0
0
0.489589584070055
0
0
0
0
0
0
0
0
0
0
0
0
0
0
0
0
0
0
0
0
0
0
0
0
0
0
0
0
0
0
0
0
0
0
0
0
0
0
0
0
0
0
0
0
0
0
0
0
0
0.199120590751235
0.183411885663957
0
0
0
0
0
0
0
0
0
0
0
0
0
0
0.48346967889902
0
0
0
0
0
0
0
0
0
0
0
0
0
0
0
0
0
0
0
0
0
0
0
0
0
0
0
0
0
0
0
0
0.0135473172682798
0
0
0
0.351916942342376
0.149079117360563
0
0
0
0
0
0
0
0
0
0
0
-0.116953149584193
0
0
0
0
0
0
0
0
0
0
0
0
0
0
0.140207286090282
0
0
0
0
0
0
0
0
0
0
0
0
0
0
0
0
0
0
0
0
0
0
0
-0.0183364427677769
0
0
0
0
0
0
0
0
-0.120052526047581
0
-0.0737767521494882
-0.352351150620634
0
0
0
0
0
0
0
0
1.57834946022695
0
0
0
0
0
0
0
0
0
0
0
0
0
0
0
0
0
0
0
0
0
0.0277282373615591
0
0
0
0
0
0
0
0
0
2.42304920420947
0
0.00520973027937849
0
0
0
0
0
0
0
0
0
0
0
0
0
0
0
0
0
0
0
0
0
0
0
0
0
0
0
0
0
0
0.00585923137460616
0
0
0
0
0
0
0
0
0
0
0
0
0
0
0
0
0
0
0
0
0
0
0
0
0
0
0
0
0
0
0
0
0
0
0
0
0
0
0
0
0
0
0
0
0.145997907793097
0
0
0
0
0
0
0
0
0
0
0
0
0
0
0
0
0
0
0
0
0
0
0
0
0
0
0
0
0
0
0
-0.0462543463631523
0
0
0
0
-0.135206811236897
0
0
0
0
0
0
0
0
0
0
0
0
0
0
0
0
0
0
0
0
0
0
0.373131860610265
0
0
0
0
0
0
0
0
0
0
0
0
0
0
0
0
0
0
0
0
0
0
0
0
0
0
0
0
0
0
0
0
0
0
0
0
0
0
0
0
0
0
0
0
0
0
0
0
0
0
0
0
0
0
0
0
0
0
0
0
0
0
0
0
0
0
0
0
0
0
0.0823688756479183
0
0
0
0
0
0
0
0
0
0
0
0
0
0
0
0
0
0
0
0
0
0
0
0
0
0
0
0
0
0
0
0
0.0792152755601488
0
0
0
0
0
0
0
0
0
0
-0.294930729183837
0
0
0
0
0
0
0
0
0
0
0
0
0
0
0
0
0
0
0
0
0
0
0
0
0
0
0
0
0
0
0
0
0
0
0
0
0
0
0
0
0
0
0
0
0
0
0
0
0
0
0
0
0
0
0
0
0
0
0
0
0
0
0
0
0
0
0
0
0
0
0
0
0
0
0
0
0
0
0
0
0
0
0
0
0
0
0
0
0
0
0
0
0
0
0
0.118546191061691
0
0
0
0
0
0
0
0
0
0
0
0
0
0
0
0
0
0
0
0
0
0
0
0
0
0
0
0
0
0
0
0
0
0
0
0
0
0
0
0
0
0
0
0
0
0
0
0
0
0
0
0
0
0
0
0
0
0
