-4.37179645056867
0
0
0
0
0
0.22393061267802
0
0
0
0
-0.631023169259409
0
0
0
0
0.642042753915553
0.222467630588241
0
-0.346415653980806
-0.0356317027895488
0
0.0815592198116467
0.457256231452782
0
0
-0.666898366129524
0
0
0
0
0
0.283892747780705
0
0
-0.188351677187772
-0.00734921103691702
0
0
0
0
0
0
0
0
0
0
0
0
0
0
0
0
0
0
0
0
0.130369228273888
0.0246768795655831
-0.123766865064158
-0.0684484928172424
0
0
0
0
0
-0.0450545605742407
0
-0.319026143961458
1.05815031481814
0
0
0.54914476776353
0
0
0.47020697369824
0.247966407110137
-0.294602706747547
-0.144432303506812
0.0801589647728952
-0.153537666288601
0
0
0.0508278288522235
0
0
0.039620709837985
0
0
0
0
0.0225051272213435
0
0
0
-0.0392101232447983
0
0
-0.123043522742278
0
0
0
0
0
0.00526590941358037
0
0
0
0
0
0.426697446358927
0.883513119516468
0.209677632541926
1.00567441339404
-0.0894572636886122
0
0
0
0
0
0
0
1.23681401902761
0
-0.233234904969563
0
0
0
0
0
1.1022785320797
0.525439148020406
0
0
-0.0203770876759887
-0.203232333084212
0
0
0
0
0
-0.268437230831774
-0.187202137769597
0
0
0
0
0
-0.306999826822743
0
0.466319943564685
0.489093685367609
0
-0.0555585682630833
0
0
0
0.309471162789788
1.22342003706827
0.22991450385799
0
0.999473731547403
0
0.0393658298501597
0.0539490711819277
0.170814746873122
0.328752915166416
0.147693611287549
0.303553038798839
0.133193108565531
0.861354984868299
0
1.55448879711454
0
1.11306284323564
0.315966002113594
0
0
0
0
0.181818938146705
0.697336149766296
0
0
0
0
0
0
0
0
0
0
0.0207674971724186
0
0
0
0
0
-0.183970807822657
-0.210797268932705
0.00304740629608052
0
0.0700339059100841
0
0
0.242558798474839
0
0
0
0
0
0
0
0
0
0
0
0
0
-0.0298816512311582
0
0
0
-0.693829548468557
0
0
0
-0.0141063878982796
0
0
0.231885176376526
0.20891189334064
0
-0.192783860282253
0
0
0
-0.0446716929655608
0
0
0.307507150799059
-0.166197510319717
0
0
0
0
0.261564539559199
0
0
0.339661800172998
-1.608237139043
0
0.233348873250789
0
0
0
0.213545590519384
0
0
0
0
0
0
0
0
0.164340684555169
0
0
-0.108118360991824
0
0
-0.356085390577224
0
-0.208111729254639
0
0
0
0
0
0.451829867425953
0
0
0
1.05234295384155
1.08584959463742
0
0
0
0
0
0
0
0
0.0918766419172126
-0.532200099147077
0
-0.14097468011293
0
0
0
0
0
0.328313626147323
-0.822721618095248
0
0
0
0
-0.526566627475166
0
0
0.493887160077723
-0.0722699196638824
0
0.268833042426583
0
0.239023833954322
0
0
0
0
0
0
1.10009076248432
0
0
0
0
0
0
0
0
0
0
0
-0.595409270587263
0
0
0
0
0
0
0
0.32875029640128
-0.508857567669099
0
0
-0.497934469286444
0
0
0
0
0
-0.168944429676179
0
0
1.41020151449589
0
0
0
0
0
0.162527564592186
-0.142997999476869
0.239098746678745
-0.140347527883576
0
0
0
0
0
-0.72193724359923
-0.267611876855689
0
0
0
0
0
0.110201200723666
1.1498295210704
0
0
0
0
0
0
0
0
2.47189280467187
0
1.6586761236584
0
0
0.137399287257698
0
0
0.452899007416766
-0.936149440084977
0
0
0
0
0
0
0
0
0
0
0
0
0
0
0
0
0
0.127725619888177
0
0
0
0
0.0304590880693086
0
-0.490554338938787
0
0
0
0
0
0
-0.0315913476041622
0
0
0
0
0
0
0
0
0
0
0
0
-0.24624181147168
0
0
0
0
0
0
-0.0684077867780122
0
0
0
0
0.245719020700143
0
-0.181190748215969
-0.365901530096038
0.00840604066458442
0
-0.208168611640816
0
-0.198769482342062
-0.147206647803328
0
0
0.675738254203635
0
0.327778108582974
0
-0.136050970604814
0
0
0.0967440379583568
-0.484453301981201
0
0
0
0
0.409836963556266
0
0
-0.413037107480922
0.120424800739024
0
0
-0.238945362229073
0
0.0969783027418133
0
0
-0.160393109379083
-0.0564636312266204
0
0
0
0
0.230323888318114
-0.401488612766834
0
0
0
0
-0.38586293707835
0
0
0
0
-0.23210808029782
0
0
0.192728231344522
0
0
0.255465390260421
0
0.138566618432139
0
0.109234004028931
0
0
0
0
-0.0477112278151534
0
0
1.685187886368
0
0
0
0
0
0.0416494712004155
0
-0.088692445604368
0.1015902917802
0
0
0
0
0
0
0.250705797472282
0
0
0
0.143361271304881
0
-0.395627200742654
-0.0846111421938269
0
0
0
0
0
0
-0.097090118204554
0
0
-0.533401491283787
0.109199224425162
0
0
0
0
0
0
0
0
-0.231807344106039
0
0
0
-0.0503484523029075
-0.440508791529882
-0.0767159878398306
0
0
-0.151110368819365
-0.185164081544385
0
0
0
0
0
1.00869253955549
0
0
0
0
0
0
0
-0.18386868608223
0.0626546451346668
0
-0.283790057754339
0.462183110359074
-0.598083686222132
0
0
0
0
0
0
0
0
0
0
0
0
0
0
0
0
0
0.705122462941823
0
0
0
0
0
0
0
0.502753926057454
0
0
0
0
0
0.766910446525618
0
0
-0.085980023243431
0
0
0
0
0
0
0
-0.083836275326374
-0.643016867090277
0
0
0
-0.175905107977447
0
0
0
0
-1.44157008229404
0
-0.0414573595205694
0
0
0
0
0
0
0
1.00563723202046
0
0
-0.188482904676294
0
0
-0.102189607320709
0
0
0
0
0
0
0
-0.268817391438397
0.0988636506679505
0.276914064267059
0
0
0
0
0
-0.118001514054712
0
0
0
0
0
0
0
0
0
0
-0.384164907028233
0.0516044329285993
-0.12728798444367
0
0
-0.0384910166722643
0
-0.0102367238413132
0
0
0.191587875915123
0.538673960483184
0
0.0766541828440779
-0.11718605577782
0.239827188215038
0
0
0
0
0
0
-0.0674436947298949
0
0
0
0
0
0
0
0
0
0
0
0
0
0
0
0
0
0
-0.38751537695635
0
0.032461099497015
0
0
0
0
0
0
0
-0.126247216988881
0
1.65833851907042
0
0
0
0
-0.110703319895141
0
0
-0.299856783673846
0
0.19443755726763
0
0
0
0
0
0
0
0
0
0
0
0
0
-0.100676637502772
0
-0.265210638493741
-0.265836185850633
0
-0.578083876155508
-0.0573609273347714
0
0
0
0
0
-0.0133187612996446
0.00352915430928427
-1.19389546814294
0
0
0
-0.510128957494522
0
0
0
0
0
0
