-3.84892085653973
0
0
0
0
0
0
0
0
0.0546259452067986
0.217873480259387
0
0
0.0624109781317223
0
0.0155533302477387
0
0
0
0
0
0.082412215412952
0
0
0
0
0.356679868507201
0
0
0
0
0
0
0
0
0
0
0
0
0
0
0
0
0
0
0
0
0
0
0
0
0
0
0
0
0
0
0
0
0
0
0
0.0581035131520792
0.103500422836688
0.188396580314591
0
0
0
0
0
0
0
0
0
0
0
0
0
0
0
0
0
0
0
0
0.16510702816886
0
0
0
0
0
0.0713907217067287
0
0
0
0
0.00471388144114072
0
0
0
0
0
0
0
0
0
0
0
0
0
0
0
0
0
0
0
0
0
0
0
0
0
0
0
0
0
0.502876914849424
0.0596154899210659
0
0
0
0
0
0
0
0
0
0
0
0
0
0
0
0
0
0
0
0
0
0
0
0
0
0
0
0
0
0.315504357439753
0.184383296057498
0.416406607250237
0.342225752180355
0.438757454487769
0.498177966694945
0.18726371095904
0
0.281327369713378
0.474199494249373
0
0
0
0.120904740873757
0
0
0.281890456154839
0
0
0
0
0
0
0
0
0
0
0
0
0
0
0
0.0634594104115214
0.29187968812141
0
0
0
0
0
0
0
0
0
0
0
0
0
0
0
0
0
0
0
0
0
0
0
0
0
0
0
0
0
0
0
0
0
0
0
0
0
0
0
0
0
0
0
0
0
0
0
0
0
0
0
0
0
0
0
0
0
0
0
0
0
0
0
0
0
0
0
0
0
0
0
0
0
0
0
0
0
0
0
0
0
0
0
0
0
0
0
0
0
0
0
0
0
0
0
0
0
0
0
0
0
0
0
0
0
0
0
0
0
0
0
0
0
0
0
0
0
0
0
0
0
0
0
0
0
0
0
0
0
0
0
0
0
0
0
0
0
0
0
0
0
0
0
0
0
0
0
0
0
0
0
0
0
0
0
0
0
0
0
0
0
0
0
0
0
0
0
0
0
0
0
0
0
0
0
0
0
0
0
0
0
0
0
0
0
0
0
0
0
0
0
0
0
0
0
0
0
0
0
0
0
0
0
0
0
0
0
0
0
0
0
0
0
0
0
0.0456286020786842
0
0
0
0
0
0
0
0
0
0
0
0
0
0
0
0
0.312143921094308
0
0
0
0
0
0
0
0
0
0
0
0
0
0
0
0
0
0
0
0
0
0
0
0
0
0
0
0
0
0
0
0
0
0
0
0.0629588224740949
0.203238319453891
0
0
0
0
0
0
0
0
0
0
0
0
0
0
0
0
0
0
0
0
0
0.372000469150121
0
0.0853929791776347
0
0
0
0
0
0
0
0
0.0331623676927971
0
0
0
0
0
0
0
0
0
0
0
0
0
0
0
0
0
0
0
0
0
0
0
0
0
0
0
0
0
0.0124092565125603
0
0
0
0
0
0
0
0
0
0
0
0
0
0
0
0
0
0
0
0
0
0
0
0
0
0
0
0.191173825670875
0
0
0.116531759232192
0
0
0
0
0.0237770239834898
0
0
0
0.143633051736449
0
0.307723568964287
0
0
0
0
0.35242619631569
0
0
0
0
0
0
0
0
0
0
0
0
0
0
0
0.052920324324953
0.00421988653316584
0
0
0
0
0
0
0
0
0
0
0
0
0
0
0
0
0
0
0
0
0
0
0
0
0
0
0
0
0
0
0
0
0
0
0
0
0
0
0
0
0
0
0
0
0
0
0
0
0
0
0
0
0
0
0
0
0
0
0
0
0
0
0
0
0
0
0
0
0
0
0
0
0
0
0
0
0
0
0
0
0
0
0
0
0
0
0
0
0
0
0
0
0
0
0
0
0
0
0
0
0
0
0
0
0
0
0
0
0
0
0
0
0
0
0
0
0
0
0
0
0
0
0
0
0
0
0
0
0
0
0
0
0
0
0
0
0
0
0
0
0
0
0
0
0
0
0
0
0
0
0
0
0
0
0
0
0
0
0
0
0
0
0
0
0
0
0
0
0
0
0
0
0
0
0
0
0
0
0
0
0
0
0
0
0
0
0
0
0
0
0
0
0
0
0
0
0
0
0
0
0
0
0
0
0
0
0
0
