-4.43445805145269
0.000220110243877602
0
0
0
0
0
0
0
0
0.0742285962236483
-0.323325548263196
0.0147327319291771
0
0
0
0.123504960790492
0.217581327612007
0
-0.0698243933104767
0
0
0
0.419453871920743
0
-0.259226153377111
-0.674117356801118
0
0
0
0
0
0
0
0
0
0
0
0
-0.0786141119169248
0
0
0
0
0
0
0
0
0
0
0
0
0
-0.049428936583053
0
0
0
0
0
0
0
0
0
0
0
0
0
0
0
1.05967695170314
0
0
0.482047676389415
0
0
0.359203967203178
0
0
0
0.140123482265754
-0.0178137445795166
0
0
0.195791797796588
0
0
0
0
0
0
0
0
0
0
0
0
0
0
-0.063434702142591
0
0
0
0
0
0
0
0
0
0
0
0.287117895716671
1.08304363550202
0.136983485878928
0.591201165974696
-0.199685583920221
0
0
0
0
0.332335642278305
0
0
0.0116044094259765
0
-0.154329012841236
0
0
0.0459895685819966
0
0.222420536738464
0.418843526128518
0.472272676850051
0
0
0
-0.26610371225429
0
0
0
0
0
0
0
0
0
0
0
0
0
0
0.332532759574909
0.381282514245735
0
0
0
0
0
3.14598481821433e-05
1.06210466911483
0.324456722006274
0
1.00719529367197
0
0.153111220007367
0
0.0579554498889555
0.0407336528168184
0.417160891091882
0.0145376622186121
0.306932602218277
0.719640778718792
0
1.51984076287242
0
1.14017849950112
0.348992282001318
0
0
0
0
0.551109151904449
0.46076797924566
0
0
0
0
0
0
0
0
0
0
0
0
0
0
-0.0304800927740213
0
-0.294130218379392
0
0
-0.0524542839362389
0
0.048903897931278
0
0.368726621011912
0
0
0.00934956196808532
0
0
0
0
0
0
0
0.706620421237445
0
0
-0.32329291414709
0
0
0
0
0
0
0
-0.417290468156508
0
0
0.757932224547687
0.414823069717871
0.00499443085013964
0
0
0
0
0
0
0
0
0
0
0
0
0.316885416228532
0.0288335712679119
0
0
0.213772358311302
-0.378761951493867
0
0
0
0
0
0.364712048002552
0.00269215376474948
0
0
0.0979264656949435
0
0.0255552920691804
0
0
0.584767999719569
0
0
0
0
0
0
0
0
0
0
0
0
0
0.45372312590033
0.0105328375306626
0
0
0
2.11144582570996
-1.02017637914396
0
0.0298351800167297
0
0
0
0
0
0.00174729269976222
0
0
0
0
0
0
0
0
0
-0.587204648509674
0
0
0
0
-0.200357035093309
0
-1.13771153499482
1.18503604172288
-0.129006976643375
0
0.194555094020887
0
0
0
0
-0.172395840752599
0
0
0
0
0
0
0
0
0
0
0
0
0
0
-0.266645901702758
-0.0948440100041091
0
0
0
0
0
0
0
0
-0.179611713427085
0
0
-0.285136704388621
0.080539760693037
0
0
0
0
0
0
0
1.96606408179571
0
0.189027455321432
-0.09584756197452
0
0
0
-0.0745237839827464
0.228892826949491
0
0
0
0
0
0
0
0
-0.574688681443484
0
0
0
0
0.0739940331135739
1.3154320737559
-0.230323622844059
0
0
0
0
0
0
0
3.60365159237899
0.642062751844045
1.00992824897399
0
0
0
0
0
0.559540836406562
-0.556356095515994
0
0
0
0
0
0
0
0
0
0
0
0
-0.229860863561816
0
0
0
0
0
-0.0670138999778367
0
0
0
0
0.20558970472256
-0.000381307919176019
0
0
0
0
0
0
0
0
0
0
0
0
0
0
0
0
0
0
0
0
0
0
0
0
0
0
0
0
0
0
0
0
0
0
0
0
0
-0.104618215580784
0
0
0
0
-0.106782985062906
0.615948694013435
0
0
0
0
0
0.18128155414514
0
-0.0755516923406194
0
0
0
0
0.253127510531656
0
0
-0.39070577576689
0.388806713458367
0
0
0
0
0
0
0
0
-0.0741392508402445
0
0
0
0
0
-0.395314525007428
0
-0.0338204872467157
0
0
-0.438417039833868
0
0
0
-0.206620098232313
-0.132560212446407
0
0
0.30392066664743
0.0117507359321241
0
0
0
0
0
0.540764630388741
0.0715699637858443
0
0
0
0
0
0
0.48618647908788
0
0
0
0
0
0
0
-0.166999484648814
0
0
0
0
-0.0188835462708763
0
0
0
0
0
0
0
0
0
0
0
0
0
-0.0874559278882005
0
-0.165018238577338
-0.154925732184537
0
0
-0.0616418245872248
0
0
-0.171031210219603
0
0
0
0
0
-0.0331573061309782
-0.596947833467579
0
-0.144079431615234
-0.114691568338355
0
0
0
0
0
0
-0.0376215822894144
0
0
0
0
0
0.44910224336258
0
0
0
0
0
0
0
0
0.104436896620829
0
0
0.405866654852472
-0.437389429734585
0
0
0
0
0.0145804782853535
0
0
0
0
0
0
0
0
0
0
0
0
0
0
0
0
0
0
0
0
0
0
0
0
0
0
0.371237749790108
0
0
0
0
0
0
0
0
0
0
0
0
0
0
0
0
0
0
0
0
-0.305986185725306
0
-0.0861886876389892
0
0
0
0
0
0
0
0.1943007084049
0
0
0
0
0
0
0
0
0
0
0
0
0
-0.291112270324876
0
0.077061606703298
0
0
-0.34017064928923
0
0
0
0
0
-0.232698948038708
0
0
0
0
0
0
0
-0.0988983623819124
0
0
0
0
0
0
0
0
0
0
0.355991799327422
0
0.0936783891571053
-0.268879548481384
0
0
0
0
0
0
0
0
0
0
0
0
0
-0.191124901487072
0
0
0
0
0.112295665250789
0
0
0
0
0
0
0
0
0
0
0
0
0
0
0
0
0
0
0
0.676717987839585
0
0
0
0
0
0
0
0
0
0
0
0
0
0
0
0
0
0
0
0
0
0
0
0
0
-0.408385040284555
0
0
-0.0481460367543002
-0.297563185210505
0
0
0.149152141749775
0
0
0
0.151996717384312
-0.550085953032702
0
0
0
0
0
0
0
0
0
0
