-4.14930699968373
0
0
0
0.195591184656358
0
0
0
0
0
0
0
0
0
0
0
0
0.295254166951369
0
0
0.285844505543601
0
0
0
0
0
-0.378820215431326
0
0
0
0
0
0
0
0
0
0
0
0
0
0
0
0
0
-1.80349836343204
0
0
0
0
0
0
0
0
0
-0.0150815490238474
-0.0109600000978853
0
0
0
-0.00609075766651751
0
0
0.25308025719947
0.019280911077314
0.367743434951892
0
0
0
0.336938246113361
-0.0474988247879187
-0.0104508829685504
0
-0.302776480948665
0
-0.115166249509378
0
0
0
0.0962746451448233
-0.29948164540039
0
-0.588136847029738
0
0
0
-0.0328824828101449
0
-0.0303382845180227
0
0
0
0
0
0
0
0
0.308122563556694
0
0
0
0
0
0
0
-0.222050006448426
0
0
0
0
0
0.161568124808353
0
0
0.64964338169722
0.00573235593477338
0.381683108531584
0.489230179069071
0.594473027238974
0
0
0.480177139053935
0
0.0214599606350083
0.00440048176758317
0
0.141859148856509
0
0.0508470357506134
0.417491969362651
0
0
0.646628229021008
0
0
0
-0.441047246682238
0
0
0
0
-0.123931160953181
0
0
0
0
0
0
0
0
0
0.627516111919541
0
0.149354622667227
0
0
0
0
0
0.0316074837678656
0.586218601733342
0
0
0
1.3721723852436
0.714436392977427
0.270349953405763
1.3902077795979
0
0
1.12167404615494
0
0
0.687940188252826
0
0
-0.183128877549448
0
-0.165487515897564
0
0
0.0708358108355065
0
-0.00610366507863268
0
0
0
0
0
-0.0248841374979236
0
0
0
0
0
0
0
0
-0.299221086420415
0
0
0
0
0
0
0
0
0
0
-0.164913573868622
0
0
0
0
0
0
0
0
0
0
0
0
0
-0.010011851780047
0
0
0
0
0.190844737695837
0
0
0
0
0
0
0
0
0
0
0
0
0
0
-0.746571130038014
0
0
0
0
0
0.197930139063514
0
0.58892330569397
0
0
0
0
0
0
0
0
-0.047448449379017
0
-0.0924296561119107
0
0
-0.234681952459737
0
-0.0220059068415882
0
-0.219460170347742
0.104023247807986
0
0
0.210418697026469
0.0223801093791627
0
0
0
0
0
0
0
0
0
0
0
0
0
0
0
0
0
0
0
0
0
0
0
0
0.106185361365248
0
0
0
0
0
0.0241657353341854
-0.0769178072595821
0
0
0
-0.346566393629452
0
-0.215736455298719
0
0
-0.285171434665444
-0.060005775403755
0
0
0
0
0
-0.063706858552763
0
0
-0.260888596550285
0
0
-0.191479424525985
0
0
0
0
0
0
0
-0.0830243415671361
0
0
0
0
0
0
0
0.540725423682795
-0.384145162377305
0
0
0
0
0
0
0
-0.00645491510472536
0
0
0
0
0
0.0885701025532428
0.168107671102644
0.0159478842463311
0
0
-0.0281619531249863
-0.142675007342415
0
0
0
0
0
0
0
0
0
0
0
0
0
0
0
0
0
-0.0378319201573245
0
0
0
0
0
-0.889047257338443
-0.12160774640297
-0.0355308373269682
0
0
0
0
0
0
0
0
0
0
0
0
0
0.0056504290946614
0
0
0
0
0
0
0
0
0
0
0
0
0
0
0
0
0
0
0
0
0
0
0
0
0
0
0
0
0
0
0
-0.0567428360261569
0
0
0
0.181197439840391
0
0
0
0
0
0
0
0
0
0
0.120623927451747
0
-0.328432087748531
0
0
0
0
0
0
0
0.334367094083808
0
0
0
0
0
0
0
0
0
0
0
0
0
0.0848338141993075
0
0
0
0
0
-0.012441929135699
-0.107504625931777
0
0
0
0
0.45872166730664
0
0
0
0
0
0.0217224916035528
0
0
0
0
0
0.463419407667232
0
-0.421064858288409
0
0
0.033313751128772
0
0
0
0
0
0
0
0
0
0
0
0
0
0
0
0
0
0
0
0
0.322148598523103
0.123043011620315
0
0
0
0
0
0
0
0
0
0
0
0
0
0
0
0
0
0
0
0
0
0
0
0
0.0526189022246417
0
0
0
0
0
0
0
0
0
0
0
0
0.0902917711004333
0
0
0
0
0
0
0
0
0
0
0
0
0
0
0
0
0
0
0
0
-0.387936860584459
0
0
0
0
0
0
0.469846928503032
-0.180748668178163
0
0
0
0
0
0
-0.0994927873606436
-0.149117528077587
0
0
0
-0.0488416215654564
0
0
0
0
0
0
0
0
0
0
0
0
0
0
0
0
0
0
0
0
0
0
0
0
0
0
0
0
-0.253959251818525
-0.37706500571254
0
0
0.0872028754545499
0
0
0
0
0
0
0
0
0
0
0
0
0
0
0
0
0
0
0
0
0
0
0
0
0
0
0
0
0
0
0
0
0
0
0
0
0.054026092912697
0
0
0
0
0
0.570699859995127
0
0
0.274059854504151
0
0
0
0
0
0.016619635683161
0
0
0
-0.0625290214647141
0
0
0
0
0
0
-0.0861436762666274
0
0
0
0
0
0
0
0
0
-0.0444058614741332
0
0
0
0
0
0
0
0
0
0
0
0
0
0
0
0
0
0
0
0
0
0
0
-0.108706625355894
0
0
0
0
0
0
0
0
0
0
0
0
0
0
-0.350939392268257
0
0
0
0
0
0.141557816852302
0
0
0
0
0
0
0
0
0
0
0
0
0
0
0
0.0217414474324737
0
0
0
0
0
-0.379788191317412
0
0
0
0
0
0
0
0
0
0
0
0
0
0
0
0
0
