-4.17886334479958
0
0
0
0.111951246780644
0.0455508738753766
0
0
0
0
0
0
0
0
0
0
0
0.416320729813313
0
0
0
0
0
0
0
-0.0636505579546452
-0.0958569139306569
0
0
0
0
0
0
0
0
0
0
0
0
0
0
0
0
0
-0.369132772467903
0
0
0
0
0
0
0
0
0
0
0
-0.232239404879667
0
0
0
0
0
0.0469996666406028
0.109987764478554
0.356655309647323
0
0
0
0.180405384201055
0
0
0
-0.291581562809341
0
-0.0260683878319448
0
0
0
0.0791595008348505
-0.0310161698416752
0
-0.196684916854676
0
0
0
0
0
0
0
0
0.163242286761929
0
0
0
0
0
0.269045579463286
0
0
0
0
0
0
0
0
0
0
0
0
0
0.206310010779687
0
0
0
0
0.0981206358915683
0.084899504078367
0.378642766048397
0
0
0
0
0
0
0
0
0
0
0
0
0
0.235733038953052
0
0
0
-0.15425761795099
-0.176603020373509
0
0
0
0
0
0
0
0
0
0
0
0
0
0.431169345520641
0
0.0485483573127734
0
0
0
0
0
0.0968609265073813
0.551830637732337
0.11245895065617
0
0
1.64016531019475
0.476879040599677
0.466093433646407
1.16052192942322
0
0
0.916489742985769
0
0
0.653997661582174
0
0
0
0
-1.11410377958646
0
0
0
0
-0.38546132794789
0
0
0
0
0
0
0
0
0
0
0
0
0.119100172130108
0
0
0
0
0
0
0
0
0
0
0
0
0
0
0
0
0
0
0
0
0
0
0
0
0
0
-0.0910605892025198
0
0
0
0
0
0
0
0
0
0
0
0
-0.145877232333151
0
0
0
0
0
0
-0.00607005416537869
0
0
1.28581243783911
0
0
0
0
0
0
0
0
0
0
0
0
0
-0.0202312304952763
0
0
0
0
0
0
-0.298089179210756
0
0
0
0
0
0.0997730917576648
0.359573809691503
0
0
0
0
0
0
0
0
0
0
0
0
0
0
0
0
0
0
0
0
0
0
0
0
0
0
0
0
0
0
0
0
0
0
0
0
0
0
0
0
-0.508407706008533
0
0
0
0
0
-0.280848814923566
0
0
0
0
0
0
0
0
0
0
0
-0.0496440316685028
0
-0.0532042996911072
0
0
0
0
0
0
0
0
0.191314250036664
-0.121678479383807
0
0
0
0
0
0
0
-0.115862239838369
0
0
0
0
0
0
0.0385352931684918
0.0526912799673107
0
0
0
-0.189567004215696
0
0
0
0
0
0
0
-0.192836658512173
0
0
0
0
0
0
0
0
0
0
0
0
0
0
0
0
0
-0.496649264119292
0
0
0
0
0
0
0
0
0
0
0
0
0
0
0
0
0
0
0
0
0
0
0
0
0
0
0
0
0
0
0
0
0
0
0
0
0
0
0
0
0
0
0
0
0
0
0
0
0
0
0
0
0
0
0
0
0
0
0
0
0
0
-0.126055251289845
0
0
0
0
0
0.0777032123669706
0.0964926743995212
0.276659372741883
0
0
0
0
0
0
0
0
0
0
0
0
0
0
0
0
0
0
0
0
0
0
0
0
0
0
0
0
0
0
0
0
-0.418772584925508
0
0.00205888869472185
0
0
0.315669685013999
0
0
0
0
0
0
0
0
0
0
0
0
0
0
0
0
0
0
0
0
0
0
0
0
0
0.150958208739785
0.153631921056302
0
0
0
0
0
0
0
0
0
0
0
0
0
0
0
0
0
0
0
0
0
0
0
0
0
-0.0799149982240357
0
0
0
0
0
0
0
0
0
0
0
0
0
0
0
0
0
0
0
0
0
0
0
0
0
0
-0.0707119846608224
0
0
0
0
0
0
0
0
0
0
2.55218322289393
0
0
0
0
0
0
0
0
0
0
0
0
0
0
-0.00754350239229688
0
0
0
0
0
0
0
0
0
0
0
0
0
0
0
0
0
0
0
0
0
0
0
0.0119936660875274
0
0
0
0
0
0
0
0
0
0
0
0
0
0
0
0
0
0
0
0
0
0
0
0
0
0
0
0
0
0
0
0
0
0
0
0
0
0
0
0
0
0
0
0
0
0
0
0
0
0
0
0
0
0
0
0
0
0
0
0
0
0
0
0
-0.15359085823253
0
0
0
0
0
0
0
0
0
0
0
0
0
0
0
0
-0.0219224574165459
0
0
0
0
0
0
0
0
0
0
0
0
0
0
0
0
0
0
0
0.208841396499197
0
0
0
0
0
0
0
0
0.195339057106216
0
0
0
0
0
0
0
0
0
0
0
0
0
0
0
0
0
0
0
0
0
0
0
0
0
0
0
0
0
0
0
0
0
0
0
0
0
-0.23626292829581
0
0
0
0
0
0
0
0
0
0
0
0
0
0
0
0
0
