-4.46966627200259
0.000270335069536335
0
0
0.195328621204105
0
0
0
0
0
0
0
0
0
-0.28030181819881
0
-0.17086564923043
0.599099656440328
0
0
0.32992633366723
0
0.137387346755726
0
0.208526267223538
0
-0.388551324916523
0
0
0
0
0
0
0.31515190717436
0
0
0
0.0345654019618869
0
0
0
0
0
0.47810154299216
-3.09301838786286
0
0
0
0
0
0
0
0.0844630086446428
0
0
0
-0.528350205761281
0.462413704202929
0
0
0
0
0.153767941296235
0
0.269538037160425
-0.146868117566129
0
0.0373207342362364
0.411637194198336
-0.261944005108283
0
-0.0232196354981766
-0.514188309559931
0
-0.166828151236129
0
0.0722578581599309
-0.0605074397481262
0.369010223325845
-0.193655844937439
0
-0.12207565842063
0
0
0
-0.0201434100756404
0
0
0
0.140857800561788
0
0
0
0
0
0
0.490584295427447
0
0
0
0
0
0.219516001025033
0
0.0549605604806246
0
0
0
0.315085433889301
0
0.429480835981807
0.517942158860785
0
0
0
0.909167491001843
1.09006159111696
1.02000991659917
-0.514806774452246
0
1.40462800878585
0
0
0
0
0.298430264699818
0
0.0869713015378202
0
0.768824897060753
0
0.494463669050177
0
0
0
-0.608559831427838
0
0
0
0
0
0
0
-0.1091739611062
0
0
-0.44189976804699
0
0
0
0.967186952310354
0.317201613750528
0.426075256676567
-0.480180855478032
0
0
-0.108502883211967
-0.0443745506614723
0.208515234034137
0.633422697256716
0
0
-0.149511361908779
1.64357282391991
0.88746114395924
0.602117363565543
0.967488093476474
-0.246629705730366
0
1.47747759145429
0
-0.0701653365189828
0.67687187111692
0
0
-0.218125986695289
0
-1.35425802763565
0
0
0
-0.0888950074982409
0
0
0
0
0
0
0
0
-0.357637020456483
0
0
0
0
0
-0.161896748400716
-0.726384450891394
0
-0.180176261333305
0.0526059474298993
0.204287128120109
0
0
-0.187112336464981
0
-0.605493261975536
0
-0.0763620535536261
0
-0.026611397467962
0
0
0
0
0
0
0.2233271283632
0
0
0.0317303264772062
0
0
0
0
-0.576148269393767
0.345951787470582
0.61349346764956
0
0.375267391392549
0
0
0
-0.0538053041358533
0
-0.428899866850269
-0.10710820099313
0
0
0.211229179595772
0
0
-0.736554514345303
0
0
1.02561699613654
0
0
1.19108471811642
0
0.759873079586004
0
0
0.198465726211027
0
0
-0.00480359347908809
0
-0.498299906089756
-0.356266856279635
0
-0.426330013083789
1.2976485871499
0
-1.69982513703273
0
-0.417498658844773
0
0
0
0
0
0.550286444482491
0
0
0
0
0
0
-0.132957418674315
0
0
0
0
0
0
0
0
0.189094838941122
0.86457119262827
0
0
0.215885437341745
0
0.129233642157963
0
0
0
0
0
-0.107403125045543
0
0
0
0.253534995500467
0
0
-0.0351302337972362
0
-0.208163750110093
0
1.63875995732128
0
-0.170013624623582
-0.567442579790245
0
0
0
0
0
0
-0.333553824569024
0
0.0969597796476429
0
0.0832220027386721
0
-0.692945307827175
0
0
0.0485532128575517
0.758285700601749
-0.764611886947754
0.0197095007469348
-0.28045658585064
-0.376487119261475
-0.0667366096663347
0
0
0
0.399553099255319
0.350279569346019
0
0.466019932951346
-0.367678829462362
0
0
-0.178702813407566
0.14462307245622
0.210899725751337
-0.0016981248030895
-0.308972689836084
0
0
0
0
0
0
0.127234664133972
0.171176539233843
0.22106522258985
-0.214897595230891
-0.543782618794657
0
-0.0742683242377737
-0.3611198306462
0
0
0
0
0
0
0
0
0
0
0
0
0
-0.215051305924714
0
0
0
0
0
0
0
-0.332805110780787
-0.880042135387418
0
-0.205676700544766
0
0.188239203931379
0
0
0
1.38760325919253
0
0
0.0682026090939813
-0.15960699572397
0
0
0
0
0
0
0.017832864427721
0
0
0
0
0
-0.0312731260117036
0
0
0.0297015516256893
0
-0.20962788455328
0
0
0
0
0
0
0
0
0
0
0
0
0
0
0
0
0
-0.383515519430007
0
0
0
0
0
0.236475692284494
0
0
0
0
0
0
0
0
0
-0.0179493461787491
-0.314690810962584
-0.0924487105435117
0
0
0
0.0793859734074417
0.314891169263333
0.0394182554583246
0.221188815940386
0
0
0
-0.165566452432996
0.0370482383532112
0
0
0
0
0
0
-0.248866311979146
0
0
0
0
0
0.104799187358556
0
0
-0.246467960889144
0
0
0
0
0
-0.0906910170538013
0
0
0
0
0.232026712956035
-0.105271167769409
0
0
0
0
0.148846795746508
-0.173233929762383
-0.667249024743603
-0.0265664030958744
0
0
-0.334218626577369
0
0
0
0
0
-0.313468622833909
0
0
0
0
0.298939167914389
0
0
0
0.203242503051809
0.274849186366915
0.133665444586511
0
0.196309392905614
0.138224661162297
0.598238473311468
0
0
0
0
0
0
0
0
0
0
0
0
-0.146733410876437
0
0
0
0
0
0
0
0.323627039969791
0.0369084233307631
0
0
0
0
0.0856449202587061
0
0
0
0
0
-0.0279692212109716
0.263017474781313
0
0
0
0.367894727283693
-0.100426350201921
0
0
0.0656972419228952
0
0
0
-0.153429392526742
0
0
0
0
0
0
-0.657035623850104
0
0
0
0
0
-0.116026219981872
0
-0.0197670398951674
0
0
2.20820182195271
0
0
-0.179990865648557
0
0
0
0.0845793661122072
0.129998743121604
0
-0.226811225679633
-0.126164066674469
0
0
0
-0.650035148305606
0
0.0114013682048532
0
0
0
0
-0.274265994540536
0
0
0
0
0
-0.207431291560871
-0.271788858966791
0
0
0
0
-0.0695926783908677
0.0182394613983403
0
-0.183470576161984
0
0.511732247821351
0
0
0
0
-0.533327857099427
0
0
0
0
0
0
0
0
0
0
0
0
0
0
0
0
0
0
0
0
0
0
0
0
0
0
0
-0.756563923259036
-0.263306327394397
0
0
0
0
0
0
0
0
0
0
0
0.227170152016641
0.103698510833568
0
0
0
0
1.38398182230492
0
0
1.77042005821148
0
0
0
0
0.0736040955273046
0
-0.52863686931213
-0.0518765051931507
0
-0.340796530046353
0.0914981009582083
0
0
0
0.333190589325986
-0.190301207182289
-0.207117344851863
0
0
0
0
0.0138062156101419
0.494481018539709
0
-0.258242826394227
0
0
0
-0.0280129564985472
0
0
0
0
0
0
0
0
0.465444372197002
0
0
0
0
0
0
0
0
0.166296366644444
0
0
0
-0.487469645593795
0
0
0
0
0.172920418570032
0.118551869176604
0
0
0
-0.117082306949453
0
0.216441785960613
0
0
-0.369334762713422
-0.169235210569
0
0
0
0
0.137921597934021
-0.0312614280118063
0
0
0
0
0
0
0
0
0
-0.0873378188043906
0
0
0
0
0.0578735635969398
0
0
0
0
0
-0.291518389972195
0
0
0
0
0.18082569410244
0
0.511938873295679
0
0
0
-0.351174830493258
0
0
0
0.927809687161104
0
0
