-4.14047355411305
0
0
0
0
0
0
0
0
0.0368764189574303
0.137034304126435
0
0
0.0354183641258413
0
0
0
0
0
0
0
0
0
0
0
0
0.539920477842929
0
0
0
0
0
0
0
0
0
0
0
0
0
0
0
0
0
0
0
0
0
0
0
0
0
0
0
0
0
0
0
0
0
0.052494111910197
0.037433556942804
0.242600854733398
0.411161790390093
0.0523673148962579
0
0
0
0
0
0
0
0
0
0
0
0
0
0
0
0
0
0
0
0
0.344975867165298
0
0
0
0
0
0
0
0
0
0
0
0
0
0
0
0
0
0
0
0
0
0.243222730183879
0
0
0
0
0
0
0
0
0
0
0
0
0
0
0
0
0
0
0.417702160104616
0.276483547238716
0
0
0
0
0
0
0
0
0
0
0
0
0
0
0
0
0
0
0
0
0
0
0
0
0
0
0
0
0
0.00591435853172192
0.793365071325777
0.392509962185724
0.506215581529854
0.162480787660915
0.572703175484064
0.611516626648963
0
0.350518195326618
0.0130775328915589
0
0.134898341952116
0
0
0
0
0.360477027185295
0
0
0
0
0
0
0
0
0
0
0
0
0
0
0
0.00633078935729414
0.238809809910072
0
0
0
0
0
0
0
0
0
0
0
0
0
0
0
0
0
0
0
0
0
0
0
0
0
0
0
0
0
0
0
0
0
0
0
0
0
0
0
0
0
0
0
0
0
0
0
0
0
0
0
0
0
0
0
0
0
0
0
0
0
0
0
0
0
0
0
0
0
0
0
0
0
0
0
0
0
0
0
0
0
0
0
0
0
0
0
0
0
0
0
0
0
0
0
0
0
0
0
0
0
0
0
0
0
0
0
0
0
0
0
0
0
0
0
0
0
0
0
0
0
0
0
0
0
0
0
0
0
0
0
0
0
0
0
0
0
0
0
0
0
0
0
0
0
0
0
0
0
0
0
0
0
0
0
0
0
0
0
0
0
0
0
0
0
0
0
0
0
0
0
0
0
0
0
0
0
0
0
0
0
0
0
0
0
0
0
0
0
0
0
0
0
0
0
0
0
0
0
0
0
0
0
0
0
0
0
0
0
0
0
0
0
0
0
0
0
0
0
0
0
0
0
0
0
0
0
0
0
0
0
0
0.0173015502000498
0
0
0
0
0
0
0
0
0
0
0
0
0
0
0
0
0
0
0
0
0
0
0
0
0
0
0
0
0
0
0
0
0
0.00314451657623071
0
0
0.445608287971717
0
0
0
0
0
0
0
0
0
0
0
0
0
0
0
0
0
0.0503084441167781
0
0
0
0.360512801254571
0
0
0
0
0
0.179663411325883
0
0
0
0
0.36465180214568
0
0
0
0
0
0
0
0
0
0
0
0
0
0
0
0
0
0
0
0
0
0
0
0
0
0
0
0
0
0
0
0.00344261088503394
0
0
0
0
0
0
0
0
0
0
0
0
0
0
0
0
0
0
0
0
0
0
0
0.205163108774589
0
0.549900842675414
0
0
0.237056067532932
0
0
0
0
0
0
0
0.183869334022034
0
0
0
0.277309208870767
0
0
0
0.0642503330942606
0
0.375575350500708
0
0
0
0
0
0
0
0
0
0
0
0
0
0
0
0
0
0
0
0
0
0
0
0
0
0
0
0
0
0
0
0
0
0
0
0
0
0
0
0
0
0
0
0
0
0
0
0
0
0
0
0
0
0
0
0
0
0
0
0
0
0
0
0
0
0
0
0
0
0
0
0
0
0
0
0
0
0
0
0
0
0
0
0
0
0
0
0
0
0
0
0
0
0
0
0
0
0
0
0
0
0
0
0
0
0
0
0
0
0
0
0
0
0
0
0
0
0
0
0
0
0
0
0
0
0
0
0
0
0
0
0
0
0
0
0
0
0
0
0
0
0
0
0
0
0
0
0
0
0
0
0
0
0
0
0
0
0
0
0
0
0
0
0
0
0
0
0
0
0
0
0
0
0
0
0
0
0
0
0
0
0
0
0
0
0
0
0
0
0
0
0
0
0
0
0
0
0
0
0
0
0
0
0
0
0
0
0
0
0
0
0
0
0
0
0
0
0
0
0
0
0
0
