-4.12800346878122
0
0
0
0
0.115252072197923
0
0
0
0
0
0
0
0
0
0
0
0.423968479268117
0
0
0.0212502541965309
0
0
0
0
0
-0.241267929448282
0
0
0
0
0
0
0
0
0
0
0
0
0
0
0
0
0
-0.399569950529797
0
0
0
0
0
0
0
0
0
0
0
0
0
0
0
0
0
0.401409581778508
0
0.253525365984633
0
0
0
0.070994502488289
-0.0727716221827207
0
-0.0814863933396355
0
0
0
0
0
0
0.136549533023621
-0.0210456375663244
0
-0.434349424411568
0
0
-0.289841487104985
0
0
0
0
0
0.647362874104547
0
0
0
0
0
0.192732170672238
0
0
0
0
0
0
0
0
0
0
0
0
0
0.198722279956432
0
0
0.0402753659937173
0
0.303794917811245
0.945672134972372
0
0
0
0.23267943068753
0
0.0105630275971612
0
0
0.100863193341146
0
0.117961996887111
0
0
0
0.370996210118731
0
0
0
0
0
0
0
0
0
0
0
0
0
0
0
0
-0.228582300492109
0
0.202820206784929
0
0.248565651697319
0
0
0
0
0
0.246764237500976
0.406937615527399
0
0
0
1.5174911924624
0.461308111922091
0.459716234849047
1.21099769906876
0
0
0.993334761786677
0
0
0.610788817922348
0
0
-0.00968562419427248
0
-0.370829154477267
0
0
0
0
-0.18659737399511
0
0
0
0
0
0
0
0
0
0
0.213641325639636
0.348927670178173
0.583255380055295
0
-0.425070233296359
0
0
0
0
0
0
0
0
-0.168213649233876
0
0
0
0
0
0
0
0
0
0
0
0
0
0
0
0
0
0
0
0
0
0
0
0
0
0
0
0
-0.344724655057773
0
0
0
0
0
0
-0.0129943366883097
0
0
0.538566702100637
0
0
0
0
0
0
0
0
0
0
0
0
0
0
0
-0.743763228151497
0
0
0
0
0
0
-0.0793254289335228
0
0
0
0
0
0
0
0
0
0
0
0
0
0
0
0
0
0
0
0
0
0
0
0
0
0
0
0
0
0
0
0
0
0
0
0
-0.0910214690467053
0
0
0
-0.13879024135557
0
0
0
0
-0.0958690240501644
0
0
0
0
0
0
0
0
0
0
0
0
0
0
0
0
0
-0.206697180280369
0
-0.41576031306346
0
0
0
0
0
0
0
0
0.44383807669266
0
0
0
0
0
0
-0.0649661779666907
0
0
0
0
0
0
0
0
0
0
0
0
0
0
0
0
0
0
0
0
0
0
0
0
0
0
0
0
0
0
0
0
0
0
0
0
0
0
0
-0.448600850151625
0
0
0
0
0
0
0
0
0
0
0
0
0
0
0
0
0
0
0
0
0
0
0
0
0
0
0
-0.00491908398001411
0
0
0
0
0
0
0
0
0
0
0
0
0
0
0
0
0
-0.0441197392029958
0
0
0
0
0
0
0
0
0
0
0
0
0
0
0
0
-0.0481358793463048
0
0
0
0
0
0
0
0.216138994952939
0
0
0
0
0
0
0
0
0
0
0
0
0
0
0
0
0
0
0
0
0
0
0
0
0
0
0
0
0
0
0
0
-0.0409805576509466
0
0
0
0
0.238706049818408
0
-0.419745886067346
0
0
0
0
0
0
0
0
0
0
0
0
0
0
0.0902547223189851
0.0485928918086871
0
0
0.424709338824571
0
0
0
0
0
0.482589682836919
0
0
0
0
0
0
0
0
0
0
0
0
0
0
0
0
0
0
0
0
0
0
0
0
0.129531739232575
0
0
0
0
0
0
0
0
0
0
0
0
0
0
0
0
0
0
0
0
0
0
0
0
0
0
0
0
0
0
0
0
0
0
0
0
0
0
2.67172740852354
0
0
0
0
0
0
0
0
0
0
0
0
0
0
0
0
0
0
0
0
0
0
0
0
0
0
0
0
0
0
0
0
0
0
0
0
0
0
0
0
0
0
0
0
0
0
0
0
0
0
0
0
0
0
0
0
0
0
0
0
0
0
0
0
0
0
0
0
0
0
0
0
0
0
0
0
0
0
0
0
0
0
0
0
0
0
0
0
0
0
0
0
0
0
0
0
0
0
0
0
0
0
0
0
0
0
0
0
0
0
0
0
0
0
0
0
0
0
0
0
0
0
0
0
0
0
0
0
0
0
0
0
0
0
0
0
0
0
0
0
0
0
0
0
0
0
0
0
0
0.000607222765511793
0
0
0
0
0
0
0
0
0
0
0
0
0
0
0
0
0
0
0
0
0
0
0
0
0
0
0
0
0
0
0
0
0
0
0
0
0
-0.0884083363403933
0
0
0
0
0
0
0
0
0
0
-0.395695607513177
0
0
0
0
0
0
