-4.19017883878792
0
0
0
0
0
0
0
0
0
0
0
0
0
0
0
0
0.321806713162906
0
0
0.0721150584619855
0
0.0168134884373234
0
0
0
-0.020795752444915
0
0
0
0
0
0
0
0
0
0
0
0
0
0
0
0
0
-1.30198569622638
0
0
0
0
0
0
0
0
0
0
-0.0197194241701675
-0.261380364280152
0
0
0
0
0
0.176156433572227
0
0.323053486313134
0
0
0
0.149780841837339
-0.145091628999978
-0.189939053836495
0
-0.109234956202681
0
-0.155931606525224
0
0
0
0.2026126064549
0
0
-0.281268511417417
0
0
0
0
0
0
0
0
0
0
0
0
0
0
0.317937109831892
0
0
0
0
0
0
0
0
0
0
0
0
0
0.226504360994514
0.098630872655292
0
0
0
0.47694241527964
1.09433058385386
0.097712726132804
0
0
0.483830689784849
0
0.0262697226532665
0.0617867696317155
0
0.281242423768313
0
0.0105333983214967
0
0
0
0.819017319642963
0
0
0
-0.434812548963333
0
0
0
0
0
0
0
0
0
-0.283404528486893
-0.08386672657543
0
0
0
0.210766166646281
0
0.177747105559292
0
0.0985990791931242
0
0
0
0.0603290389307859
0.500295145686475
0.0213819142721984
0
0
1.35322381448047
0.623898810404725
0.574150741401426
1.05211098371666
-0.286336003636675
0
1.28482857882286
0
0
0.848563082929425
0
0
0
0
-0.712898214103661
0
0
0
0
-0.445445772107648
0
0
0
0
0
0
0
0
0
0
1.18488123814461
1.21079658938497
0
0
-0.359210005779673
0
0
0
0
0
0
0
0
0
0
-0.268368055787504
0
0
0
-0.0665064148823517
0
0
-0.187583389637793
0
0
0
0
0
0
0
0
0
0
0
0
0
0
0
0
0
0
0
0
0
0
0
0
0
-0.21061400489387
-0.532658551868744
0
0
0.802080360429357
0
0
0.854149234667288
0
0.400520491659266
0
0
0
-0.681748220440193
0
0
0
0
-0.613031217334043
0
-0.223350016903054
0
0.344375838463667
0
0
0
0
0
0
0
0
0
0.208692044280777
0
0
0
0
0
0
0
0
0
0
0
0
0.018210789978662
0
0
0
0
0
0.0533097350618167
0
0
0
0
0
0
0
0
0
0
0
0
0
0
0
0
0
0
0
0
0
-0.719608137206259
-0.223368830775527
0
0
0
0
-0.186581619374452
0
0
0
0
0.0967113318534189
0
0
0
0
0
0
0
0
0
-0.132306970584434
0
0
0
0
0.0626328730503654
0
0
0.522057473355239
-0.378316249375309
0
0
0
0
0.315632139904569
0
0
0
0
0
0
0
0
0
0
0.0695879317857663
0
0
-0.0385971952262001
0
0
0
0
0
0
0
0
0
0
0
0
0
0
0
0
0
0
0
-0.0793242053447485
0
0
0
0
0
0
-0.718523891848053
0
0
0
0
0
0
0
0
0
0
0
0
0
0
0
0
0
0
0
0
0
0
0
0
0
0
0
-0.00190197359432387
0
0
0
0
0
0
0
0
0
0
0
0
0
0
0
0
0
-0.149523391981867
0
0
0
0
0
0.0299414904113542
0
0
0
0
0
0
0
0
0.0230755246264057
0
-0.0701801138624873
0
0
0
0
0
0.356071117532539
0
0.0213442121608938
0
0
0
0
0
0
0
0
0
0
0
0
0
0
0
0
0
0
0
-0.152254338406037
0
0
0
0
0
0.202607117081827
0
0
0
0
0
0
-0.227479380686635
0
0
0
0
1.10117097857671
0
-0.232696666144944
0
0
0
0
0
0
0
0
0
0
0
0
0
0.00217223266666775
0.152038896825874
0
0
0
0
0
0
0
0.0184156130360887
0.300596045658947
0.405207301089782
0
0
0
0
0
0
0
0
0
0
0
0
0
0
0
0
0
0
0
0
0.0314989998379721
0
0.0523509141763305
0
0.281038975275808
0
0.0156477699725288
0
0
0
0
0
0
0
0
0
0
0
0
0
0
0.00471991635038071
0
0
0
0
0
0
0
0
0
0
0
0
0
0
0
0
-0.02302090499506
0
0
0
0
4.49499630837288
0
0.194354980164982
-0.170236636807626
0
0
0
0
0
0
0
0
0
0
0
-0.0940511001930299
0
0
0
0
0
0
0
0
0
0
0
0
0
0
0
0
0
0
0
0
0
0
0
0
0
0
0
0
0
0
0
0
0
0
0
0
0
0
0
0
0
0
0
0
0
0
0
0
0
0
0
0
0
0
0
0
0
0
0
0
0
0
0
0
0
0
0
0
0
0.108213601105137
0
0
0
0
0
0.429267037812992
0
0
0.0422586413531339
0
0
0
0
0
0
0
0
0
0
0
0
-0.165749375498254
0
0
-0.340975568817684
-0.0482192386261309
0
0
0
0
0
0
0
0
0
0
0
0
0
0
0
0
0
0
0
0
0
0
0
0
0
0
0
0
0
0
0
0
0
0
0
0
0
0
0.0446503720818814
0
0
0
0
0
0
0
0
0
-0.126737757993061
0
0
0
0
0
0.129608161028856
0
0
0
0
0
0
0
0
0
0
-0.0369210754222518
0
0
0
0
0
0
0
0
0
0
-0.296752517660871
0
0
0
0
0
0
0
0
0
0
-0.00626372075244639
0
0
0
0
0
0
