-4.23641900674712
0
0
0
0
0
0
0
0
0
0
0
0
0
-0.0172908330613715
0
0
0.377198306283
0
0
0
0
0
0
0
-0.101867598224233
-0.0945346471284082
0
0
0
0
0
0
0.136567578684899
0
0
0
0
0
0
0
0
0
0.14501871862665
-0.753048168210659
0
0
0
0
0
0
0
0
0
0
0
-0.269237886403217
0
0
0
0
0
0.325391454850408
0
0.20547390847406
0
0
0
0.0191911830520339
-0.118193041837131
0
0
-0.192149495794917
0
0
0
0
0
0.235041744210828
0
0
-0.69455179621073
0
0
-0.0281476540424253
0
0
-0.10646682536759
0
0
0
0
0
-0.0538301468815418
0
0
0.440234882696361
0
0
0
0
0
0
0
0
0
0
0
0
0
0.3052557420536
0
0
0.57830010569089
0.0598215227645958
0.806086062517603
0.426656083593698
0.464459406100646
0
0
0.743632568518272
0
0
0
0
0
0
0.126977536418519
0
0.712533325472393
0
0.628627334865587
0
0
0
0
-0.185347283430291
0
0
0
0
0
0
0
0
-0.0399237828560264
-0.152520955028547
0
0
0
0.35376062679033
0
0.401631943301039
-0.20437369603334
0.101497409454862
0
0
0
0.0257366271584585
0.543888524871855
0
0
-0.0193633889099516
1.45740321412335
0.746488823672583
0.365253776590678
1.06921381518953
0
0
1.26572399470154
0
0
0.620243736179361
0
0
-0.181071017527612
0
-0.0727363232932293
0.150274162974716
0
0.00476522490856289
0
-0.167101413334907
-0.0269426508437776
0
0
0
0
0
0
0
0
0
0.105031316724405
0.388680626697417
0
0
0
0
0
0.000448994198578115
0
0
0
0
0
-0.696275114267346
0
-0.0725793420650103
0
0
0
0
0
0
0
0
0
0
0
0
0
-0.075239994641468
0
0
0
0
0
0
0
-0.0657354597421817
0
0
-0.126633672201851
0
-0.221821920756591
0
0
0
0
0
-0.15374459196486
0
0
0
0.947022651196006
0
0
0
0
0.562358818992115
0
0
0
0
0
0
0
0
0
0
-0.0142340484420249
0
0
0
0
-0.728209196987536
0
-0.0795261469340185
0
0
0
0.0657579220830081
0
0
0
0
0
0
0
0
0
0
0
0
0
0.142169425636205
0
0
0
0
0
0
0
0
0
0
0
0
0
0
0
0
0
0.114715200295631
0
0
0
0
-0.206631718756866
0
0
0
0
-0.401891729326488
-0.328555796404647
0
0
0
0
0
-0.0504801598445216
0
0
0
0
0
-0.0873771718176871
-0.00329992729442893
0
0
0
0
0
0
0
0
0
0
0
0
0
0
0.722547343288253
-0.0389920844439874
0
0
0
0
0.0688962878161557
0
0
0
0
0
0
0
0
0
0
0.190279992527991
0
0
-0.0489502665682161
-0.347969660523875
-0.231621542766552
0
0
0
0
0
0
0
0
0
0.00728714937023041
0
0
0
0
-0.0639515575264048
0
0
0
0
0
0
0
0
0
-0.203010133170698
0
0
0
0
0
0
0
0
0
0
0
0
0
0
0
0
0
0
0
0
0
0
0
0
0
0
0
0
0
0
0
0
0
0
0
0
0
0
0
0
0
0
0
0
0
-0.0385489196713533
-0.313220321823873
0
0
0
0.144492766412372
0
0
0
0
0
0
0
0
0
0
0
-0.103051501155694
0
0
0
0
0
0
0
0.32762709881064
0
0
0
0
0
0
0
-0.0809303049217825
0
0
0
0
0
0
0
0
0
0
0
-0.050973971568215
-0.264436247623932
0
0
0
0
0.254151020371084
0
0
0
0
0
0.00704273557480716
0
0
0.620197226018491
0
0
0.648037447614473
0
-0.27627440147376
0
0
0
0
0
0
0
0
0
0
0
0
0
0
0.679847391865786
0
0
0.117656214096271
0
0
0
0
0
0.0990670561687552
0
0
0
0
0
0
0
0
0
0
0
0
0
0
0
0
0
0
0
0
0
0
0
0
0
0.0978136710675977
0
0
0
0
0
0
0
0
0.201759941229712
0
0
0
0.0953255498912807
0
0
0
0
0
0
0
-0.0056657689806967
0
0
0.0523257452035779
0
0
0
0
-0.0688126261603146
0
0
0
0
0
0
0
0
0
2.45875759043625
0
0.213959445576692
-0.175743548206632
0
0
0
0
0
0
0
0
0
0
0
-0.288979477219754
0
0
0
0
0
0
0
0
0
0
0
0
0
0
0
0
0
0
0
0
0
0
0
0
0
0
0
0
0
0
0
0
0
0
0
0
0
0
0
0
0
0
0
0
0
0
0
0
0
0
0
0
-0.12651195965486
0
0
0
-0.00026162809455458
-0.313487966647237
0
0
0
0
0
0
0
0
0
0
0
0.0174978269377493
0
0
0
0
0
0
0
0
0
0
0
0
0
0
0
-0.0649680874275868
0
0
-0.133282916634671
0
0
0
0
0
-0.400670424826736
0
0
0
0
0
0
0
0
0
0
0
0
0
0
0
0
0
0
0
0
0
0
0
0
0
0
0
0
0
0
0
0
0
0
-0.075601447956121
0
0
0
0
0.307325201323431
0
0
0
0
0
0
0
0
0
-0.207860061120408
0
0
0
0
0
0.179028447658018
0
0
0.0307082896664702
0
0
0
0
0
0
0
0
0
0
0
0
0
0
0
0
0
0
-0.105579191910561
0
0
0
0
0
0
0
0
0
0
-0.242106241415516
0
0
0
0.247290643443156
0
0
