-3.73306740124793
0
0
0
0
0
0
0
0
0
0
0
0
0
0
0
0
0
0
0.0476798652605818
0
0
0
0
0
0
0.0147388506474006
0
0
0
0
0.138350546805772
0
0
0
0.351067701494199
0
0
0
0
0
0
0.353141117707206
0
0
0
0
0
0
0
0
0
0
0
0
0
0
0
0
0
0
0
0
0.146939830186145
0
0
0
0
0
0
0
0
0
0
0
0
0
0
0
0
0
0
0
0
0
0
0
0.287130500514254
0
0
0
0
0
0
0
0
0
0
0
0
0
0
0
0
0
0
0
0
0
0
0.546918287487122
0
0.122994402621618
0
0
0.143401321143221
0
0
0.0827409661366348
0
0
0
0
0.148947577911929
0
0
0.10646681484634
0.0166512471032783
0.284434672550084
0.173710835633034
0.146829037732944
0
0
0
0
0
0
0.0126683415722893
0.0888678212229355
0
0
0
0
0
0
0
0
0
0
0
0.306560365754664
0
0
0.0269340334655451
0.151485674186178
0
0.184464804439446
0
0
0
0
0.0411171235437032
0
0.194527653107191
0
0.26932295401268
0.118804918543707
0.43380202580129
0.185732056830921
0.275431819378358
0
0.187668500888132
0
0
0
0.485009154622492
0
0
0
0
0
0
0
0
0.240185942198601
0
0
0
0
0
0
0
0
0
0
0
0
0
0
0
0
0
0
0
0
0
0
0
0
0
0
0
0
0.0356034041586283
0
0
0
0.0450050106174055
0
0
0
0
0
0
0
0
0
0
0
0
0
0
0
0
0
0.0268610790450083
0
0
0
0
0
0
0.066536160626864
0
0
0
0
0
0
0
0
0
0
0
0
0
0
0
0
0
0
0
0
0
0.0778952704763066
0.221385936263625
0
0
0
0
0
0
0
0
0
0
0
0
0
0
0
0
0
0
0
0
0
0
0
0
0
0
0
0
0
0
0
0
0
0
0
0
0
0
0
0
0
0
0
0
0
0
0
0
0
0
0
0
0
0
0
0
0
0
0
0
0
0
0
0
0
0
0
0
0
0
0
0
0
0
0
0
0
0
0
0
0
0
0
0
0
0
0
0
0
0
0
0
0
0
0
0
0
0
0
0
0
0
0
0
0.0965653960199398
0
0
0
0
0
0
0
0
0
0
0
0
0
0
0
0
0
0
0
0.0973366613057106
0
0
0
0
0
0
0
0
0
0
0
0
0
0
0
0
0
0
0
0
0
0
0
0
0
0
0
0
0
0
0
0
0
0
0
0
0
0
0
0
0
0.147528760796862
0
0
0
0
0
0
0
0
0
0
0
0
0
0
0
0
0
0
0
0
0
0
0
0
0
0
0
0
0
0
0
0
0
0
0
0
0
0
0
0
0
0
0
0
0
0
0
0
0
0
0
0
0
0
0
0
0
0
0
0
0
0
0
0
0
0
0
0
0.0823371194716505
0
0
0
0
0
0
0
0
0
0
0
0
0
0
0
0
0
0.00602731959053216
0
0
0
0
0
0
0
0
0
0
0
0
0
0
0
0
0
0
0
0
0
0
0
0
0
0
0
0
0
0
0
0
0
0
0
0
0
0
0
0
0
0
0
0
0
0
0
0
0
0
0
0
0
0
0
0
0
0
0
0
0
0.111685776287485
0
0
0
0
0
0
0
0
0
0
0
0
0
0
0
0
0
0
0
0
0
0
0
0
0
0
0
0
0
0
0
0
0
0
0
0
0
0
0
0
0
0
0
0
0
0
0
0
0
0
0
0
0
0
0
0
0
0
0
0
0
0
0
0
0
0
0
0
0
0
0
0
0
0
0
0
0
0
0
0
0
0
0
0
0
0
0
0
0
0
0
0
0
0
0
0
0
0
0
0
0
0
0
0
0
0
0
0
0
0
0
0
0
0
0
0
0
0
0
0
0
0
0
0
0
0
0
0
0
0
0
0
0
0
0
0
0
0
0
0
0
0
0
0
0
0
0
0
0
0
0
0
0
0
0
0
0
0
0
0
0
0
0
0
0
0
0
0
0
0
0
0
0
0
0
0
0
0
0
0
0
0
0
0
0
0
0
0
0
0
0
0
0
0
0
0
0
0
0
0
0
0
0
0
0
0
0
0
0
0
0
0
0
0
