-4.31579552390095
0
0
0
0
0
0
0
0
0
0
0
0
0
0
0
0.12212377513795
0
0
0
0
0
0
0
0
0
-0.0960573394645201
0
0
0
0
0
0
0
0
0
0
0
0
0
0
0
0
0
0
0
0
0
0
0
0
0
0
0
0
0
0
0
0
0
0
0
0
0
0
0
0
0
0
0.553035529931881
0
0
0.527640828219626
0
0
0.18516429449138
0
0
0
0
-0.0416034787208704
0
0
0
0
0
0
0
0
0
0
0
0
0
0
0
0
0
0
0
0
0
0
0
0
0
0
0
0
0
0
0.833741286929972
0
0
0
0
0
0
0
0.246030259681342
0
0.358329537771618
0.0360779134302532
0.108187223325266
0
0
0
0
0
0
0.197670522632561
0
0
0
0
0
0
0
0
0
0
0
0
0
0
0
0
0
0
0
0.0195216099079441
0.0892170121382777
0
0
0
0
0
0.171583702619248
1.14438964204316
0.295627102692861
0
0.590620428657562
0
0.0721919373901149
0
0.17637041358303
0
0.271304232034435
0
0.0479844103453521
1.22369370499648
0
0.874131608616767
0.280176005686932
1.00413853647325
0.77111008484122
0
0
0
0
0.179455421273762
0
0
0
0
0
0
0
0
0
0
0
0
0
0
0
0
0
0
0
0
0
0.0100251965262171
0
0
0.121543128913121
0
0
0
0
0
0
0
0
0
0
0
0
0
0
0
0
0
0
0
0
0
0
0
0
0
0.00152895311564519
0
0
0
0
0
0
0
0
0
0
0
0
0
0.0677236164923702
0
0
0
0
0
0
0
0
0
0
0.424434138100805
0
0
0
0
0
0
0
0
0
0
0
0
0
0
0
0
0
0
0
0
0
0
0.155879977698923
0
0
0
0.196628614087914
0
-0.064008515369394
0
0
0
0
0
0
0
0
0
0
0
0
0
0
0
0
0.159368166671526
0
0
0
0
0
0
0
0
0.0767555369718032
0
0
0
0
0
0
0
0
0
0
0
0
0
0
0
0
0
0
0
0
0
0
0
0
0
0
0
0
0
0
0
0
-0.287890193497009
0
-0.185558762049107
-0.173217134269452
0
0
0
0
0
0
0
0
1.44043819429347
0
0
0
0
0
0
0
0
0
0
0
0
0
0
0
0
0
0
0
0
0
0
0
0
-0.0766584145353118
0
0
0
0
0
0
2.31325909814466
0
0
0
0
0
0
0
0
0
0
0
0
0
0
0
0
0
0
0
0
0
0
0
0
0
0
0
0
0
0
0
0
0
0
0
0
0
0
0
0
0
0
0
0
0
0
-0.0622206500551089
0
0
0
0
0
0
0
0
0
0
0
0
0
0
0
0
0
0
0
0
0
0
0
0
0
0
0
0
0
0
0.303649508024067
0
0
0
0
0
0
0
0
0
0
0
0
0
0
0
0
0
0
0
0
0
0
0
0
0
0
0
0
0
0
0
0
0
0
0
0
0
0
0
0
0
0
0
0
0
0
0
0
0
0
0
0
0
0
0
0
0
0
0
0.188509566501743
0
0
0
0
0
0
0
-0.201307533713165
0
0
0
0
0
0
0
0
0
0
0
0
0
-0.00141317208129602
0
-0.0280164396659348
0
0
0
0
0
0
0
0
-0.0905807119179336
0
0
0
0
0
0
0
0
0
0
0
-0.0107589784866871
-0.157337820043891
0
0
0
0
0
0
0
0
0
0
0
0
0
0
0
0
0
0
0
0
0
0
0
0
0
0
0
0
0
0
0
0
0
0
0
0
0
0
0
0
0
0
0
0
0
0
0
0
0
0
0
0
0
0
0
0
0
0.142794113804273
0
0
0
0
0
0
0
0
0
0
-0.116512913377224
0
0
0
0
0
0
0
0
0
0
0
0
0
0
0
0
0
0
0
0
0
0
0
0
0
0
0
0
0
0
0
0
0
0
0
0
0
0
0
0
0
0
0
0
0
0
0
0
0
0
0
0
0
0
0
0
0
0
0
0
0
0
0
0
0
0
0
0
0
0
0
0
0
0
0
0
0
0
0
0
0
0
0
0
0
0
0
0
0
0
0
0
0
0
0
0
0
0
0
0
0
0
0
0
0
0
0
0
0
0
0
0
0
0
0
0
0
0
0
0
0
0
0
0
0
0
0
0
0
0
0
0
0
0
0
0
0
0
0
0
0
0
0
-0.310335720700277
0
0
0
0
0
0
0
0
0
0
