-4.42668989156472
0.000301246991638641
0
0
0
0
0
0
0
0
0
-0.0347143440226931
0
0.0741363411791517
0
0
0.203342276221876
0
0
0
0
0
0
0
0
0
-0.19245871745371
0
0
0
0
0
0
0
0
0
0
0
0
0
0
0
0
0
0
0
0
0
0
0
0.000156586840291617
0
0
0
0
0
0
0
0
0
0
0
0
-0.0508756531231772
0
0
0
0
0
0.504721810717866
0
0
0.43945872701012
0
0
0.247775760726527
0.124544746497293
-0.0620774901945255
0
0.258074276881379
0
0
0
0
0
0
0
0
0
0
0
0
0
0
0
0
0
0
0
0
0
0
0
0
0.107634786433326
0
0
0
0
0
0
1.08826728138501
0.0713904773445637
0
0
0
0
0
0
0.0466549459197578
0
0
0.728956966596079
0
0
0
0
0
0
0
0.551329356496396
0.040412057339962
0
0
0
0
0
0
0
0
0
0
-0.114615151998308
0
0
0
-0.1834320679437
0
0
0
0.155553852194634
0.523474859484793
0
0
0
0
0
0
1.08015094374624
0.160805657068988
0
0.880329947137445
0.202607783697776
0.0900832596506227
0.118962329737808
0
0
0.363105697067497
0.101265660115714
0.556641712534248
0.977007555317973
0
1.08312758892125
0
1.33722318295977
0.577334063403539
0
0
0
-0.0369255960611155
0.437057177133571
0.29031106655231
-0.074832686097706
0
0
0
0
0
0
0
0
0
0
0
0
0
0
0
0
-0.263993220720461
0
0
0
0
0
0.182450347445253
0
0
0
0
0
0
0
0
0
0
0.163042915652227
0
0
0
0
0
0
-0.203764383147503
0
0
-0.0271265232824093
0
0
0
0.659244805951435
0
0.129201376838218
0
0.12330875157784
0
0
0
0
0
0
0
0
0
0
0
0.490412623906847
-0.00773751346176472
0
0.814002062939983
-0.362044270571367
0
0
0
0
0
0.365316741927134
0.0367580013434943
0
0
0
0.0391593183223909
0
0
0
0
0
0
0
0
0
-0.089070363519025
0
0
0
0
0
0
0
0.448629027348656
0
0.116005652065963
0
1.56767221706869
1.32925489472873
-0.818877000273008
0
0
0
0
0
0
0
0
-0.108292930220901
0
0
0
0.0323975522661576
0
0
0
0.370544267983433
-0.0139938731769383
0
0
0
0
-0.83811870933951
0
-0.54760867920695
0.954117295164481
-0.100697553888237
0
0
0
0
0
0
0
0
0
0
0
0
0
0
0
0
0
0
0
0
0
0
-0.0868334043109695
0
0
-0.179007974656433
0
0
0
0
0.192517480528494
-0.322301038163596
0
0
0
0
0
0
0
0
-0.0327320743294904
0
0
1.77856361035956
0
0
-0.146538960789624
0
0.0317299655014731
-0.659257842349289
0
0
0
0
0
0
0
0
-0.428302327582394
-0.370614969812388
0
0
0
0
0
0.0712842369304178
1.01287270150485
-0.442924561859857
0
0
0
0
-0.128499186766584
0
0
2.88401137293313
0.280889504875232
1.26601018758854
0
-0.286882068555826
0
0
0.101471821004583
0.248716417481849
-0.467308137523967
0
0
0
0
0
0
0
0
0
0
0
0
0
0
0
0
0
0
0
0
0
0
0
0.00212221271940235
-0.286366196427472
0
0
0
0
0
0
0
0
0
0
0
0
0
0
0
0
0
0
0
0
0
0
0
0
0
0
0
0
0
0
0
0
0
0
-0.0499722044042818
0
-0.0711202364719207
-0.038460133201999
0
0
0
0
0
0.600284618546358
0
0
0
0
0
0.13376018459774
0
0
0
0
0
0
0.148426163656709
0
0
-0.045622296547567
0
0
0
-0.0676047563474786
0
0
0
0
0
0
0
0
0
0
0.0718444873544192
-0.445971258771955
0
0
0
0
-0.227831931772098
0
0
0
0
0
0
0
0.141601891850291
0
0
0
0
0
0.124920978708129
0.151833168538026
0
0
0
0
0
0
0
1.86423229281065
0
0
0
0
0
0
0
0
0
0
0
0
-0.0993433238659454
0
0
0
0
0
0
0
0
0
0
0
0
0
0
0
0
0
0
0
-0.282651694014087
0
0
-0.0994614405928701
0
-0.271635066392021
0
-0.0198019835441396
0
0
-0.0703417666750047
-0.152178157966863
-0.335318243085332
0
0
-0.290294000998793
0
0
0
0
0
0
0
0
0
0
0
0
0
0
0
0
0
0
0
0
0
0
0.423365735682425
-0.504851466472062
0
0
0
0
0.125078660382117
0
0
0
0
0
0
0
0
0
0
0
0
0.197211491829676
0
0
0
0
0
0
0
0.189579798872451
0
0
0
0
0
0.187775838239847
0
0
0
0
0
0
0
0
0
0
-0.0587842936246983
0
0
0
0
0
0
0
0
0
-0.198846556050537
0
0
0
0
0
0
0
0
0
0.375920733355661
0
0
0
0
0
0
0
0
0
-0.0263061409124311
0
0
0
-0.136937448582686
0
0
0
0
0
0
0
0
0
0
0
0
0
0
0
0
0
0
-0.263624026210022
0
0
0
0
0
0
0
0
0
0
0
0
0
0
0
0
0
0
0
0
0
0
0
0
0
0
0
0
0
0
0
0
0
0
0
0
0
0
0
0
0
0
0
0
0.0283944966223628
0
0
0
0
0
0
0
0.255476332129173
0
0
0
0
0
0
0
0
0
0
0
0
0
-0.00431817787537419
0
0
0
0
0
0
0
0
0
-0.13604200847196
0
-0.191128020675519
0
0
0
0
0
0
0
0
-0.037730759308392
0
0.00802608323361442
-0.624161701619847
0
0
0
0
0
0
0
0
0
0
