-4.26190747496194
0
0
0
0
0
0
0
0
0
0.0281609375314511
0
0
0
0
0
0
0
0
0
0
0
0
0
0
0
0.768648726501351
0
0
0
0
0
0
0
0
0
0
0
0
0
0
0
0
0
0
0
0
0
0
0
0
0
0
0
0
0
0
0
0
0
0
0
0.139426787907279
0.55679082722003
0
0
0
0
0
0
0
0
0
0
0
0
0
0
0
0
0
0
0
0
0
0.058026296367671
0
0.0112617673590528
0
0
0
0.311541635895347
0
0
0
0
0.144781296619047
0
0
0
0
0
0
0
0
0
0
0.03724516471851
0
0
0
0
0
0
0
0
0
0
0.215259842557781
0
0
0
0
0
0
0
0.462906001819648
0.266483234187295
0
0
0
0
0
0
0
0
0
0
0
0
0
0
0
0
0
0
0
0
0
0
0
0
0
0
0.572701713132248
0
0
0.428931861530987
0.654394821499922
0.103290158634647
0.508488012465694
0.380040129764841
0.742416767943033
0
0
0.183670899873192
0.391061186275035
0
0.250618457889826
0
0.222173916110885
0
0
0.355889578165384
0
0
0
0
0
0
0
0
0
0
0
0
0
0
0
0
0.314603385894224
0
0
0
0
0
0
0
0
0
0
0
0
0
0
0
0
0
0
0
0
0
0
0
0
0
0
0
0
0
0
0
0
0
0
0
0
0
0
0
0
0
0
0
0
0
0
0
0
0
0
0
0
0
0
0
0
0
0
0
0
0
0
0
0
0
0
0
0
0
0
0
0
0
0
0
0
0
0
0
0
0
0
0
0
0
0
0
0
0
0
0
0
0
0
0
0
0
0
0
0
0
0
0
0
0
0
0
0
0.110888480595938
0
0
0
0
0
0
0
0
0
0
0
0
0
0
0
0
0
0
0
0
0
0
0
0
0
0
0
0
0
0
0
0
0
0
0
0
0
0
0
0
0
0
0
0
0
0
0
0
0
0
0
0
0
0
0
0
0
0
0
0
0
0
0
0
0
0
0
0
0
0
0
0
0
0
0
0
0
0
0
0
0
0
0
0
0
0
0
0
0
0
0
0
0.483895431499587
0
0
0
0
0
0
0
0
0
0.0416121777516164
0
0
0
0
0
0
0
0.223626479983239
0
0
0
0
0
0
0
0
0
0
0
0
0.0676093550730407
0
0
0
0
0
0
0
0
0
0
0
0
0
0
0
0
0
0
0
0
0
0
0
0
0
0
0
0
0
0
0
0
0
0.158084642223258
0
0
0.133421149608884
0
0
0
0
0
0
0
0
0
0
0.0235369959794619
0
0
0
0
0
0
0
0
0
0
0.613040857679661
0
0.0700563223723279
0
0
0
0
0
0
0
0
0.0625940286491027
0
0
0
0
0
0
0
0
0
0
0.00522236115095582
0
0
0
0
0
0
0
0
0
0
0
0
0
0
0
0
0
0
0.351111852608498
0
0
0
0
0
0
0
0
0
0
0
0
0
0
0
0
0
0
0
0
0
0
0
0
0
0
0.157745873178701
0.0285426240283199
0
0
0.221929947625597
0
0
0.0716350187333709
0
0.0100860838265959
0
0
0
0
0.0721841623011125
0
0.202659626358686
0
0
0
0
0
0.337920475823241
0
0
0
0
0
0
0
0
0
0
0
0
0
0.0717131260264689
0
0
0
0
0
0
0
0
0.0646215220010096
0
0
0
0
0
0
0
0
0
0
0
0
0
0
0
0
0
0
0
0
0
0
0
0
0
0
0
0
0
0
0
0
0
0
0
0
0
0
0
0
0
0
0
0
0
0
0
0
0
0
0
0
0
0
0
0
0
0
0
0
0
0
0
0
0
0
0
0
0
0
0
0
0
0
0
0
0
0
0
0
0
0
0
0
0
0
0
0
0
0
0
0
0
0
0
0
0
0
0
0
0
0
0
0
0
0
0
0
0
0
0
0
0
0
0
0
0
0
0
0
0
0
0
0
0
0
0
0
0
0
0
0
0
0
0
0
0
0
0
0
0
0
0
0
0
0
0
0
0
0
0
0
0
0
0
0
0
0
0
0
0
0
0
0
-0.113133060164761
0
0
0
0
0
0
0
0
0
0
0
0
0
0
0
0
0
0
0
0
0
0
0
0
0
0
0
0
0
0
0
0
0
0
0
