-4.17790770686971
0
0
0
0
0.102302719933062
0
0
0
0
0
0
0
0
0
0
0
0.377457842923979
0
0
0.151185687049703
0
0
0
0
-0.228661442011659
-0.171861916063129
0
0
0
0
0
0
0
0
0
0
0
0
0
0
0
0
0
-0.778502030710937
0
0
0
0
0
0
0
0
0
0
0
-0.0839328357395615
0
0
0
0
0
0.0125301541136847
0.14101709217155
0.388888029243224
-0.0633168257302427
0
0
0.349073442200204
-0.272303255995253
-0.113778012216447
-0.0570051666604386
-0.114861713737388
0
-0.0217830889075136
0
0
-0.0174557012779294
0.0410050495653787
0
0
-0.247730718917461
0
0
0
0
0
0
0
0
0
0
0
0
0
0
0.224634705701539
0
0
0
0
0
0
0
0
0
0
0.123822914198457
0
0
0.388072689870352
0.606426657631862
0
0
0
0
1.47239788764762
0.52126470673391
0
0
0.497094571854256
0
0
0
0
0.31054320438269
0
0
0
0.162124438347233
0
0.33901371982083
0
0
0
-0.249904914468555
0
0
0
0
-0.155117640166678
0
0
0
0
-0.286211679199787
0
0
0
0
0.671690890855881
0
0
0
0
0
0
0
0.296990304094099
0.220030300722929
0
0
0
1.49316888800693
0.596138275969559
0.410290331552209
1.29043678069911
-0.166216166500893
0
1.099211429046
0
0
0.842207991204175
0
0
-0.160394812032788
0
-0.1693428899665
0
0
0
0
-0.159449190810871
-0.00348887079490998
0
0
0
0
0
0
-0.0767292525487356
0
0
0.533281573718741
0.692389172480244
0
0
-0.798032066579438
0
0
0
0
0
0
0
0
-0.18532491342198
0
-0.0519794455353013
0
0
0
0
0
0
-0.061898460758441
0
0
0
0
0
0
0
0
0
0
0
0.146386571449352
0
0
-0.160666175215427
0
0
0
0
-0.34689136066178
-0.178524363798832
0
0
0
0
-0.316231344590516
0
0
0
0.744183962407726
0
0
0.037947386908571
0
0.635191672932115
0
0
0.239545019075331
0
0
0
0
0
0
0
-0.761000151120613
0
0
0
0
0
0
0
0
0
0
0.0422300341335465
0
0
0
0
0
0
0
0
0
0
0
0
0
0
0
0
0.380723561202679
0
0
0
0
0
0
0
0
0
0
0
0
0
0
0
0
0
0
0
0
0
0
0
0
-0.453713821019116
-0.0100468054937848
0
0
0
0
-0.228740035091626
0
0
0
0
0
0
0
0
0
0
0.0594447624933152
0
0.142723631631833
0
0
0
0
0
0
0
0
0
0.453320463898819
-0.156298833887465
0
0
-0.365607308584705
0
0
0
-0.0248257080643721
0
0
0
0
0
0
0
0
0.347403531651911
0
0
0
-0.190780417271462
0
0
0
0
0
0
0
0
0
0
0
-0.0472847885207628
0
0
0
0
-0.21868326149351
0
0
0
0
0
0
0
0
-0.0438067557805816
0
0
0
0
0
0.455551476021721
0
0
0
-0.0241761453311785
0
0
0
0
0
0
0
0
0
0
0
0
0
0
0
0
0
0
0
0
0
0
0
0
0
0
0
0
0
0
0
0
0
0
0
-0.01405279664195
-0.092260351226569
0
0
0
0
0
0
0
0
0
0
0
0
0
0
0
-0.127766771220533
0
0
0
0
0
0.231565787139614
0
0.148628918585423
0
0
0
0
0
0
0
0
0
0
0
0
0
0
0
0
0
0
0
0
0
0
0.033505917531833
0
0
0.281054287939276
0
0
0
0
0
0.026676911132949
0
0
0
0
0
0.654358538352618
0
-0.240538843572193
0
0
0
0
0
0
0
0
0
0
0
0
0
0
0
0
0
0
0
0
0
0
0
0
0.0552841498034879
0
0
0
0
0
0
0
0
0
0.0779917514036082
0
0
0
0
0
0
0
0
0
0
0.183327846555559
0
0
0
0
0.00725228662794852
0
0
-0.0682539751649617
0
0.135251353162903
0
0
0.0774004663131988
0.0187730397551497
0
0.0080893467810174
0
0
0
0
0
0
0
0
0
-0.0208662973832302
-0.0304926077461536
0
0
0
0
0
0
0
0
0
0
0
0
0
0
0
0
0
0.276240072119279
0
0
0
0
0
0
0
0
0
0
0
0
-0.3649750224615
0
0
0
0
0
0
0
0
0
0
0
0
0
0
0
0
0
0
0
0
0
0
0
0
0
0
0
0
0
0
0
0
0
0
0
0
0
0
0
0
0
0
0
0
0
0
0
0
0
0
0
0
0
0
0
0
0
0
0
0
0
0
0
0
0
0
0
0
0
0
0
0
0
-0.0274558732612855
0
0
0
0
0.276176972612088
0
0
0
0
0
0
-0.345327639974315
0
0
-0.395733589753704
0
0
0
0
0
-0.159321110869323
0
0
0
0
0
0
0
0
0
0
0
0
0
0
0
0
0
0
0
0
0
0
0
0
0
0
0
0
0
0
0
0
0
0
0
0
0
0
0
0.206359755812601
0
0
0
0
0
0
0
0
0
-0.301014559750559
0
0
0
-0.171451047763501
0
0
0
0
0
0
0
0
0
0
0
0
0
0
0
0
0
0
0
0
0
0
0
-0.110980600270923
0
0
0
0
0
-0.0139634434024209
0
0
0
0
-0.304328962510566
0
0
0
0
0
0
