-3.96308169477136
0
0
0
0
0
0
0.00275911448629026
0
0
0
0
0
0
0
0
0
0
0
0
0
0
0
0
0
0
0
0
0
0
0
0.113677947899069
0.0767483026280599
0
0
0.224110070909549
0
0
0
0
0
0
0.33742916421874
0
0
0
0
0
0
0
0
0
0
0
0
0
0
0
0
0
0
0
0
0.296959267120687
0
0
0
0
0
0
0
0
0
0
0
0
0
0
0
0
0
0
0
0
0
0
0
0.0667320743403346
0
0
0
0
0
0
0
0
0.0250050031176076
0
0
0.019014969883021
0
0
0
0
0
0
0
0.136514622046239
0.2175844726697
0
0.408547433229354
0
0.0768697167378179
0
0
0.263509233796281
0
0.247664279099173
0
0
0.165742833000854
0
0
0.245118644647654
0
0
0
0.191900732625022
0.635116791177188
0.196018533200232
0.0715043237366526
0
0
0
0
0
0
0
0
0
0
0
0
0
0
0
0
0
0
0
0.347578497795186
0.177727539975577
0
0
0
0.073612721326143
0.380893970311611
0
0
0
0
0
0
0.0201588528131744
0
0.317201240857389
0
0.258218006195477
0.158045274732658
0.132019533471717
0.075682638112657
0.381753809856217
0
0.0209406356086609
0
0.697213285161018
0
0
0
0
0
0
0
0
0.37901663634993
0
0
0
0
0
0
0
0.0242414554611802
0
0
0
0
0
0
0
0
0
0
0
0
0
0
0
0
0
0
0
0
0
0
0
0
0
0
0
0
0
0
0
0
0
0
0
0
0
0
0
0
0
0
0.284335900533013
0
0
0
0
0
0
0.0143769629121045
0
0.0541478283991206
0.578491387601288
0
0
0
0
0
0
0
0
0
0
0
0
0
0.260628720088767
0
0
0
0
0
0.019943392774507
0
0
0
0
0
0
0
0
0
0
0
0
0
0
0
0
0
0
0
0
0
0
0
0
0
0
0
0
0
0
0
0
0
0
0
0
0
0
0
0
0
0
0
0
0
0
0
0
0
0
0
0
0
0
0
0
0
0
0
0
0
0
0
0
0
0
0
0
0
0
0
0
0
0
0
0
0
0
0
0
0
0
0
0
0
0
0
0
0
0
0
0
0
0
0
0
0
0
0
0
0
0
0
0
0.152268709105531
0
0
0
0
0
0
0
0
0
0
0
0
0
0
0
0
0
0
0
0.184101073187829
0
0
0
0
0
0
0
0
0
0
0
0
0
0.0207799533521148
0
0.0312068757448197
0
0
0.0266070440009599
0
0
0
0
0
0
0
0
0
0
0
0
0
0
0
0
0
0
0
0
0
0
0.21684529835718
0
0
0
0
0
0
0
0
0
0
0
0
0
0
0
0
0
0
0
0
0
0
0
0
0
0
0
0.142711975974966
0
0
0
0
0
0
0.00196302869634837
0
0
0
0
0
0
0
0
0
0
0
0
0
0
0
0
0
0
0
0
0
0
0
0
0
0
0
0
0
0
0
0
0
0.00564367999310391
0
0
0
0
0
0
0
0
0
0
0
0
0
0
0
0.100013236158719
0
0.10271719996514
0.0714762101427465
0
0
0
0
0
0.0292620192626796
0
0
0
0
0
0
0
0
0
0
0
0
0
0
0
0
0
0
0
0
0
0
0
0
0
0
0
0
0
0
0
0
0
0
0
0
0
0
0.153899340166282
0
0
0
0
0
0
0.055421346815022
0
0
0
0
0
0
0
0
0.00489323289700091
0
0
0
0
0
0
0
0
0.508771516957207
0
0
0
0
0.0793334922722983
0
0
0
0
0
0
0
0
0
0
0
0
0
0
0
0
0
0
0
0
0
0
0
0
0
0
0
0
0
0
0
0
0
0
0
0
0
0
0
0
0
0
0
0
0
0
0
0
0
0
0
0
0
0
0
0
0
0
0
0
0
0
0
0
0
0
0
0
0
0
0
0
0
0
0
0
0
0
0
0
0
0
0
0
0
0
0
0
0
0
0
0
0
0
0
0
0
0
0
0
0
0
0
0
0
0
0
0
0
0
0
0
0
0
0
0
0
0
0
0
0
0
0
0
0
0
0
0
0
0
0
0
0
0
0
0
0
0
0
0
0
0
0
0
0
0
0
0
0
0
0
0
0
0
0
0
0
0
0
0
0
0
0
0
0
0
0
0
0
0
0
0
0
0
0
0
0
0
0
0
0
0
0
0
0
0
0
0
0
0
0
0
0
0
0
0
0
0
0
0
