-4.33188877145651
0
0
0.0491387860666123
0
0
0
0
0.0005970610737909
0
0
-0.15403705299583
0
0
-0.252517559274451
0
0
0.405858815342976
0
0
0.0746609313240328
0
0
0
0.0401421451049227
0
0
0
0.0456866993803345
0
0
0
0
0
0
0
0
0.192485696287791
0
0.0103486060191592
0
0
0
0.535860072233885
-0.726715380082298
0
0
0
0
0
0
0
0
0
0.295712130187681
-0.0599387843041992
-0.219395985415284
0
0
0
0
0
0.202984387140601
0
0.404717559450914
0
0
0
0.352769308683684
-0.147037600225147
-0.061160987589929
0
0
0
0
0
0
0
0.136367913957397
-0.639433414554367
0.0760123999132258
-0.722669693275893
0
0
0
-0.107760115560253
0
-0.112745548691076
0
0.0977870483426001
0.611919726711245
0
0
0
0
0
0.54854434679091
0
0
0
0
0
0
0
0
0
0
0.101209572844642
0
0
0.518585363433891
0
0.595589200184897
0
0
0.0013474953565853
0.98876638283223
0.654919367355643
0
0
0.607979367329824
0.0549098249753678
0
0
0
0.266353258186514
0
0.185982135487172
0
0.756535334856718
0
1.05230973517128
0
0
0
-0.593182349736586
0
0
0
0
-0.438708029759901
0
0
0
0
0
-0.118980435825369
0
0
0
1.3517866141406
0
0.621968037970626
-0.642334762485735
0
0
0
0
0
0.653314430514902
0
0
0
1.61058754308893
0.798185774040596
0.578770566993037
0.918107915005942
-0.261285708231917
0
1.37820762553755
0
0
0.570178355859293
-0.0197060771612955
0
-0.260559477011726
0
-0.920487475095581
0
0
0.081403941255709
0
-1.10521610934606
0
0
0
0
0
0
0
-0.184567147542458
0
0
0
0
0.587466222679017
-0.0828253092062864
-0.282759816779027
0
0
0.21156741485587
0
0
0
-0.0859911215230191
0
-0.394019395232886
0
-0.316746036117553
0
0
0
0
0
0
0
0
0
0
0
0
0
0
0.100515996029617
0
0
0.22617560247512
0
0
0
0
0.238621355827972
0
0
0
-1.21043168155674
0
0
0
0
0
0
-1.00222197574647
0
0
0.591403560431047
0
0
0.534031695911446
-0.0361852895831438
0.677079986247581
0
0
0
0.209049528120167
0
0
0
0
-1.40727414134984
0.230272248479384
0
0.392466056217833
0.276716254282185
0
0
-0.401956632638446
0
0
0.122740515275042
0
0
0.268521163376582
0
0
0
0
0
0
0
0
0.326074660631249
-0.339408081619337
0
0
0
0
0
0
0.587597890321577
0
0
0
0
0
0
0
0
0
0
0
0
0
0
0.104549143937865
0
0
-0.139471540347174
0
-0.229063799956297
0
0
0
0
-0.546523427215904
0
0
0
0
0
-0.124204808524327
-0.232645916382885
0
0
0
0.204272660059932
0
0
0
0
0
2.10164420617078e-05
0
0
-0.632554889456097
0
0
0
0
0
0.245012388257505
0.353995617224152
0
0.451635279621081
-0.529593773432012
0
0.105608128078344
-0.265553885774631
0
0.0540213907733537
0
0
0
0
0
0
0
0
0.0369465043203867
0
0.329018216127083
0
-0.120921978680176
-0.632154692017318
0
-0.33503359190129
0
0
0
0
0
0
0
0
0
0
0
0
0
0
0
0
0
0
0
0
0
-0.501942778075409
-1.43276192862385
0
-0.0455019230791041
0
0
0
0
0
1.235889294132
0.166886641587327
0
0
-0.0715337224119383
0
0
0
0
0
0
0
0
0
0
0
0
0
0
0
0
0
0
0
0
0.0654310751059867
0
0
0
0
0
0
0
0
0
0
0
0
0
0
0
0
0
0
0
0.348852260063154
0
0
0
0
0
0
0
0
0
0
0
-0.117316353622648
-0.0491104022924676
0
0.00437874569720346
0
0
0.0632349156392341
0.0501938630249674
0.146499438950258
0
0
0
0
0
0
0
-0.128713069934995
0
0
0
0
0.0167890677597644
0
-0.021500598269605
0
0
-0.143469625861819
0
0
-0.365958735345595
0
0
0
0
0.0849197082524365
0
0
0
0
0
0
-0.528239051780151
0
0.394174071578833
0
0
1.10266371334466
0
-0.244550730878305
-0.152066062236565
0
0
0
0
0
0
0
0
0
0
0
0
0
0.0168556823998025
0.224783132566201
0
0
0
0
0.147422222959703
0
0
0.295155737205156
0
-0.273810958494252
0
0
0.0569373851890567
0
0
0
0
0
0
0
0
0
0
0
0
0
0
0
0
0
0
0.0492510327630221
0
0.637189368066779
0
0.143016779781108
0
0
0
0
0
0
0
0
0
0
0.516543804328986
0
0
0
0.128510640051454
0
-0.0249088882988616
0
-0.178867009339181
0
0
0
0
0
0
0
-0.0952373053377678
0
0
0
0
-0.199005227398467
0
0
0
0
3.41943222482743
0
0.0896402878013462
-0.281933494211337
0
0
0
0
0
0
-0.254332234802362
-0.0448377643586578
0
0
-0.0242933671334006
-0.11546772850263
0
0
0
0
0
0
0
0
0
0
0
0
0
0
0
0
0
0
0
0
0
0
0
0.416058411902484
0
0
0.117876163675696
0.0276982959761098
-0.39910015789477
-0.465322421614429
0
0
0.250174932829996
0
0
0
0
-0.134106914273744
0
0
0
0
0
0
0
0
0
0
0
0
0
-0.102872461152953
0
0
0
0
0
-0.0794809586573436
0
-0.109109213565334
0
0
0
0
0
0
0
0
0
0
0.271288882346567
0
0
0
0
0.908718880630396
0
0
0.153650341821789
0
0
0
0
0
0.0664355053177866
-0.912053683911094
0
0
-0.354610091481854
0.397772630284781
0
0
-0.104398022121313
0.0861743077377785
-0.134500771252364
-0.0539885649961056
0
0
0
0
0.015846043772801
0
0.541081673448644
0
0
0
0
0
-0.0651854471232342
0
0
0
0
0
0
0
0
0
0
0
0
0
0
0
0
0
0
0
0
-0.0343652220211208
0
0
0.0291786874669771
0
0
0
0
0
0
-0.119178069765195
0
0
0
0
-0.0963615317688654
0
0
0
-0.288486880148962
0
0.118843336378357
0
0
0
0.0530913163448289
0
0
0
0
0
0
0
0
-0.343483271181722
0
0
0
-0.180890211379509
0
0
0
0
-0.0799904218261142
0
0.248569708670512
0
0
0
0
0
0
0
0
-0.683758430192063
0
0
0
0.527993918820135
0.0946646187800184
0
