-4.10137147322849
0
0
0
0
0
0
0
0
0
0
0
0
0
0
0
0
0.286527749861872
0
-0.00584182870916168
0.0449589214535678
0
0
0
0
0
-0.213758652616692
0
0
0
0
0
0
0
0
0
0
0
0
0
0
0
0
0
-0.64040459952985
0
0
0
0
0
0
0
0
0
0
-0.116546924679803
-0.0764832595951098
0
0
0
0
0
0.50160265740276
0
0.404629237711282
0
0
0
0.126136984407089
-0.196126207554612
-0.317273837862221
0
-0.260220735489907
0
-0.0596658359753115
0
0
0
0.0634225646429289
0
0
0
0
0
0
0
0
0
0
0
0
0
0
0
0
0
0.275812437003129
0
0
0
0
0
0
0
0
0
0
0
0
0
0.183899465481335
0
0
0.0719953418644337
0
0
0.470719249040754
0
0
0
0.74851114278061
0
0.1757108071358
0
0
0.0101793369097034
0
0.113496272918227
0
0
0
0.633061631568453
0
0
0
-0.341056955826325
0
0
0
0
0
0
0
-0.0643378948182311
0
0
0
0
0
0
0.294049998170872
0
0.20248863951004
0
0
0
0
0
0.0397980600278073
0.338561013928201
0
0
0
1.50518910154451
0.630430053994612
0.690017711298705
1.06917237807429
0
0
0.98953186550068
0
0
0.580962159110156
0
0
0
0
-0.217404772333099
0
0
0
0
-0.539776288232344
0
0
0
0
0
0
0
0
0
0
1.71815416844563
1.57270264080776
0
-0.0472883239325068
-0.185698374361687
0.00513619728939661
0
0
0
0
0
0
0
-0.0465211344469655
0
0
0
0
0
0
0
0
0
0
0
0
0
0
0
0
0
0
-0.00731973749226064
0
0
0
0
0
0
0
0
0
-0.396011348486177
0
0
0
0
0
0
-0.54314625186389
0
0
0.0612863048728865
0
0
0
0
0
0
0
0
0
0
0
0
0
-0.746387634213326
0
0
0
0
0
0
-0.382122043778554
0
0
0
0
0
0
0
0
0
0
0
0
0
0
0
0
0
0
0
0
0
0
0
0
0
0
0
0
0
0
0
0
0
-0.00258619258761992
0
0
0
0
-0.0483904701935447
0
0
0
0
0
0
0
0
-0.254647519997149
0
0
0
0
0
0
0
0
0
0
0
0
0
0
0
0
0
0
0
0
0
0
0
0
0
0
0
0
0.447497903665006
0
0
0
0
0
0.0434407428838254
0
0
0
0
0
0
0
0
0
0
0.0718187725487445
0
0
0
0
0
0
0
0
0
0
0
0
0
0
0
0
0
0
0
0
0
0
0
0
0
0
0
-0.28314891721391
0
0
0
0
0
0
0
0.189383965438665
0
0
0
0
0
0
0
0.0194325777770857
0
0
0
0
0
0
0
0
0
0
0
0
0
0
0
0
0
0
0
0
0
0
0
0
0
0
0
0
0
0
0
0
0
0
0
0.166967271509517
0
0
0
0
0
0
0
0
0
0
0
0
0
0
0
0
0
0
0.151851390761652
0
0
0
0
0
0
0
0
0
0
0
0
0
0
0
0
0
0
0
0
0
0
0
0
0
-0.641605282828803
0
0.286646887750203
0
0
0
0
0
0
-0.134938193811184
0
0
0
0
0.555461340343916
0
0
0
0
0
0
0
0
0
0
0
0
0
0
0
0
0
0.165807699747489
0
0
0
0
0
0
0
0
0
0
0
0
0
0
0
0
0
0
0
0
0
0
0
0
0
0
0
0
0
0
0
0
0
0
0
0
0
0
0.0337877199274108
0
0
0
0
0.138939619195171
0
0
0
0
0
0
0
0
0
0
-0.100061826183337
0
0
0
0
0
0
0
0
0
0
0
0
-0.0671653829685585
0
0
0
0
0
0
0.263146634731301
-0.0871206955990129
0
0
0
0
0
0
0
0
0
0
0
-0.125014128209602
0
0
0
0
0
0
0
0
0
0
0
0
0
0
0
0
0
0
0
0
0
0
0
0
0
0
0
0
0
0
0
0
0
0
0
0
0
0
0
0
0
0
0
0
0
0
0
0
0
0
0
0
0
0
0
0
0
0
0
0
0
0
0
0
0
0
0
0
0
0
0
0
0
0
0
-0.0363949362573788
0
0
0.0159397474539262
0
0
0
0
0
0
-0.324644251395262
0
0
-0.192074000579052
0
0
0
0
0
0
0
0
0
0
-0.0389978402814091
0
0
0
0
0
-0.0146107230111275
0
0
0
0
0
0
0
0
0
0
0
0
0
0
0
0
0
0
0
0
0
0
0
0
0
0
0
0
0
0
0
0
0
0
0
0
0
0
0
0
0
0
0
0
0
0
0
0
0.0660656075822589
0
0
0
0
0
0
0
0
0
0
0
0
0
0
0
0
0
-0.177987006231941
0
0
0
0
0
0
0.0116473391780246
0
0
0
-0.0600674023553154
0
0
0
0
0
0
