-4.29643269865545
0
0
0
0.146299133286395
0
0.00938486695305463
0
0
0
0.0377947391563156
0
0
0
0
0
0
0
0
0
0
0
0
0
0
0
-0.269344921274824
0
0
0
0
0
0
0
0
0
0
0
0
0
0
0
0
0
0
0
0
0
0
0
0
0
0
0
0
0
0
0
0
0
0
0
0
0
0
0.0245190300907428
0
0
0
0.794511197045924
0
0
0.632210570742521
0
0
0.225147619825491
0
0
0
0
-0.0130965419217904
0
0
0.0877912784960076
0
0
0.157790118157219
0
0
0
0
0
0
0
0
0
0
0
0
0
0
0
0
0
0
0
0
0
0
0
0.383995352493532
0.846375563653477
0
0
0
0
0
0
0
0.0774078991207805
0
0.310211457008768
0.147356652859941
0
0
0
0
0
0
0
0.074507627152416
0
0
0
0
-0.0668197613640533
0
0
0
0
0
0
-0.224423382626453
0
0
0
0
0
0
0
0
0
0
0
0
0
0
0.243438562495
1.08278363158809
0.254211328630659
0.107492231616127
0.64270628574575
0
0
0
0
0.205143608846705
0.542005933287514
0
0.105785023701826
1.07800892352526
0
1.11002968497569
0
0.916491390360112
0.823230765416682
0
0.146904359503286
0
-0.0286249352552695
0.248599905085251
0
0
0
0
0
0
0
0
0
0
0
0
0
0
0
0
0
0
0
0
0
0.231662684199655
0
0
0
0
0
0
0
0
0
0
0
0
0
0
0
0
0
0
0
0
0
0
0
0
0
0
0
0.206293949009205
0
0
0
0
0
0
0
0
0
0
0
0
0
0
0
0
0
0
0
0
0
0
0
0
0
0.19278362630233
0
0
0
0
0.0793925221143791
0
0
0
0
0
0
0
0
0
0
0
0
0
0
0
-0.227471696284957
0
0
0
0.165009400849426
0
0.0919355877162829
0
-0.0729724407938838
0
0
0
0
0
0
0
0
0
0
0
0
0
0
0
0.159266494856091
0
-0.22290210781118
0
0
0
0
0
0
0
0
0
0
0
0
0
0
0
-0.0585835360279329
0
0
0
0
0
0
0
0
0
0
0
0
0
0
0
-0.0190933735531172
0
0
0
0
0
0
0
0
-0.446774285413025
0
-0.169104839263019
-0.333963922713685
0
0
0
0
0
0
0
0
1.6529940651414
0
0
0
0
0
0
0
0
-0.0352510723890678
0
0
0
0
0
0
0
-0.0985495916868511
0
-0.374676935381512
0
0
0
0
0
0
0
0
0
0
0
-0.131258352569669
2.55948825829686
0.165791926153278
0
0
0
0
0
0
0.168530608042305
0
0
0
0
0
0
0
0
0
0
0
0
0
0
0
0
0
0
0
0
0
0
0
0
0
0
0
0
0
0
0
0
0
0
0
0
0
0
0
0
0
0
0
0
0
0
0
0
0
0
0
0
0
0
0
0
0
0
0
0
0
0
0
0
0
0
0
0
0
0.583433433888354
0
0
0
0
0
0
0.00478633526780811
0
0
0
0
0
0
0
0
0
0
0
0
0
0
0
0
0
0
-0.133129060801327
0
0
0
0
0
-0.0767471254840943
0
0
0
0
-0.102329378131203
0
0
0
-0.0792032418393315
0
0
0
0
0
0
0
0
0
0
0
0
0
0
0
0
0
0
0
0
0
0
0
0
0
0
0
0
0
0
0
-0.123908858301579
0
0
0
0
0
0
0
0
0
0
0
0
0
-0.117885350804983
0
0
0
0
0
-0.123014085151843
0
0
-0.061614263637696
0
0
0
-0.0366767567969656
0
-0.101061158173211
0
-0.0796599488466127
-0.0754857691651511
-0.0935940238894349
0
0
0
0
0
0
0
0
0
0.009621136171807
0
0
0
0
0
0
0
0.134210963812793
0.220214215130516
0
0
0
0
0
0
0
0
0
0
0
0
0
0
0
0
0
0
0
0
0
0
0
0
0
0
0
0
0
0
0
0
0.0285153672202704
0
0
0
0
0
0.158970666710715
0
0
-0.256545584729785
0
0
0
0
0
0
0
0
0
0
0
0
0
0
0
0
0
0
0
0
0
0
0
0
0
0
0
0.197054444245644
0
0
0
0
0
0
0
0
0
0
0
0
0
-0.0155919643589563
0
0
0
0
0
0
0
0
0
0
0
0
0
0
0
0
0
0
-0.08943418200086
0
0
0
0
0
0
0
0
0
0
0
0
0
0
0
0
0
0
0
0
0
0
0
0
0
0
0
-0.00632378155572477
0
0
0
0
0
0
0
0
0
0
0
0
0
0
0
0
0
0
0
0
0
0
0
0
0.183511326587241
0
0
0
0
-0.0182966146958171
0
0
0
0
0
0
0
0
0
0
0
0
0
0
0
0
0
0
0
0
-0.0525977466458111
0
0
0
-0.0700875344307501
0
0
0
0
0
0
0
-0.0651798919777725
0
0
0
0
0
0
0
0
0
0
