-4.37439037674368
0
0
0
0
0
0.0962469284035896
0
0
0
0.110381479870006
-0.325798179716779
0
0
0
0
0.193228208528473
0
0.134150706511633
0
0
0
0
0
0
-0.0400167068086725
-0.65396540195317
0
0
0
0
0
0
0
0
0
0
0
0
0
0
0
0
0
0
0
0
0
0
0
0
0
0
0
0
0
0
0
0.00575380862058359
-0.135426429977375
-0.0507964217600835
-0.0565348463767523
0
0
0
0.0640632698476566
0
0
0
0.642230102651652
0
0
0.988217235808347
0
0
0.461422394901079
0.0467249168463168
0
0
0
0
0
0
0.112357243189993
-0.00800273685956693
0
0
0
0
0
0
0
0
0
0
0
0
0
0
0
0
0
0
0
0
0
0
0
0
0
0.404529904510322
0.913756487707558
0
0
0
0
0
0
0.703628021261726
0
0
0
0.808321962575867
0
0
0
0
0
0
0
0.557208746781395
0.80021591320141
0
0
-0.109420802863784
0
0
0
0
0
0
-0.425794517373701
-0.306114162157458
0
0
0
0
0
0
0
0.0685280795045874
0
0.066672591290504
0
0
0
0
0
1.05899806213065
0.143819241263507
0
0.890153625376064
0.263546824351189
0
0
0.339491260550867
0
0.143890774867159
0.013467774766927
0.0897216097382983
0.708659302874498
0
1.07187334104803
0.283171877610166
1.10690436208738
0.593214205723188
0
0
0
0
0.43864186589977
0
0
0
0
0
0
0
0
0
0
0
0
0
0
0
0
0
-0.119934255300537
0
0
0
0
0
0
0.158594319119955
0
0
0
0
0
0
0
0
0
0
0
0
0
0
0
0
0
0
0
0
0
0
0
0
0.397446675338877
0
0.313943747113167
0
0
0
0
0
0
0
0
0
0
0
0
0
0.183794165968081
0
0
0.608381519641378
-0.107906462170605
0
0
0
0
0
0.277498295907285
0
0
0.0807527193045367
0
0.467687153927243
0
0
0.0712735312884293
0.1159030939711
0
0
0
0
0
0
0
-0.0782257390324019
0
0
0
0
0
0.111114169131501
0
0
0
0.381695021665691
0.97768557224313
0
0
0
0
0
0
0
0
0
0
0
0
0
0.387252822246312
0
0
0
0.258028664452332
0
0
0
0
0
0
0
0
0.15977643190731
0
0
0
0
0
0
0
0
0
0
-0.0946662177569881
0
0
0
0
0
0
0
0
-0.0490216487279564
0
0
0
-0.59254913992226
0
0
0
0
0
0
0
0.0420958693878049
0
0
0
-0.187362782868938
0
0
0
0
0
0
0
0
1.78639124474293
0
0.0328513676196634
-0.127207373425192
0
0
0
-0.31983965812738
0.030404237616654
0
0
0
0
0
0
0
-0.174623169471648
0
0
0
0
0
0
0.475312065133266
0
0
0
0
0
0
0
0
2.83647956350016
0
0.441394573803232
0
0
0
0
0
0
-0.558820402730199
0
0
0
0
0
0
0
0
0
0
0
0
0
0
0
0
0
0
0
0
0
0
0
0
-0.248751905254391
0
0
0
0
0
0
0
0
0
0
0
0
0
0
0
0
0
0
0
0
0
0
0
0
0
0
0
0
0
0
0
0
0
0
0
0
0
0
0
0
0
0
-0.00485047948959239
0.709488643215483
0
0
0
0
0
0
0
-0.0628088141451736
0
0
0
0
0
0
-0.0513517945935738
-0.176713154603076
0
0
0
0
0
0
0
0
-0.00161057350114608
0
0
0
0
0
0
-0.325684206544101
0
0
0
0
-0.400243030534144
0.0205144491711797
0
0
0
0
0
0
0
0
0
0.26137045712203
0
0
0.114718226527489
0.11952093056644
0.0902128495477974
0
0
0
0
-0.107798438938922
0
0.142630164716299
0
0
0
0
0
0
0
-0.112132157241914
0
0
0
0
0
0
0
0
0
0
0
0
0
0
0
0
0
0
0
0
0
-0.0219769241219094
0
0
-0.0902478166824772
0
0
-0.0229761848259104
0
0
0
0
0
0
0
0
-0.421942969082511
0
0
-0.484150661162103
0
0
0
0
0
0
0
0
0
0
0
0
0
0
0
0
0
0
0
0
0
0
0.251451105376636
-0.319541987813873
0
0
0
0
0
0
0
0
0
0
0
0
0
0
0
0
0
0
0
0
0
0
0
0
0
0
0
0
0
0
0.117174809116816
0.283696228742778
0
0
0
0
0
0
0
0
0
0
0
0
0
0
0
0
0
0
0
0.504456241093156
-0.00577516479988241
0
0
0
0
0
0
0
0
0
0.454078738971823
0
0
0
0
0
0
0
0
0
0
0
0
0
0
0.0905660657069551
0
0
0
-0.0558010724242261
0
0
0
0
0
0
0
0
0
0
0
0
0
-0.292044908424114
0
0
0
0
0
-0.335090402581728
0
0
0
0
0
0
0
-0.184284346695697
0
0
0
0
0
0
0
0
0
0
0
0
0
0
0
0
0
0
0
0
0
0
0
0
0
0
0
0
0.0146570575138218
0
0
0
0
0
0
0
0
0
0.68381273985404
0
0
0
0
0
0
0
0
0
0.112244878195055
0
0
0
0
0
0
0
0
0
0
0
0
0
-0.0342167865998567
0
0
0
0
0
0
0
0
0
0
0
0
0.247269556814904
-0.451169395862672
0
0
0
0
0
0
0
0
0
0
