-4.17208416818398
0
0
0
0
0
0
0
0
0
0.0255731548044076
0
0
0.0629332667786524
0
0
0
0.128927791162461
0
0
0
0
0
0
0
0
0.357254176868959
0
0
0
0
0
0
0
0
0
0
0
0
0
0
0
0
0
0
0
0
0
0
0
0
0
0
0
0
0
0
0
0
0
0
0
0.017366464518074
0.739365936703513
0.393002326285294
0
0
0
0
0
0
0
0
0
0
0
0
0
0
0
0
0
0
0
0
0
0
0
0
0
0
0.0279313983979436
0
0
0
0
0.0951593156046875
0
0
0
0
0
0
0
0
0
0
0.319700133314102
0
0
0
0
0
0
0
0
0
0
0
0
0
0
0
0.338003787697869
0
0
0.178607897795439
0.152361274010114
0
0
0.0554564858018871
0
0
0
0
0
0
0
0
0
0
0
0
0
0
0
0
0
0
0
0
0
0
0
0.406317780324437
0
0
0.447713495210849
0.686831132871241
0.191680537917705
0.28721607440769
0.140896862666639
0.718701321197489
0.541797082626129
0
0.100944380146784
0.0286894247404634
0
0.416279328829974
0.0058838684805412
0.129051626472917
0
0
0.205175578767805
0
0
0
0
0
0
0
0
0
0
0
0
0
0
0
0.0736994554482231
0.531871530634884
0
0
0
0
0
0
0
0
0
0
0
0
0
0
0
0
0
0
0
0
0
0
0
0
0
0
0
0
0
0
0
0
0
0
0
0
0
0
0
0
0
0
0
0
0
0
0
0
0
0
0
0
0
0
0
0
0
0
0
0
0
0
0
0
0
0
0
0
0
0
0
0
0
0
0
0
0
0
0
0
0
0
0
0
0
0
0
0
0
0
0
0
0
0
0
0
0
0
0
0
0
0
0
0
0
0
0
0
0
0
0
0
0
0
0
0
0
0
0
0
0
0
0
0
0
0
0
0
0
0
0
0
0
0
0
0
0
0
0
0
0
0
0
0
0
0
0
0
0
0
0
0
0
0
0
0
0
0
0
0
0
0
0
0
0
0
0
0
0
0
0
0
0
0
0
0
0
0
0
0
0
0
0
0
0
0
0
0
0
0
0
0
0
0
0
0
0
0
0
0
0
0
0
0
0
0
0
0
0
0
0
0
0
0
0
0
0
0
0
0
0
0
0
0
0
0
0
0.0081782658420356
0
0
0
0
0.485952380549645
0
0
0
0
0
0
0
0
0
0
0
0
0
0
0
0
0
0
0
0
0
0
0
0
0
0
0
0.196272090218315
0
0.0166790512474148
0
0
0
0.0903711457040731
0
0
0.430496136392767
0
0
0
0
0
0
0
0
0
0
0
0
0
0
0
0
0
0
0
0
0
0.309328797959231
0
0.405719908434282
0
0
0
0.222527806555778
0
0
0
0
0
0
0
0
0
0
0
0
0
0
0
0
0
0
0
0
0
0
0
0
0
0
0.0803052025523197
0
0
0
0
0.0643540021221471
0
0
0.354051232780848
0
0
0
0
0
0
0
0
0
0
0
0
0
0
0
0
0
0
0
0
0
0
0
0
0
0
0
0.172715369084921
0
0
0
0
0
0
0
0
0
0
0
0.228614550611409
0
0
0
0
0
0
0.114208052561853
0.134859048096814
0.325509404344917
0
0
0
0
0
0
0
0
0
0
0
0
0
0
0
0
0
0
0
0
0
0
0
0
0
0
0
0
0
0
0
0
0
0
0
0
0
0
0
0
0
0
0
0
0
0
0
0
0
0
0
0
0
0
0
0
0
0
0
0
0
0
0
0
0
0
0
0
0
0
0
0
0
0
0
0
0
0
0
0
0
0
0
0
0
0
0
0
0
0
0
0
0
0
0
0
0
0
0
0
0
0
0
0
0
0
0
0
0
0
0
0
0
0
0
0
0
0
0
0
0
0
0
0
0
0
0
0
0
0
0
0
0
0
0
0
0
0
0
0
0
0
0
0
0
0
0
0
0
0
0.00500660971600692
0
0
0
0
0
0
0
0
0
0
0
0
0
0
0
0
0
0
0
0
0
0
0
0
0
0
0
0
0
0
0
0
0
0
0
0
0
0
0
0
0
0
0
0
0
0
0
0
0
0
0
0
0
0
0
0
0
0
0
0
0
0
0
0
0
0
0
0
0
0
0
0
