-3.84123089570415
0
0
0
0
0
0
0.0313035352501146
0
0
0
0
0
0
0
0
0
0
0
0.193955090042003
0.0168910201789626
0
0
0
0
0
0
0
0
0
0
0.153412212636508
0
0
0
0.129569523080225
0
0
0
0
0
0
0.342439421595363
0
0
0
0
0
0
0
0
0
0
0
0
0
0
0
0
0
0
0
0.0044641896381123
0.165769999061637
0
0
0
0
0
0
0
0
0
0
0
0
0
0
0
0.00308914719352409
0
0
0
0
0
0.0416462389540926
0
0.027920236455493
0
0
0
0
0
0
0
0
0
0
0
0
0
0
0
0
0
0
0
0
0.153920074505072
0
0.605650982529276
0
0.0485770998300885
0
0
0.213169263241304
0
0.244603410503475
0.00423734319005893
0
0
0
0
0.327609003750008
0
0
0.137431840910208
0.153693398040523
0.3101346477465
0.273023655154679
0
0
0.0599916131804469
0
0
0
0.263878934134533
0.087009407803912
0
0
0
0
0
0
0
0
0
0
0
0
0.330999707052712
0
0
0
0.0490332683000145
0.251320405375307
0.332187434291957
0
0
0
0
0
0
0
0
0.289982974256906
0
0.229800515833012
0.212606170842946
0.403136958350329
0.0215970827373279
0.325257421572461
0
0
0
0.451819460539551
0
0
0
0
0
0
0
0
0.210101532304921
0
0
0
0
0
0
0
0
0
0
0
0
0
0
0
0
0
0
0
0
0
0
0
0
0
0
0
0
0
0
0
0
0.0684031331627351
0
0
0
0
0
0
0
0
0
0
0
0
0
0
0
0
0
0.100776504972474
0
0
0
0
0
0
0.117365816842089
0
0.0833565181050715
0.0758995874830933
0
0
0
0
0
0
0
0
0
0
0
0
0
0.0659892877668893
0
0
0
0
0
0.252470450663469
0
0
0
0
0
0
0
0
0
0
0
0
0
0
0
0
0
0
0
0
0
0
0
0
0
0
0
0
0
0
0
0
0
0
0
0
0
0
0
0
0
0
0
0
0
0
0
0
0
0
0
0
0
0
0
0
0
0
0
0
0
0
0
0
0
0
0
0
0
0
0
0
0
0
0
0
0
0
0
0
0
0
0
0
0
0
0
0
0
0
0
0
0
0
0
0
0
0
0
0
0
0
0
0
0
0
0
0
0
0
0
0
0
0
0
0
0
0
0
0
0
0
0
0
0.153913539148237
0
0
0
0
0
0
0
0
0
0
0
0
0
0
0
0
0
0
0.0519927825319324
0
0
0
0
0
0
0
0
0
0
0
0
0
0
0
0
0
0
0
0
0
0
0.0572704999593896
0
0
0
0
0
0
0
0
0.0119698700767079
0
0
0
0
0
0
0
0
0
0
0
0
0
0
0
0
0
0
0.107092160066518
0.0188463609365171
0
0
0
0
0
0
0
0
0
0
0
0
0
0
0
0
0
0
0
0
0
0
0
0
0
0
0
0
0
0
0
0
0
0
0
0
0
0
0
0.209859482912114
0
0
0
0
0
0
0
0
0
0
0
0
0
0
0
0
0
0
0
0
0
0
0
0
0
0.155435206509853
0.0216797719488261
0
0
0
0
0
0
0
0
0
0
0
0
0
0
0
0
0
0
0
0
0
0
0
0
0
0
0
0
0
0
0
0
0
0
0
0
0
0
0
0
0
0
0
0
0
0
0
0
0
0
0
0
0.0555863364533847
0
0
0
0
0
0
0
0
0.16323278860733
0.128778180485232
0
0
0
0.0468785623289998
0
0
0
0
0
0
0
0
0
0
0
0
0
0
0
0
0
0
0
0
0
0
0
0
0
0
0
0
0
0
0
0
0
0
0
0
0
0
0
0
0
0
0
0
0
0
0
0
0
0
0
0
0
0
0
0
0
0
0
0
0
0
0
0
0
0
0
0
0
0
0
0
0
0
0
0
0
0
0
0
0
0
0
0
0
0
0
0
0
0
0
0
0
0
0
0
0
0
0
0
0
0
0
0
0
0
0
0
0
0
0
0
0
0
0
0
0
0
0
0
0
0
0
0
0
0
0
0.09278244639181
0
0
0
0
0
0
0
0
0
0
0
0
0
0
0
0
0
0
0
0
0
0
0
0
0
0
0
0
0
0
0
0
0
0
0
0
0
0
0
0
0
0
0
0
0
0
0
0
0
0
0
0
0
0
0
0
0
0
0
0
0
0
0
0
0
0
0
0
0
0
0
0
