-4.11703953161755
0
0
0
0
0
0
0
0
0
0
0
0
0
0
0
0
0.526579219862867
0
0
0.00223319376987577
0
0
0
0
0
-0.0305000502819299
0
0
0
0
0
0
0
0
0
0
0
0
0
0
0
0
0
-1.31890323394182
0
0
0
0
0
0
0
0
0
0
0
0
0
0
0
0
0
0.129772138574985
0
0.292018476654816
0
0
0
0
0
-0.232117897531324
0
-0.104918337850251
0
0
0
0
0
0.0753803181040974
0
0
-0.166313172194833
0
0
0
0
0
0
0
0
0
0
0
0
0
0
0.20672096496858
0
0
0
0
0
0
0
0
0
0
0
0
0
0.191365609801444
0
0
0.232413726041694
0
0.100920483832146
0.805544740952107
0
0
0
0.276270624555846
0
0
0
0
0
0
0
0
0
0
0.577551485060463
0
0
0
0
0
0
0
0
-0.0121164614410442
0
0
-0.263345049737653
0
-0.0714328648070329
-0.0838189978369294
0
0
0
0.0786915920691218
0
0
0
0
0
0
0
0.319920084742165
0.386480735146978
0
0
0
1.32293130221044
0.533609164019041
0.577831206329639
1.21954799681661
0
0
0.854417785265157
0
0
0.539625178524595
0
0
0
0
-0.573812428912914
0
0
0
0
0
0
0
0
0
0
0
0
0
0
0
0
0
0
-0.0845654795677614
0
0
0
0
0
0
0
0
0
0
0
0
0
0
0
0
0
0
0
0
0
0
0
0
0
0
0
0
-0.10536391011081
0
0
0
0
0
0
0
0
0
0
0
0
0
0
0
0
0
0
0
0
0
0
0
0
0.0304245739969214
0
0
0
0
0
0
0
0
0
0
0
0
0
0
0
0
0
-0.0207668470511782
0
0
0
0
0
0
0
0
0
0
0
0
0
0
0
0
0
0
0
0
0
0
0
0
0
0
0
0
0
0
0
0
0
0
0
0
0
0
0
0
0
0
0
0
0
-0.157044266170585
-0.0316028210922227
0
0
0
0
0
0
0
0
0
0
0
0
0
0
0
0
-0.0649385468486778
0
0
0
0
0
0
0
0
0
0
0.313409897478539
-0.0529088698995513
0
0
-0.242104325682041
0
0
0
0
0
0
0
0
0
0
0
0
0
0
0
0
-0.165510067974214
-0.0178102873510279
0
0
0
0
0
0
0
-0.0146320076434892
0
0
0
0
0
0
0
0
0
0
0
0
0
0
0
0
-0.400972913338811
0
0
0
0
0
1.00331726604246
0
0
0
0
0
0
0
0
0
0
0
0
0
0
0
0
0
0
0
0
0
0
0
0
0
0
0
0
0
0
0
0
0
0
0
0
0
0
0
-0.0786430705799977
0
0
0
0
0.00108573769823525
0
0
0
0
0
0
0
0
0
0
0
-0.208113628778808
0
0
0
0
0
0.0637112995385464
0
0.343060557041252
0
0
0
0
0
0
0
0
0
0
0
0
0
0
0
0
0
0
0
-0.0289352671456234
-0.0586608331438888
0
0
0
0
0.204732793454567
0
0
0
0
0
0
0
0
0
0
0
0.20348312196513
0
0
0
0
0
0
0
0
0
0
0
0
0
0
0
0
0
0
0
0
0
0
0
0
0
0
0
0
0
0
0
0
0
0
0
0
0
0
0
0
0
0
0
0
0
0
0
0
0
0
0
0.332495793263876
0
0
0
0
0
0
0
0
0
0
0
0
0
0
0
0
0
0
0
0
0
0
0
0
0
0
0
0
0
0
0
0
0
0
0
0
0
0
0
0
0.210945548007913
-0.00452250971986575
0.0487403769614677
0
0
0
0
0
0
0
0
0
0
0
0
0
0
0
0
0
0
0
0
0
0
0
0
0
0
0
0
0
0
0
0
0
0
0
0
0
0
0
0
0
0
0
0
0
0
0
0
0
0
0
0
0
0
0
0
0
0
0
0
0
0
0
0
0
0
0
0
0
0
0
0
0
0
0
0
0
0
0
0
0
0
0
0
0
0
0
0
0
0
0
0
0
0
0
0
0
0
0
0
0
0
0
0
0
0
0
0
0
0
0
0
0
0
0
0
-0.00111376627425149
0
0
-0.0769134275696869
0
0
0
0
0
0
0
0
0
0
0
0
0
0
0
0
0
0
0
0
0
0
0
0
0
0.0590574020339866
0
0
0
0
0
0
0
0
0
0
0
0
0
0
0
0
0
0
0
0
0
-0.0266505869204357
0
0
0
0
0
0
0
0
0
0
0
0
0
0
0
-0.335767831285876
0
0
0
0
0
0
0
0
0
0
-0.207103783288478
0
0
0
0
0
0
