-4.00255286968071
0
0
0
0
0
0
0
0.0620267976828414
0
0.0508142000929485
0
0
0
0
0.234587315051679
0
0
0
0
0
0
0
0
0
0
0.479466415018636
0
0
0
0
0
0
0
0
0
0
0
0
0
0
0
0
0
0
0
0
0
0
0
0
0
0
0
0
0
0
0
0
0
0
0
0.0949662774115305
0.203957424406705
0
0
0
0
0
0
0
0
0
0
0
0
0
0
0
0
0
0
0
0
0
0.0326722394028475
0
0
0
0
0
0.276510083728231
0
0
0
0
0.0804273913562546
0
0
0
0
0
0
0
0
0
0
0.0772163169539807
0
0
0
0
0
0
0
0
0
0
0
0
0
0
0
0
0
0
0.424399665156781
0.26427193621318
0
0
0
0
0
0
0
0
0
0
0
0
0
0
0
0
0
0
0
0
0
0
0
0
0
0
0
0
0
0.0402906816752372
0.494615991018138
0.208287838155162
0.420284513769817
0.154711723782057
0.642764242518699
0.296909318891711
0
0.309962469503937
0.475036316845918
0
0.114847109334288
0.0334008923876965
0.0732174389202939
0
0
0.28209430730729
0
0
0
0
0
0
0
0
0
0
0
0
0
0
0
0
0.156016413933482
0
0
0
0
0
0
0
0
0
0
0
0
0
0
0
0
0
0
0
0
0
0
0
0
0
0
0
0
0
0
0
0
0
0
0
0
0
0
0
0
0
0
0
0
0
0
0
0
0
0
0
0
0
0
0
0
0
0
0
0
0
0
0
0
0
0
0
0
0
0
0
0
0
0
0
0
0
0
0
0
0
0
0
0
0
0
0
0
0
0
0
0
0
0
0
0
0
0
0
0
0
0
0
0
0
0
0
0
0
0
0
0
0
0
0
0
0
0
0
0
0
0
0
0
0
0
0
0
0
0
0
0
0
0
0
0
0
0
0
0
0
0
0
0
0
0
0
0
0
0
0
0
0
0
0
0
0
0
0
0
0
0
0
0
0
0
0
0
0
0
0
0
0
0
0
0
0
0
0
0
0
0
0
0
0
0
0
0
0
0
0
0
0
0
0
0
0
0
0
0
0
0
0
0
0
0
0
0
0
0
0
0
0
0
0
0
0
0
0
0.138255711247642
0
0
0
0
0
0
0
0
0
0
0
0.00982975556478516
0.0825369326395999
0
0
0
0
0
0
0
0
0
0
0
0
0
0
0
0
0
0
0
0
0
0
0
0
0
0
0
0
0
0
0
0
0
0
0.016514644155023
0
0.204260322100054
0
0
0
0
0
0
0
0
0
0
0
0
0
0
0
0
0
0
0
0
0
0.518957375671074
0
0
0
0
0
0.0593835240318607
0
0
0
0
0
0
0
0
0
0
0
0
0
0
0
0
0
0
0
0
0
0
0
0
0
0
0
0
0
0.0671575722153146
0
0
0
0
0.0923108124785273
0.222134383570922
0
0
0
0
0
0
0
0
0
0
0
0
0
0
0
0
0
0
0
0
0
0
0
0
0
0
0.112990300798706
0
0
0
0
0.0414183436927731
0.104128337594065
0
0.109581866194717
0.0240193671961865
0
0.0432235654252862
0.0217429390255665
0
0.0524137592991418
0.0623680464123786
0
0
0
0.101135842822401
0.134730278212056
0.395256970616838
0
0
0
0
0
0
0
0
0
0
0
0
0
0.109056394550844
0
0
0
0
0
0
0
0
0
0
0
0
0
0
0
0
0
0
0
0
0
0
0
0
0
0
0
0
0
0
0
0
0
0
0
0
0
0
0
0
0
0
0
0
0
0
0
0
0
0
0
0
0
0
0
0
0
0
0
0
0
0
0
0
0
0
0
0
0
0
0
0
0
0
0
0
0
0
0
0
0
0
0
0
0
0
0
0
0
0
0
0
0
0
0
0
0
0
0
0
0
0
0
0
0
0
0
0
0
0
0
0
0
0
0
0
0
0
0
0
0
0
0
0
0
0
0
0
0
0
0
0
0
0
0
0
0
0
0
0
0
0
0
0
0
0
0
0
0
0
0
0
0
0
0
0
0
0
0
0
0
0
0
0
0
0
0
0
0
0
0
0
0
0
0
0
0
0
0
0
0
0
0
0
0
0
0
0
0
0
0
0
0
0
0
0
0
0
0
0
0
0
0
0
0
0
0
0
0
