-3.93131169572933
0
0
0
0
0
0
0
0
0
0.0500593258915895
0
0
0
0
0
0
0
0
0.125686643312829
0.143072563212816
0
0
0
0
0
0.101138466945498
0
0
0
0
0.063681028926315
0
0
0
0.258390592481676
0
0
0
0
0
0
0.266249333475379
0
0
0
0
0
0
0
0
0
0
0
0
0
0
0
0
0
0
0
0
0.317648155265954
0
0
0
0
0
0
0
0
0
0
0
0
0
0
0
0
0
0
0
0
0
0
0
0
0
0
0
0
0
0
0
0
0.0918543559628709
0
0
0.050217528053095
0
0
0.151093681946615
0
0
0
0
0.0784307174794544
0.294518170670891
0
0.537610991858191
0
0.160024403993606
0
0
0.319913608514335
0
0.0572110395210726
0
0
0
0
0
0.275713995342438
0
0
0.187751736187286
0.0288886596860264
0.615251184563051
0.0947621710568843
0.230674386934327
0
0
0
0
0
0
0
0.0475043571345387
0
0
0
0
0
0
0
0
0.0380629446961756
0
0
0.35212328257583
0.315417905743375
0
0
0
0.252877300186757
0.311540725318964
0
0
0
0
0
0
0
0
0.257252431415899
0
0.285456646778144
0.176685492407763
0.134124364955459
0.0514713748114126
0.307536196213533
0
0
0
0.438295858095515
0
0.0344839439299592
0
0
0
0
0
0
0.283876231066263
0
0
0
0
0
0
0
0
0
0.686578773769138
0
0
0
0
0
0
0
0
0
0
0
0
0
0
0
0
0
0
0
0
0
-0.266194670279138
0
0
0
0
0
0
0
0
0
0
0
0
0
0
0
0
0
0
0.249243760876606
0.0249523102098473
0
0
0
0
0
0
0
0.233643674588025
0.687668007470667
0
0
0
0
0
0
0
0
0
0
0
0.0957003848770975
0
0
0
0
0
0.209859312637759
0.157928897089957
0
0
0
0
0
0
0
0
0
0
0
0
0
0
0
0
0
0
0
0
0
0
0
0
0
0
0
0
0
0
0
0
0
0
0
0
0
0
0
0
0
0
0
0
0
0
0
0
0
0
0
0
0
0
0
0
0
0.0598197208534217
0
0
0
0
0
0.0968003621262644
0
0
0
0
0
0
0
0
0
0
0
0
0
0
0
0
0
0
0
0
0
0
0
0
0
0
0
0
0
0
0
0
0
0
0
0
0
0
0
0
0
0
0
0
0
0
0
0
0
0
0
0
0
0
0
0
0
0
0
0
0
0.0905040861775174
0
0
0
0
0
0
0
0
0
0
0
0
0
0
0
0
0
0.044132607860598
0
0
0
0
0
0
0
0
0
0
0
0
0
0
0
0
0
0
0
0
0
0
0
0
0
0
0
0
0
0
0
0
0
0
0
0
0
0
0
0
0
0
0
0
0
0.0185115319450702
0
0
0
0
0
0.162683641743346
0
0
0
0
0
0
0
0
0
0
0
0
0
0
0
0
0
0
-0.0146396221151258
0
0
0
0
0
0
0
0
0
0
0
0
0
0
0
0
0
0
0
0
0
0.459848702394268
0
0
0
0
0
0
0
0
0
0
0
0
0
0
0
0.322106889205369
0
0
0
0
0
0
0
0
0.139333492206588
0
0.0602606803779644
0
0
0
0
0
0
0
0
0
0
0
0
0
0
0
0
0
0
0
0
0
0
0
0
0
0
0
0
0
0
0
0
0
0
0
0
0
0
0
0
0
0
0.0782965532563389
0
0
0
0
0
0
0
0
0
0.000269854017000201
0
0
0
0
0
0
0
0
0.345272829907958
0
0
0
0
0.0338598883007765
0
0
0
0
0
0
0
0
0
0
0
0
0
0
0
0
0
0
0
0
0
0
0
0
0
0
0
0
0
0
0
0
0
0
0
0
0
0
0
0
0
0
0
0
0
0
0
0
0
0
0
0
0
0
0
0
0
0
0
0
0
0
0
0
0
0
0
0
0
0
0
0
0
0
0
0
0
0
0
0
0
0
0
0
0
0
0
0
0
0
0
0
0
0
0
0
0
0
0
0
0
0
0
0
0
0
0
0
0
0
0
0
0
0
0
0
0
0
0
0.0983476515362538
0
0
0
0
0
0
0
0
0
0
0
0
0
0
0
0
0
0
0
0
0
0
0
0
0
0
0
0
0
0
0
0
0
0
0
0
0
0
0
0
0
0
0
0
0
0
0
0
0
0
0
0
0
0
0
0
0
0.0384089850749503
0
0
0
0
0
0
0
0
0
0
0
0
0
0
0
0
0
0
0
0
0
0
