-3.92123984998839
0
0
0
0.00712837813017634
0
0
0.106868264609474
0
0
0
0.000912004335137842
0
0
0
0
0
0
0
0
0.193005925800531
0
0
0
0
0
0
0
0
0
0
0
0.0214012561182446
0
0
0.219367922220296
0
0
0
0
0
0
0.564702002879462
0
0
0
0
0
0
0
0
0
0
0
0
0
0
0.0729642401872806
0
0
0
0
0
0.233425318541671
0
0
0
0
0
0
0
0
0
0
0
0
0
0
0
0
0
0
0
0
0
0.0543794989225054
0
0
0
0
0
0
0
0.0302327814819152
0
0
0.0969140223974603
0
0
0
0
0
0.104246534939733
0
0
0
0
0
0.39514003968429
0
0.580933141633766
0
0.0232709542744399
0
0
0.161199693737784
0
0.122999357679957
0.0643420154107426
0.00722386031990187
0.0480890162426731
0
0
0.128797900167395
0
0
0
0.102568107937607
0.468036404361209
0.490013495824753
0
0
0
0
0
0
0
0
0
0
0
0
0
0
0
0
0
0
0
0
0.270867638900584
0.161646811626709
0.0180251836124517
0
0.0738553246899736
0.293337329859776
0.390454045711966
0
0
0
0
0
0
0
0
0.335393354075322
0.10375065616841
0.0541291486770607
0.130553664113028
0.22417149740835
0.00720657919968194
0.381802522219074
0
0
0.0592629269483852
0.53503514169301
0
0
0
0
0
0
0
0
0.219513950278135
0
0
0
0
0
0
0
0
0
0
0
0
-0.0629945016107626
0
0
0
0
0
0
0
0
0
0
0
0
0
0
0
0
0
0
0
0.0677160801922255
0
0
0
0
0
0
0
0
0
0
0
0
0
0
0
0
0
0.352636675650506
0
0
0
0
0
0
0.259063555376526
0
0.0304474382210107
0.941998209614997
0
0
0
0
0.207122731613432
0
0
0
0
0
0
0.187421921554044
0
0
0
0
0
0.375171097385738
0.0296894811241612
0.0537766038666256
0
0
0
0
0
0
0
0
0
0
0
0
0
0
0
0
0
0
0
0
0
0
0
0
0
0
0
0
0
0
0
0
0
0
0
0
0
0
0
0
0
0
0
0
0
0
0
0
0
0
0.0246925476559051
0
0
0
0
0
0
0
0
0
0
0
0
0
0
0
0
0
0
0
0
0
0
0
0
0
0
0
0
0
0
0
0
0
0
0
0
0
0
0
0
0
0
0
0
0
0
0
0
0
0
0
0
0
0
0
0
0
0
0
0
0
0
0
0
0
0
0
0
0
0
0
0
0
0.161565801822805
0
0
0
0
0
0
0
0
0
0
0
0
0
0
0
0
0
0
0
0
0
0
0
0.0217733082504108
0
0
0
0
0
0
0
0
0
0
0
0
0
0
0
0
0
0.0626787012467037
0
0
0
0
0
0
0
0
0.0406737240849046
0
0
0
0
0
0
0
0
0
0
0
0
0
0
0
0
0
0
0.189570118267809
0
0
0
0
0
0
0.00444928770580101
0
0
0
0
0
0
0
0
0
0
0
0
0
0
0
0
0
0
0
0
0
0
0
0
0
0
0
0
0
0
0
0
0
0.371576787824998
0
0
0
0
0
0
0
0
0
0
0
-0.0294327955581598
0
0
0
0
-0.0193066502801358
0
0
0
0
0
0
0
0.0210909942158891
0
0
0
0
0
0
0
0
0
0
0
0
0
0
0
0
0
0
0
0
0
0
0
0
0
0
0
0
0
0
0
0
0
0
0
0
0
0
0.00770053969991962
0.0142359848756266
0
0
0
0
0
0.245458396217939
0
0
0
0
0
0
0
0
0
0
0
0
0
0
0
0
0
0.0654032588538344
0.0266999937082641
0
0
0
0.092783800393526
0
0
0
0
0
0
0
0
0
0
0
0
0
0
0
0
0
0
0
0
0
0
0
0
0
0
0
0
0
0
0
0
0
0
0
0
0
0
0
0
0
0
0
0
0
0
0
0
0
0
0
0
0
0
0
0
0
0
0
0
0
0
0
0
0
-0.0363581122181515
0
0
0
0
0
0
0
0
0
0
0
0
0
0
0
0
0
0
0
0
0
0
0
0
0
0
0
0
0
0
0
0
0
0
0
0
0
0
0
0
0
0
0
0
0
0
0
0
0
0
0
0
0
0
0
0
0
0
0
0
0
0
0
0
0
0
0
0
0
0
0
0
0
0
0
0
0
0
0
0
0
0
0
0
0
0
0
0
0
0
0
0
0
0
0
0
0
0
0
0
0
0
0
0
0
0
0
0
0
0
0
0
0
0
0
0
0
0
0
0
0
0
0
0
0
0
0
0
0
0
0
0
0
0
