-4.33290143615945
0.000207115705926326
0
0
0
0
0
0
0
0
0.163456791719556
0
0
0
0
0
0.151504614728249
0
0
0
0
0
0
0
0
0
-0.012167468257881
0
0
0
0
0
0
0
0
0
0
0
0
0
0
0
0
0
0
0
0
0
0
0
0
0
0
0
0
0
0
0
0
0
0
0
0
0
0
0.209388260298998
0
0
0
0.440485315790668
0
0
0.719957071480911
0
0
0.411005459238771
0.00246619273020017
0
0
0.140485731064733
0
0
0
0.0734311015733596
0
0
0
0
0
0
0
0
0
0
0
0
0
0
0
0
0
0
0
0
0
0
0
0
0
0
0
0.11609859725837
0.0450630656877755
0
0
0
0
0
0
0
0
0
0.677458433158309
0
0
0
0
0
0
0
0.142946526995459
0.324971001685161
0
0
0
0
-0.0535897562615644
0
0
0
0
0
-0.0388384030292163
-0.0773300137629406
0
-0.15346231222294
-0.0382897230404664
0
0
0
0
0.471114803893823
0
0
0
0
0
0.182214986705037
1.04209694858515
0.110656587283913
0
0.577421383587722
0.0255041949348507
0.268713194880306
0.0979733088240583
0.0249114442276122
0.00933869268394775
0.0985914970851572
0
0.175360456289072
1.14204494197322
0
0.956942457701785
0.0894818072036667
1.12285481931505
0.311637924459068
0
0
0
0
0.31418580578321
0
0
0
0
0
0
0
0
0
0
0
0
0
0
0
0
0
0
0
0
0
0
0
0
0.122156436123519
0
0
0
0
0
0
0
0
0
0
0
0
0
-0.330223119613542
0
0
0
0
0
0
0
0
0
0
0.486659373334151
0.217088753365155
0
0
0
0
0
0
0
0
0
0
0
0
0
0
0.414188874329971
0
0
0
0
0
0
0
0
0
0.0284986428190667
0
0
0.174701999791025
0
0
0
0
0
0.349722249157785
0
0
0
0
0
0
0
0
0
0
0
0
0
0
0
0.399759178292922
0
0.20567878020724
0
-0.0107694222102826
0
0
0
0
0
0
0
0
0
0
0
0
0
0
0
0
0
-0.000574872088801817
0
0
0
0
0
0
0
0.0487993275007728
0
0
0
0
0
0
0
0
0
0
0
0
0
0
0
0
0
0
0
0
0
0
0
0
0
0
0
0
0
0
0
0
-0.213336006195779
0
0
-0.0722761769471575
0
0
0
0
0
0
0
0.0184772499185191
1.91550730328352
0
0
0
0
0
0
0
0
0
0
0
0
0
0
0
0
0
0
0
0
0
0.0152413161403354
0
0
0
0
0
0
0
0
0
1.91844687116635
0
0.192238781483464
0
0
0
0
0
0
0
0
0
0
0
0
0
0
0
0
0
0
0
0
0
0
0
0
0
0
0
0
0
0
0
0
0
0
0
0
0
0
0
0
0
0
0
0
0
0
0
0
0
0
0
0
0
0
0
0
0
0
0
0
0
0
0
0
0
0
0
0
0
0
0
0
0
0
0
0.28402802691004
0
0
0
0
0
0
0
0
0
0
0
0
0
0
0
0
0
0
0
0
0
0
0
0
0
0
0
0
0
0
0
-0.0113443781810083
0
0
0
0
-0.304544196581382
0
0
0
-0.00912753884492914
0
0
0
0
0
0
0
0
0
0
0
0
0
0
0
0
0
0
0
0
0
0
0
0
0
0
-0.0921047028729812
0
0
0
0
0
0
0
0
0
0
0
0
0
0
0
0
0
0
-0.101961746172602
0
0
0
0
0
-0.0851856091134583
0
0
-0.0635881917817414
0
0
0
0
0
-0.103845953257341
-0.260183674089676
0
0
0
0
0
0
0
0
0
0
0
0
0
0
0
0
0
0
0
0
0
0
0
0
0
0
0
0
0
0
0
0
0
0
0
0
0
0
0
0
0
0
0
0
0
0
0
0
0
0
0
0
0
0
0
0
0
0
0
0
0.132302072179287
0
0
0
0
0
0
0
0
0
0
0
0
0
0
0
0
0
0
0
0
0
0
0
0
0
0
0
0
0
0
0
0
0
0
0
0
0
0
0
0
0
0
0
0
0
0.0151487223311093
0
0
0
0
0
0
0
0
0
0
0
0
0
0
0
0
0
-0.0132942133555776
0
0
0
0
0
0
0
0
0
0
0
0
0
0
0
0
0
0
0
0
0
0
0
0
0
0
0
0
0
0
0
0
0
0
0
0
0
0
0
0
0
0
0
0.0741641697623498
0
0
0
0
0
0
0
0
0
0
0
0
0
0
0
0
0
0
0
0
0
0
0
0
0
0
0
0
0
0
0
0
0
0
-0.117547245442555
0
0
0
0
0
0
0
0
0
0
0
-0.391440219476257
0
0
0
0
0
0
0
0
0
0
