-4.0353645115194
0
0
0
0
0
0
0.088839717553677
0
0
0
0
0
0
0
0
0.138277544477088
0
0
0.0518753759203547
0.130643052826056
0
0
0
0
0
0
0
0
0
0
0
0
0
0
0.0788613886306872
0
0
0
0
0
0
0.481764160515799
0
0
0
0
0
0
0
0
0
0
0
0
0
-0.102385512700267
0
-0.0659982880010188
0
-0.0247993265903274
0
0.0373813187367533
0.069126550385211
0
0
0
0
0
0
0
0
0
0
0
0
0
0
0
0
0
0
0
0
0
0
0
0.163735588659759
0
0
0
0
0
0
0
0
0
0
0
0.0293143585333548
0
0
0.276078723282444
0
0
0
0
0
0.329457298553302
0
0.582599769564666
0
0
0
0
0.210279563224476
0.0909172313797016
0.232874003571546
0
0
0
0
0
0.0737090942212619
0
0
0.0957386582941536
0
0.575544156900214
0.338780188280757
0.0609162228353889
0
0.0451668854656307
0.0376542137116246
0
0
0.0569859593046769
0
0
0
0
0
0
0
0
0
0
0
0
0
0.925774934374735
0
0
0
0
0.324930946610188
0.321563939793105
0
0
0.162946523457891
0
0
0
0
0
0.193253024596973
0.0246784361827608
0.319366554563237
0.150423860124144
0.0755794075298455
0.25115915893332
0.323672724574977
0
0.0642000236834962
0
0.640337492727084
0
0.100812390868714
0
0
0
0
0
0
0.355962814098126
0
0.1783076315851
0
0
0
0
0
0
0
0
0
0
0
0
0
0
0
0
0
0
0
0
0
0
0
0
0
0
0
0
0
-0.147477262424742
0.00242442852646594
0
0
0
0
0
0
0
0
0
0
0
0
0
0
0
0
0
0.191962855474684
0
0
0
0
0
0
0.318109385432192
0
0
1.17386482909213
0
0
0
0
0.485735823371439
0
0
0
0
0
0
0
0
0
0
0
0
0.332024001595948
0.358313687065245
0.19406071781505
0
0
0
0
0
0
0
0
0
0
0
0
0
0
0
0
0
0
0
-0.284139947793306
0
0
0
0
0
0
0
0
0
0
0
0
0
0
0
0
0
0
0
0
0
0
0
0
0
0
0
0
0
0
0
0
0
0
0
0
0
0
0
0
0
0
0
0
0
0
0
0
-0.248362214393767
0
0
0
0
0
0
0
0
0
0
0
0
0
0
-0.0186872931187926
0
0
0
0
0
0
0
0
0
0
0
0
0
0
0
0
0
0
0
0
0
0
0
0
0
0
0
0
0
0
0
0
0
0
0
0
0
0
0
0
0
0
0
0
0
0
0
0
0
0
0
0.041387034086049
0
0
0
0
0
0
0
0
0
0
0
0
0
0
0.00650633112803045
0
0
0
0
0
0
0
0
0
0
0
0
0
0
0
0.122321217580115
0
0
0
0
0
0
0
0
0.366367108101075
0
0
0
0
0
0
0
0
0
0
0
0
0
0
0
0
0
0
0.231457657793578
0.00417449967114942
-0.0329778710782651
0
0
0
0
0
0
0
0
0
0.0319682036567258
0
0
0
0
0
0
-0.0594151172417994
0
0
0
0
0
0
-0.0378256973084682
0
0
0
0
0
0
0
0
0
0
0
0
0
0
0.390278762155002
0
0
0
0
0
0
0
0
0
0
0
0
0
0
0
0
-0.142801662676569
0
0
0
0
0
0
0
0.525820784015999
0.094028247965869
0
0
0
0
0
0
0
0
0
0
0
0
0
0
0
0
0
0
0
0.218772372134723
0
0
0.125528649451303
0
0
0
0
0
0
0
0
0
0
0
0
0
0
0
0
0
0
0
0
0
0.241056071648573
0
0
0
0
0
0
0
0
0
0
0
0
0
0
0
0
0
0
0
0
0
0.152067322338141
0.0152407912036948
0
0
0
0
0
0
0
0
0
0
0
0
0
0
0
0
0
0
0
0
0
0
0
0
0
0
0
0
0
0
0
0
0
0
0
0
0
0
0
0
0
0
0
0
0
0
0
0
0
0
0
0
0
0
0
0
0
0
0
0
0
0
0
0
0
0
0
0
0
0
0
0
0
0
0
0
0
0
0
0
0
0
0
0
0
0
0
0
0
0
0
0
0
0
0
0
0
0
0
0
0
0
0
0
0
0
0
0
0
0
0
0
-0.00379458248199864
0
0
0
0
0
0
0
0
0
0
0
0
0
0
0
0
0
0
0
0
0
0
0
0
0
0
0
0
-0.00768835231006381
0
0
0
0
0
0
0
0
0
0
0
0
0
0
0
0
0
0
0
0
0
0
0
0
0
0
0
0
0
0
0
0
0
0.0061629673921993
0
0
0
0
0
0
0
0
0
0
0
0
0
0
0
0
0
0
-0.0386759499612766
0
0
0
0
0
