-3.96230671170384
0
0
0
0
0
0
0.174827254552843
0
0
0.0566003631155549
0
0
0
0
0
0
0
0
0.209861088545832
0
0
0
0
0
0
0.038544285009428
0
0
0
0
0
0
0
0
0.154200173020393
0
0
0
0
0
0
0.458033615541294
0
0
0
0
0
0
0
0
0
0
0
0
0
0
0
0
0
0
0
0
0.288156264308105
0
0
0
0
0.00590574032579458
0
0
0
0
0
0
0
0
0
0
0
0
0
0
0
0
0
0
0
0
0
0
0
0
0
0
0
0
0
0
0.308107017081399
0
0
0.126736265561088
0
0
0
0
0
0.294787328389885
0
0.578594939923101
0
0.0974526739493389
0
0
0.149235958075288
0.17183389900769
0
0
0
0.0228088271527927
0
0
0.233057993407409
0
0
0
0.0615340610671952
0.823653809381549
0
0.0753480816747583
0
0
0
0
0
0
0
0.0476923459009303
0
0.0645270637759749
0
0
0
0
0
0
0
0
0
0.563458486843184
0.147885965894001
0.159961732703303
0
0
0.255103863369161
0.478761210583961
0
0
0
0
0
0
0
0
0.133366418514432
0
0.210586143156641
0.0254957306574095
0.309895152578773
0.098949686219177
0.482812130178746
0
0
0
0.698964492470841
0
0.160348152494518
0
0
0
0
0
0
0.290337398495134
0
0
0
0
0
0
0
0
0
0.0482333167303617
0
0
0
0
0
0
0
0
0
0
0
0
0
0
0
0
0
0
0.0965001559560734
0.192013328508982
0
0
0
0
0
0
0
0
0
0
0
0
0
0
0
0
0
0
0
0
0.283229359677797
0
0
0
0
0
0
0.276715941689806
0
0
0.296928406381822
0
0
0
0
0.224554637228862
0
0
0
0
0
0
0
0
0
0
0
0
0.019264986870974
0.0795717142822955
0
0
0
0
0
0
0
0
0
0
0
0
0
0
0
0
0
0
0
0
-0.159796146740832
0
0
0
0
0
0
0
0
0
0
0
0
0
0
0
0
0
0
0
0
0
0
0
0
0
0
0
0
0
0
0
0
0
0
0
0
0
0
0
0
0
0
0
0
0
0
0
0
0
0
0
0
0
0
0
0
0
0
0
0
0
0
0
0
0
0
0
0
0
0
0
0
0
0
0
0
0
0
0
0
0
0
0
0
0
0
0
0
0
0
0
0
0
0
0
0
0.146284386028
0
0
0
0
0
0
0
0.00894115886327394
0
0
0
0
0
0
0
0
0
0
0
0
0
0
0
0.0418822452732398
0
0
0
0
0
0
0
0
0
0
0
0
0
0
0
0
0
0
0
0
0
0
0
0
0
0
0
0
0
0
0
0
0
0
0
0
0
0
0
0
0
0
0
0
0
0
0
0.100752081643445
0
0
0
0
0
0.123248893602134
0
0
0
0
0
0
0
0
0
0
0
0
0
0
0
0
0
0
0
0
0
0
0
0
0
0
0
0
0
0.0679277488921451
0
0
0
0
0
0
0
0
0
0
0.324540273436932
0
0
0
0
0
0
0
0
0
0
0
0
0
0
0
0
0
0.0728318489602839
0
0
0
0
0
0
0.0600288972863504
0
0
0
0
0
0
0
0
0
0
0
0
0
0
0
0
0
0
0
0
0
0
0
0.0522551994071419
0.084517305237112
0
0
0
0
0
0
0
0
0
0
0
0
0
0
0
0
0
0
0
0
0.198098519950831
0
0
0
0
0
0
0
0
0.0807776181279549
0
0
0
0
0
0
0
0
1.6223822245693
0
0
0
0
0.0969962534556004
0
0
0
0
0
0
0
0
0
0
0
0
0
0
0
0
0
0
0
0
0
0
0
0
0
0
0
0
0
0
0
0
0
0
0
0
0
0
0
0
0
0
0
0
0
0
0
0
0
0
0
0
0
0
0
0
0
0
0
0
0
0
0
0
0
0
0
0
0
0
0
0
0
0
0
0
0
0
0
0
0
0
0
0
0
0
0
0
0
0
0
0
0
0
0
0
0
0
0
0
0
0
0
0
0
0
0
0
0
0
0
0
0
0
0
0
0
0
0
0
0
0
0
0
0
0
0
0
0
0
0
0
0
0
0
0
0
0
0
0
0
0
0
0
0
0
0
0
0
0
0
0
0
0
0
0
0
0
0
0
0
0
0
0
0
0
0
0
0
0
0
0
0
0
0
0
0
0.139667076984758
0
0
0
0
0
0
0
0
0
0
0
0
0
0
0
0
0
0
0
0
0
0
