-4.35979601722279
0
0.065308529803711
0
0.178699799774499
0
0
0
0
0
0.154034195961798
0
0
0
0
0
0
0
0
0
0
0
0
0
0
0
0.365788480994713
0
0
0
0
0
0
0
0
0
0
0
0
0
0
0
0
0
0
0
0
0
0
0
0
0
0
0
0
0
0
0
0
0
0
0
0.398836946633286
0.24682850621868
0.267958955055009
0
0
0
0
0
0
0
0
0
0
0
0
0
0
0
0
0
0
0
0
0.271911800084328
0
0
0
0
0
0.212457502350462
0
0
0
0
0.326557667764502
0
0
0
0
0
0
0
0
0
0
0
0
0
0
0
0
0
0
0
0
0
0
0.110862409406444
0
0
0
0
0
0
0.162277783612964
0.199722880512753
0
0
0.464200347843207
0.457598628448358
0
0
0
0
0
0
0
0
0
0
0
0
0
0
0
0
0
0
0
0
0
0
0.355465832370903
0
0
0.348527467535446
0.80429727314976
0.271829281269881
0.531521048554442
0.252750157992545
0.693487228205967
0
0
0.102836519975701
0
0
0.552191229102534
0.195881587872134
0.136048549926207
0
0
0.197616519317176
0
0
0
0
0
0
0
0
0
0
0
0
0
0
0
0
0.372829870061741
0
0
0
0
0
0
0
0
0
0
0
0
0
0
0
0
0
0
0
0
0
0
0
0
0
0
0
0
0
0
0
0
0
0
0
0
0
0
0
0
0
0
0
0
0
0
0
0
0
0
0
0
0
0
0
0
0
0
0
0
0
0
0
0
0
0
0
0
0
0
0
0
0
0
0
0
0
0
0
-0.077852338546451
0
0
0
0
0
0
0
0
0
0
0
0
-0.103952869682886
0
0
0
0
0
0
0
0
0
0
0
0
0
0
0
0.0866862517949443
0
0
0
0
0
0
0
-0.147505743896338
0
0
0
0
0
0
0
0
0
0
0
0
0
0
0
0
0
0
0
0
0
0
0
0
0
0
0
0
0
0
0
0
0
0
0
0
0
0
0
0
0
0
0
0
0
0
0
0
0
0
0
0
0
0
0
0
0
0
0
0
0
0
0
0
0
0
0
0
0
0
0
0
0
0
0
0
0
0
0
0
0
0.233111319621315
0
0
0
0
0
0
0
0
0
0
0
0
0
0
0
0
0
0
0
0
0
0
0
0
0
0
0
0
0
0
0
0
0
0.501945936430251
0
0
0
0
0
0
0
0
0
0
0
0
0
0
0
0
0
0
0
0
0
0
0
0
0
0
0
0.364657992602409
0
0
0
0
0
0
0
0.0370471305125605
0.436478356918378
0
0
0
0.11405107095801
0
0
0
0
0
0
0
0
0
0
0
0
0
0
0
0
0
0.457907714954741
0
0
0
0
0
0.0385392921330372
0
0
0
0
0
0
0
0
0
0
0
0
0
0
0
0
0
0
0
0
0
0
0
0
0
0
0
0
0
0.383756558381497
0.161895101946817
0
0.0361198967600159
0
0.1749120737132
0.104479963539025
0
0
0
0.0575582593499327
0
0
0
0
0
0
0
0
0
0
0
0
0
0
0
0
0
0
0
0
0.162508108479386
0
0
0.0323441010645109
0
0.0180706235143826
0
0
0.208176879054745
0
0.349715822630533
0
0
0
0
0
0
0
0
0
0
0
0.293448633765054
0.580094502149357
0
0
0
0
0
0
0
0
0
0
0
0
0
0
0.135006566569078
0
0
0
0
0
0
0
0
0
0
0
0
0
0
0
0
0
0
0
0
0
0
0
0
0
0
0
0
0
0
0
0
0
0
0
0
0
0
0
0
0
0
0
0
0
0
0
0
0
0
0
0
0
0
0
0
0
0
0
0
0
0
0
0
0
0
0
0
0
0
0
0
0
0
0
0
0
0
0
0
0
0
0
0
0
0
0
0
0
0
0
0
0
0
0
0
0
0
0
0
0
0
0
0
0
0
0
0
0
0
0
0
0
0
0
0
0
0
0
0
0
0
0
0
0
0
0
0
0
0
0
0
0
0
0
0
0
0
0
0
0
0
0
0
0
0
0
0
0
0
0
0
0
0
0
0
0
0
0
0
0
0
0
0
0
0
0
0
0
0
0
0
0
0
0
0
0
0
0
0
0
0
0
0
0
0
0
0
0
0
0
0
0
0
0
0
0
0
0
0
0
0
0
0
0
0
0
0
