-4.18161376243168
0
0
0
0
0
0
0
0
0
0
0
0
0.321501624125269
0
0.0261244723512034
0
0
0
0
0
0
0
0
0
0
0.478689583961785
0
0
0
0
0
0
0
0
0
0
0
0
0
0
0
0
0
0
0
0
0
0
0
0
0
0
0
0
0
0
0
0
0
0
0
0.315663111506997
0.757113973285832
0.0446329261154804
0
0
0
0
0
0
0
0
0
0
0
0
0
0
0
0
0
0
0
0
0.0596882744332108
0
0
0
0
0
0.213600454908994
0
0
0
0
0.285618229365303
0
0
0
0
0
0
0
0
0
0
0
0
0
0
0
0
0
0
0
0
0
0
0.0748531530482773
0
0.0635389477865252
0
0.0488650989921909
0
0
0.686500748401549
0.145572707998628
0
0
0
0
0
0
0
0
0
0
0
0
0
0
0
0
0
0
0
0
0
0
0
0
0
0.217984523264999
0.369065087119675
0
0
0.315463796657685
0.2772967615389
0.395063138994377
0.574582348755954
0.274216665792894
0.599802394949525
0
0
0.16932523980549
0.504123124553126
0
0.285905061472941
0
0.0494863951766666
0
0.0547298250763134
0.0245619055098854
0
0.193857631818878
0
0
0
0
0
0
0
0
0
0
0
0
0
0.0210339625362655
0.350017394321278
0
0
0
0
0
0
0
0
0
0
0
0
0
0
0
0
0
0
0
0
0
0
0
0
0
0
0
0
0
0
0
0
0
0
0
0
0
0
0
0
0
0
0
0
0
0
0
0
0
0
0
0
0
0
0
0
0
0
0
0
0
0
0
0
0
0
0
0
0
0
0
0
0
0
0
0
0
0
0
0
0
0
0
0
0
0
0
0
0
0
0
0
0
0
0
0
0
0
0
0
0
0
0
0
0
0
0
0
0.336101352720921
0
0
0
0
0
0
0
0
0
0
0
0
0
0
0
0
0
0
0
0
0
0
0
0
0
0
0
0
0
0
0
0
0
0
0
0
0
0
0
0
0
0
0
0
0
0
0
0
0
0
0
0
0
0
0
0
0
0
0
0
0
0
0
0
0
0
0
0
0
0
0
0
0
0
0
0
0
0
0
0
0
0
0
0
0
0
0
0
0
0
0
0
0
0
0
0
0
0
0
0
0
0
0
0
0
0
0
0
0
0
0.0903995800540847
0
0
0
0
0
0
0
0
0
0
0
0
0.272345914919318
0
0
0
0
0
0
0
0
0
0
0
0
0
0
0
0
0
0
0
0
0
0
0
0
0
0
0
0
0
0
0
0
0
0
0
0
0.0836370149945222
0
0
0
0
0
0
0
0
0
0
0
0
0
0
0
0
0
0
0
0
0
0.407475990876621
0
0
0
0
0
0
0
0
0
0
0
0
0
0
0
0
0
0
0
0
0
0
0
0
0
0
0
0
0
0
0
0
0
0.110163171096809
0
0.245950363051626
0
0
0
0
0.180423511285535
0
0
0
0
0
0
0
0
0
0
0
0
0
0
0
0
0
0
0
0
0
0
0
0
0
0
0
0
0
0
0.0545805516271118
0
0
0.0435218949377145
0
0.191913904400656
0.0967044832816352
0
0
0.230903807739074
0
0
0
0.0126031477085724
0
0
0
0
0.475727676720972
0
0
0
0
0
0
0
0
0
0
0
0
0
0.0969025544940808
0.0388264365551328
0
0
0
0
0
0
0
0
0
0
0
0
0
0
0
0
0
0
0
0
0
0
0
0
0
0
0
0
0
0
0
0
0
0
0
0
0
0
0
0
0
0
0
0
0
0
0
0
0
0
0
0
0
0
0
0
0
0
0
0
0
0
0
0
0
0
0
0
0
0
0
0
0
0
0
0
0
0
0
0
0
0
0
0
0
0
0
0
0
0
0
0
0
0
0
0
0
0
0
0
0
0
0
0
0
0
0
0
0
0
0
0
0
0
0
0
0
0
0
0
0
0
0
0
0
0
0
0
0
0
0
0
0
0
0
0
0
0
0
0
0
0
0
0
0
0
0
0
0
0
0
0
0
0
0
0
0
0
0
0
0
0
0
0
0
0
0
0
0
0
0
0
0
0
0
0
0
0
0
0
0
0
0
0
0
0
0
0
0
0
0
0
0
0
0
0
0
0
0
0
0
0
0
0
0
0
0
0
