-4.69812029135212
0
0
0
0.189124195112556
0
0
-0.388877104091483
0
0
0.198832953862009
0
0
0.47431433132652
0
0.635141020367291
0
0
0
-0.0153751292981482
0
0
0
0
0
0.0207433935281418
0.560216060368908
0
0
0
0
0
0
0
0
0
0
0
0
0
-0.436215611533719
0
0.120573984271778
0
0
0
0
0
0
0
0
0
0
0
0
0
0
0
0
0.115705151127302
0.00192240516548808
0
0
0.546032617745662
0.335275120545491
0
0
0
0.348992616702704
0
0
0
-0.0368560120705761
0
0
0
-0.0143311980243558
0
0.165370377414782
0
0
0
0
-0.115142836309627
0
0
0
0
0
0
0
0
0
0
0
0
0.231373327171383
0.961105540142836
0
0
0
0
0
0
0
0
0
0
0
0
0
0
0
0
0
0
0
0
1.00402900080795
0
0.556948057086892
0.0998627259824993
0
0
0
0
0.511464827360221
0.170357270594964
0.292376172175158
0
0.824178941212069
0.581208870400141
0
0
0
0
0
0
-0.288204320595978
0
0
0
0
0
0
0
0
0
0
0
0
0
0.869360523937779
0.520729150322384
0.387274428314169
0
0
0.0208783236020187
0.748044410478055
0.147955117672859
0.435618365697076
0.324976224867202
0.922062741754606
0.119580958460181
0
0.223437841713656
0.461297680149648
0
0.189970555822205
0.0699105091262195
0
0
0.000711845031578509
0.572501782333617
0
0.171558788461366
0
0
0
0
0
0
0
0
0.101095787439202
0
0
0
0
0.132101111117896
0.421515454386077
0
0
0
0
0
0
0
0
-0.468289642077933
0
0
0
0
-0.309583107863174
-0.070945008670595
0
0
0
0
-0.167798240341527
0
0
-0.133162803675084
0
0
0
0
0
0
0
0
0
0
0
0
0
0
0
0
0
0
0
0
0
0
0
0
0
0
0
0
0
0
0
0
0
0
0
0
0
0
0
0
0
0
0
0
0
0
0
0
0
0
0
0.0342252809717405
0
0
0
-0.0580536435826673
-0.261508347253099
0
0
0
-0.218966002704193
0
0
0
-0.16019059867322
0
0
0
0
0
-0.234446910503646
0
0
0
0
0
0
0
0
0
0
0
0
0
0.322096491579991
0.632086142368275
0
0
0
0
0
-0.293539006263964
0
0
0
0
0
0
0
0
0
0
0
0
0
0
0
0
0
-0.671080162739459
0
0
0
0
0
0
0
0
0
0
0
0
0
0
0
0
0
0
0
0
0
0
0.352670824048385
0.2778954875545
0
0
0
0
0
0
0
0
0.49111334553761
0
0
0.172616181657296
0
0
0.960490274009517
-0.356322762815155
0
0
0
0
0
0
-0.716453940902227
0
0
0
0
0
0
0
0
0
0
0
0
0
0
0
0
0
0.340459124085916
0
0
0
0.528633536240944
0
0
0
0
0
0
0
0
0.179851140138763
0
0
-0.375865541746797
0
0
0
0
0
0.326284322245344
0
0
0
0
0
0
0
0
0
0
0
0
0.172207401281663
0
0
0
0
0
0
0
0
0
0
0
-0.104783385483303
0
0
0
0
-0.0770134074461351
0
0
0
0
0
0
0
0
0
0
0
0
0
0
0
0
0.347381326878838
0.0903981930477389
0.164115324243581
0.488540432788628
0
0
0
0
0
0
0
-0.140282689015656
0
0
0
0
0
0
0
0
0
0
0.0946939534762389
0
0
0.214321965267581
0
0.0490608134401394
0
0
0
0.328944384210443
0
0
0
0
0
0
0
0.608373608811932
0
0
0
0
0
0
0
0
0
0
0
0
0.366421409309119
0
0
0
0
0
0
0
0
1.10672146162816
0
0
0
0
0
0
0.121869540320332
0
0
0
0
0
0
0
0
0
0
0
0
0
0
0
0
0
0
0
0
0
0
0
0.0204402532891396
0.00982625823171007
0.28291771082183
0
0
0.406456136700892
0
0
0
0
0.050379196428106
0
0
0
0.320525577672429
0
0.109955083838266
0
0
0
-0.128261586711518
0.17922388421338
0
0.859606729228655
-0.171412305138032
0
0
0
0
0
0
0
0
0
0
0
0
0
0
0
-0.402906950763561
0
0
0
0
0.173491352097512
0
0
0
0
0
0
-0.0526808173414074
0
0
0
0
0
0
0
0
0
0
0
0
0
0
0
0
0
0
0
0
0
0
0
0
-0.0449955339212632
0
0
0
0
0
0.0394897092514603
0
0
0.000253662056438984
0
0
0
0
0
0
0
0
0
0
-0.310311771403366
0
0
0
0
0
0
0
0
0
0
0
0
0
0
0
0
0
0
0
0
0
0
0
0
0
0
0
0
0
-0.0684426759783172
0
-0.36696774055675
0
0
-0.0856859382699537
0
0
0
0
0
0
0
0
0
0
0
0
0
0
0.313766319186882
0
0
0
-0.0185602572532532
0
0
0
0
0.0593984851207702
0
0.482381644852921
0.137492677863503
0
0
0
0
0
0
0
0
0
0
0
0
0
0.0732840250793231
0
0
0
0
0
0
0
0
0
0
0
0
0
0
0
0
0
0
0
0
0
0
0
0
-0.00946187305595973
0
0
0
0
0
0
0
0
0
0
0
0.0749503643644099
0
0
0
0
0
0
0
0
0
0
0
0
0
0
0
0
0
0
0
0
0
0
0
0
0
-0.0353878758008876
0
0
0
0
0
0
0
0
0
0
