1	0.968223443291764
1	0.974357993612075
1	0.981916338082351
1	0.962365215779101
1	0.951532779281869
1	0.988647121909193
1	0.975638701437358
1	0.950485282466842
1	0.980996307654831
1	0.946285955651839
1	0.991850296683179
1	0.949461039030444
1	0.986954672015544
1	0.0398719547901279
1	0.978889390466469
1	0.967428857251081
1	0.925790609493092
1	0.0264345870703784
1	0.976716374781925
1	0.939897304368064
1	0.981599104306308
1	0.985464931036726
1	0.445285182391601
1	0.993281270686453
1	0.963640687553452
1	0.941157475337546
1	0.987826328230957
1	0.874297147287625
1	0.986189935141785
1	0.968223443291764
1	0.662082981612169
1	0.876696811674946
1	0.952171831104691
1	0.985217924421502
1	0.986749811840413
1	0.973987788336079
1	0.982953341012966
1	0.954850157222126
1	0.98154158422017
1	0.0140735823940842
1	0.990262336843469
1	0.936945352299545
1	0.960088423129377
1	0.886533331105988
1	0.836903133787253
1	0.858951611894925
1	0.102536910377988
1	0.0140735823940842
1	0.988745267981947
1	0.967250162202416
1	0.938242351089527
1	0.983789869444523
1	0.991831705116921
1	0.915007886402567
1	0.988821292640505
1	0.866660694090975
1	0.802014717596608
1	0.966137112120097
1	0.943525900844769
1	0.986832468290744
1	0.932415812950634
1	0.25893596093248
1	0.986832468290744
1	0.881441671834858
1	0.891928357616534
1	0.98531265663009
1	0.976989025234866
1	0.955445989067193
1	0.946805700219678
1	0.159687394571248
1	0.987362259466914
1	0.943736443651945
1	0.957299157142465
1	0.974577197561005
1	0.985464931036726
1	0.757358758038734
1	0.962253038776635
1	0.968223443291764
1	0.940417912036604
1	0.996193128496871
1	0.638623470944019
1	0.990153934425434
1	0.491162861563773
1	0.859425279051935
1	0.0140735823940842
1	0.955422321910036
1	0.952517135746546
1	0.994503802135725
1	0.952321607446853
1	0.856882903312252
1	0.0813568315471296
1	0.967580295779695
1	0.850764298563192
1	0.865459164167646
1	0.943493658907287
1	0.987555074823161
1	0.961576782160333
1	0.945449246957145
1	0.976817383503978
1	0.0140735823940842
1	0.984946659464465
1	0.892033757144251
1	0.620891267206556
1	0.986243409747919
1	0.99670961233808
1	0.862343821808912
1	0.958644371964655
1	0.0143081847296384
1	0.98154158422017
1	0.978246486697471
1	0.840601934340511
1	0.983789869444523
1	0.952557002026688
1	0.0143280062287355
1	0.988367957794962
1	0.0140735823940842
1	0.263448742623565
1	0.975007986173893
1	0.380381216856792
1	0.904686585596033
1	0.948367234341433
1	0.969530491733453
1	0.981575151118905
1	0.429496712527648
1	0.948594665836717
1	0.986832468290744
1	0.187478152276153
1	0.973523332567761
1	0.972897217516957
1	0.0140735823940842
1	0.986832468290744
1	0.981276227935017
1	0.991035629632102
1	0.978592559955272
1	0.749500624781891
1	0.922101445958038
1	0.982415861455391
1	0.7306308415706
1	0.973303227550552
1	0.982674572666019
1	0.952471575398141
1	0.904011565493419
1	0.978329620110035
1	0.0140735823940842
1	0.972940693216295
1	0.0140735823940842
1	0.974847551556699
1	0.0355585764213718
1	0.884224306977708
1	0.977512474903023
1	0.0140735823940842
1	0.391196725780908
1	0.818645526464439
1	0.665709145198165
1	0.0190013742779487
1	0.937179950596283
1	0.988142480096944
1	0.97787282727634
1	0.931205925078733
1	0.985310801781967
1	0.987680790555776
1	0.973534222715036
1	0.990482849567882
1	0.879302360285938
1	0.0140735823940842
1	0.640281134019376
1	0.986884680856274
1	0.878833347696299
1	0.352605416989872
1	0.968223443291764
1	0.979277340296214
1	0.972443140378816
1	0.0140735823940842
1	0.977304971206303
1	0.982265442583446
1	0.988917219477401
1	0.0138982413802124
1	0.813918729321142
1	0.665645667580787
1	0.922221664018521
1	0.899841243180367
1	0.944381496630985
1	0.905758648597825
1	0.955292811556019
1	0.0864365486532732
1	0.105420673310525
1	0.929603803232189
1	0.0190556384787773
1	0.958052264046877
1	0.98154158422017
1	0.975183853618347
1	0.0140735823940842
1	0.960778313292704
1	0.954850157222126
1	0.0393880358284708
1	0.983707371015132
1	0.951878148030941
1	0.953286298414981
1	0.376393041893388
1	0.0140735823940842
0	0.0140735823940842
0	0.0140735823940842
0	0.0138982413802124
0	0.0140735823940842
0	0.0140735823940842
0	0.0140735823940842
0	0.0140735823940842
0	0.0140735823940842
0	0.0140735823940842
0	0.0140735823940842
0	0.0140735823940842
0	0.0140735823940842
0	0.0140735823940842
0	0.0138982413802124
0	0.0140735823940842
0	0.0140735823940842
0	0.0140735823940842
0	0.0140735823940842
0	0.0140735823940842
0	0.0140735823940842
0	0.0140735823940842
0	0.0178778519389671
0	0.0656353210206849
0	0.0138786056834836
0	0.0140735823940842
0	0.0143280062287355
0	0.0140735823940842
0	0.0140735823940842
0	0.0138982413802124
0	0.0140735823940842
0	0.205387334614251
0	0.0140735823940842
0	0.0140735823940842
0	0.0593313621738634
0	0.0140735823940842
0	0.0140735823940842
0	0.0140735823940842
0	0.0140735823940842
0	0.0140735823940842
0	0.0138786056834836
0	0.0140735823940842
0	0.0140735823940842
0	0.0140735823940842
0	0.0140735823940842
0	0.0138982413802124
0	0.0140735823940842
0	0.0756283578538778
0	0.0138982413802124
0	0.0143650770126652
0	0.0138982413802124
0	0.0179739686466013
0	0.0138982413802124
0	0.0140735823940842
0	0.0140735823940842
0	0.0140735823940842
0	0.0140735823940842
0	0.0140735823940842
0	0.0140735823940842
0	0.0138982413802124
0	0.0140735823940842
0	0.0140735823940842
0	0.0140735823940842
0	0.0140735823940842
0	0.0140735823940842
0	0.0140735823940842
0	0.0140735823940842
0	0.0138982413802124
0	0.0140735823940842
0	0.0138786056834836
0	0.0140735823940842
0	0.0140735823940842
0	0.0140735823940842
0	0.0140735823940842
0	0.0140735823940842
0	0.0178778519389671
0	0.0140735823940842
0	0.0167187957484866
0	0.0140735823940842
0	0.0140735823940842
0	0.0140735823940842
0	0.0140735823940842
0	0.0140735823940842
0	0.0140735823940842
0	0.0140735823940842
0	0.0138786056834836
0	0.0140735823940842
0	0.0140735823940842
0	0.012198494825496
0	0.0140735823940842
0	0.0140735823940842
0	0.0138982413802124
0	0.0153955812154768
0	0.0140735823940842
0	0.0140735823940842
0	0.0196944352028555
0	0.0140735823940842
0	0.0140735823940842
0	0.0167187957484866
0	0.0159226007355265
0	0.0140735823940842
0	0.0140735823940842
0	0.0140735823940842
0	0.0140735823940842
0	0.0140735823940842
0	0.0141100043316116
0	0.0143280062287355
0	0.0161458228089838
0	0.0140735823940842
0	0.0140735823940842
0	0.0140735823940842
0	0.0140735823940842
0	0.0140735823940842
0	0.0140735823940842
0	0.0140735823940842
0	0.0140735823940842
0	0.0140735823940842
0	0.0140735823940842
0	0.0140735823940842
0	0.0140735823940842
0	0.0138786056834836
0	0.0140735823940842
0	0.0140735823940842
0	0.0140735823940842
0	0.0140735823940842
0	0.0140735823940842
0	0.0140735823940842
0	0.0140735823940842
0	0.0164877848611021
0	0.0140735823940842
0	0.0140735823940842
0	0.0140735823940842
0	0.0140735823940842
0	0.0138982413802124
0	0.0140735823940842
0	0.0140735823940842
0	0.0140735823940842
0	0.166913612139944
0	0.0140735823940842
0	0.0140735823940842
0	0.0140735823940842
0	0.0138982413802124
0	0.0140735823940842
0	0.0140735823940842
0	0.0140735823940842
0	0.0138982413802124
0	0.0140735823940842
0	0.0140735823940842
0	0.0138982413802124
0	0.0140735823940842
0	0.0140735823940842
0	0.0140735823940842
0	0.0140735823940842
0	0.0140735823940842
0	0.0140735823940842
0	0.0140735823940842
0	0.0138982413802124
0	0.0140735823940842
0	0.0140735823940842
0	0.0140735823940842
0	0.0140735823940842
0	0.0398719547901279
0	0.0140735823940842
0	0.0140735823940842
0	0.0140735823940842
0	0.0140735823940842
0	0.0140735823940842
0	0.0140735823940842
0	0.0185122134898902
0	0.0140735823940842
0	0.0140735823940842
0	0.0140735823940842
0	0.0138982413802124
0	0.0140735823940842
0	0.209015826965111
0	0.0656353210206849
0	0.0140735823940842
0	0.0143081847296384
0	0.0140735823940842
0	0.0140735823940842
0	0.0140735823940842
0	0.0140735823940842
0	0.0834081203198014
0	0.0140735823940842
0	0.0140735823940842
0	0.0140735823940842
0	0.0140735823940842
0	0.0140735823940842
0	0.0140735823940842
0	0.0140735823940842
0	0.0140735823940842
0	0.0140735823940842
0	0.0140735823940842
0	0.0140735823940842
0	0.578567657998131
0	0.0140735823940842
0	0.0140735823940842
0	0.0140735823940842
0	0.0140735823940842
0	0.0140735823940842
0	0.0140735823940842
0	0.0140735823940842
0	0.0140735823940842
0	0.0140735823940842
0	0.0140735823940842
0	0.0140735823940842
0	0.511581022708537
0	0.0140735823940842
0	0.0140735823940842
0	0.0140735823940842
0	0.0140735823940842
0	0.0140735823940842
0	0.0140735823940842
0	0.0140735823940842
0	0.0140735823940842
0	0.0140735823940842
0	0.0192962809247283
0	0.0140735823940842
0	0.0140735823940842
0	0.0140735823940842
0	0.0140735823940842
0	0.0138982413802124
0	0.0140735823940842
0	0.0138982413802124
0	0.0140735823940842
0	0.0185122134898902
0	0.0545750117207038
0	0.0140735823940842
0	0.0140735823940842
0	0.0140735823940842
0	0.0140735823940842
0	0.0140735823940842
0	0.0140735823940842
0	0.0140735823940842
0	0.0140735823940842
0	0.0140735823940842
0	0.0140735823940842
0	0.0140735823940842
0	0.0140735823940842
0	0.0140735823940842
0	0.0140735823940842
0	0.0140735823940842
0	0.0138786056834836
0	0.0140735823940842
0	0.0140735823940842
0	0.0140735823940842
0	0.0140735823940842
0	0.0140735823940842
0	0.0138982413802124
0	0.0140735823940842
0	0.0140735823940842
0	0.0140735823940842
0	0.0140735823940842
0	0.0140735823940842
0	0.0140735823940842
0	0.0143280062287355
0	0.125982795804032
0	0.0140735823940842
0	0.0140735823940842
0	0.0140735823940842
0	0.0180075609461417
0	0.0140735823940842
0	0.0287869243780974
0	0.0140735823940842
0	0.0140735823940842
0	0.0138982413802124
0	0.0167187957484866
0	0.0140735823940842
0	0.0140735823940842
0	0.0140735823940842
0	0.0140735823940842
0	0.0140735823940842
0	0.0225289226629662
0	0.0140735823940842
0	0.0140735823940842
0	0.0140735823940842
0	0.0140735823940842
0	0.0140735823940842
0	0.0140735823940842
0	0.0140735823940842
0	0.0140735823940842
0	0.0140735823940842
0	0.0143280062287355
0	0.0140735823940842
0	0.0140735823940842
0	0.0140735823940842
0	0.0140735823940842
0	0.0140735823940842
0	0.0140735823940842
0	0.0138982413802124
0	0.0520965245288481
0	0.0140735823940842
0	0.0140735823940842
0	0.0138982413802124
0	0.0143280062287355
0	0.0140735823940842
0	0.0140735823940842
0	0.0140735823940842
0	0.0140735823940842
0	0.0140735823940842
0	0.0140735823940842
0	0.0140735823940842
0	0.0140735823940842
0	0.0140735823940842
0	0.0140735823940842
0	0.0140735823940842
0	0.0140735823940842
0	0.0140735823940842
0	0.0140735823940842
0	0.0140735823940842
0	0.0140735823940842
0	0.0138982413802124
0	0.0285525879992786
0	0.0140735823940842
0	0.0225289226629662
0	0.0140735823940842
0	0.0140735823940842
0	0.0167187957484866
0	0.0140735823940842
0	0.0140735823940842
0	0.0140735823940842
0	0.0140735823940842
0	0.0140735823940842
0	0.0140735823940842
0	0.0140735823940842
0	0.0140735823940842
0	0.0140735823940842
0	0.0140735823940842
0	0.0140735823940842
0	0.295200426608372
0	0.0159226007355265
0	0.0178778519389671
0	0.0140735823940842
0	0.0140735823940842
0	0.0140735823940842
0	0.0140735823940842
0	0.0140735823940842
0	0.0140735823940842
0	0.0140735823940842
0	0.0140735823940842
0	0.0140735823940842
0	0.0138982413802124
0	0.0140735823940842
0	0.0140735823940842
0	0.0140735823940842
0	0.0140735823940842
0	0.0138982413802124
0	0.0140735823940842
0	0.0140735823940842
0	0.0140735823940842
0	0.0140735823940842
0	0.0254757761856498
0	0.0140735823940842
0	0.0140735823940842
0	0.0140735823940842
0	0.0140735823940842
0	0.0140735823940842
0	0.0140735823940842
0	0.0140735823940842
0	0.0140735823940842
0	0.0137056600913056
0	0.0140735823940842
0	0.0140735823940842
0	0.0140735823940842
0	0.0140735823940842
0	0.0140735823940842
0	0.0140735823940842
0	0.0465350313999847
0	0.0140735823940842
0	0.0165110502620973
0	0.0140735823940842
0	0.0140735823940842
0	0.0140735823940842
0	0.0140735823940842
0	0.015624552226157
0	0.414547490217286
0	0.0140735823940842
0	0.0140735823940842
0	0.0140735823940842
0	0.0140735823940842
0	0.0140735823940842
0	0.0140735823940842
0	0.0140735823940842
0	0.0140735823940842
0	0.0140735823940842
0	0.0138982413802124
0	0.0140735823940842
0	0.0140735823940842
0	0.0140735823940842
0	0.0140735823940842
0	0.0138982413802124
0	0.0140735823940842
0	0.0140735823940842
0	0.0140735823940842
0	0.0140735823940842
0	0.0140735823940842
0	0.0140735823940842
0	0.0138982413802124
0	0.0138982413802124
0	0.0140735823940842
0	0.0140735823940842
0	0.0140735823940842
0	0.0140735823940842
0	0.0140735823940842
0	0.0140735823940842
0	0.0140735823940842
0	0.0167187957484866
0	0.0167187957484866
0	0.56224162683073
0	0.0140735823940842
0	0.0225289226629662
0	0.0140735823940842
0	0.0153474639743743
0	0.0268360071805637
0	0.0140735823940842
0	0.0140735823940842
0	0.0140735823940842
0	0.0140735823940842
0	0.0138982413802124
0	0.0140735823940842
0	0.0140735823940842
0	0.0138786056834836
0	0.0140735823940842
0	0.0143280062287355
0	0.0140735823940842
0	0.0140735823940842
0	0.0140735823940842
0	0.0140735823940842
0	0.0140735823940842
0	0.0140735823940842
0	0.0140735823940842
0	0.0140735823940842
0	0.0234242554470327
0	0.0140735823940842
0	0.0140735823940842
0	0.0140735823940842
0	0.0140735823940842
0	0.0140735823940842
0	0.0140735823940842
0	0.0140735823940842
0	0.0140735823940842
0	0.0140735823940842
0	0.0140735823940842
0	0.0600294343818172
0	0.0138786056834836
0	0.0140735823940842
0	0.0140735823940842
0	0.0151224911902106
0	0.0140735823940842
0	0.0140735823940842
0	0.014913202607606
0	0.0140735823940842
0	0.0140735823940842
0	0.0140735823940842
0	0.0140735823940842
0	0.0140735823940842
0	0.0168187324054797
0	0.0140735823940842
0	0.0140735823940842
0	0.0140735823940842
0	0.0140735823940842
0	0.0140735823940842
0	0.0167187957484866
0	0.0140735823940842
0	0.0140735823940842
0	0.0140735823940842
0	0.0140735823940842
0	0.0140735823940842
0	0.0140735823940842
0	0.0140735823940842
0	0.0138982413802124
0	0.0138786056834836
0	0.0140735823940842
0	0.0140735823940842
0	0.0140735823940842
0	0.0140735823940842
0	0.0166816087998711
0	0.0138982413802124
0	0.0140735823940842
0	0.0140735823940842
0	0.0138786056834836
0	0.0140735823940842
0	0.0140735823940842
0	0.0140735823940842
0	0.0140735823940842
0	0.0140735823940842
0	0.0169967328181098
0	0.0140735823940842
0	0.0138982413802124
0	0.0143280062287355
0	0.0140735823940842
0	0.0140735823940842
0	0.0140735823940842
0	0.0157245904452819
0	0.0138982413802124
0	0.0140735823940842
0	0.0140735823940842
0	0.0140735823940842
0	0.0140735823940842
0	0.0140735823940842
0	0.0140735823940842
0	0.0140735823940842
0	0.0138982413802124
0	0.0140735823940842
0	0.0140735823940842
0	0.0140735823940842
0	0.0138982413802124
0	0.0209320080951186
0	0.136510411740492
0	0.0140735823940842
0	0.0140735823940842
0	0.0140735823940842
0	0.0140735823940842
0	0.0140735823940842
0	0.0140735823940842
0	0.0140735823940842
0	0.0140735823940842
0	0.0140735823940842
0	0.0140735823940842
0	0.0140735823940842
0	0.0185122134898902
0	0.0138982413802124
0	0.0225289226629662
0	0.0140735823940842
0	0.0140735823940842
0	0.0140735823940842
0	0.0140735823940842
0	0.0138982413802124
0	0.0140735823940842
0	0.0140735823940842
0	0.0140735823940842
0	0.0140735823940842
0	0.0140735823940842
0	0.0138786056834836
0	0.0140735823940842
0	0.0140735823940842
0	0.0308980573015241
0	0.0140735823940842
0	0.0140735823940842
0	0.098282410636565
0	0.0842706478027592
0	0.0140735823940842
0	0.0140735823940842
0	0.0140735823940842
0	0.0140735823940842
0	0.0140735823940842
0	0.0138982413802124
0	0.0140735823940842
0	0.0138982413802124
0	0.0140735823940842
0	0.0140735823940842
0	0.0140735823940842
0	0.0140735823940842
0	0.0140735823940842
0	0.0140735823940842
0	0.0140735823940842
0	0.0140735823940842
0	0.0140735823940842
0	0.0140735823940842
0	0.0140735823940842
0	0.0140735823940842
0	0.0140735823940842
0	0.0140735823940842
0	0.0140735823940842
0	0.0140735823940842
0	0.0140735823940842
0	0.0140735823940842
0	0.0140735823940842
0	0.0140735823940842
0	0.0140735823940842
0	0.0138982413802124
0	0.0140735823940842
0	0.0140735823940842
0	0.0140735823940842
0	0.0140735823940842
0	0.0140735823940842
0	0.0140735823940842
0	0.0140735823940842
0	0.0140735823940842
0	0.0140735823940842
0	0.0140735823940842
0	0.0140735823940842
0	0.0140735823940842
0	0.0140735823940842
0	0.0138982413802124
0	0.0140735823940842
0	0.0439343360091272
0	0.0165110502620973
0	0.0140735823940842
0	0.0140735823940842
0	0.0140735823940842
0	0.0138982413802124
0	0.0140735823940842
0	0.0140735823940842
0	0.625226673352831
0	0.0493365079332175
0	0.0138982413802124
0	0.0161458228089838
0	0.0140735823940842
0	0.0140735823940842
0	0.0140735823940842
0	0.0140735823940842
0	0.0140735823940842
0	0.0140735823940842
0	0.0140735823940842
0	0.0140735823940842
0	0.27071778583132
0	0.0140735823940842
0	0.0140735823940842
0	0.0140735823940842
0	0.0140735823940842
0	0.0138982413802124
0	0.0140735823940842
0	0.0140735823940842
0	0.0140735823940842
0	0.0167855926799681
0	0.0140735823940842
0	0.0140735823940842
0	0.0140735823940842
0	0.0184501975261348
0	0.0140735823940842
0	0.0140735823940842
0	0.0140735823940842
0	0.0138786056834836
0	0.0167187957484866
0	0.0140735823940842
0	0.0140735823940842
0	0.404077370868409
0	0.0140735823940842
0	0.0138982413802124
0	0.0439343360091272
0	0.0140735823940842
0	0.0138982413802124
0	0.0140735823940842
0	0.0140735823940842
0	0.0140735823940842
0	0.0140735823940842
0	0.0140735823940842
0	0.0140735823940842
0	0.0140735823940842
0	0.0140735823940842
0	0.0140735823940842
0	0.0140735823940842
0	0.0140735823940842
0	0.0140735823940842
0	0.0140735823940842
0	0.0140735823940842
0	0.0140735823940842
0	0.0284335582704909
0	0.0140735823940842
0	0.0140735823940842
0	0.0140735823940842
0	0.0140735823940842
0	0.0140735823940842
0	0.0140735823940842
0	0.0140735823940842
0	0.0140735823940842
0	0.0138786056834836
0	0.0140735823940842
0	0.0140735823940842
0	0.0140735823940842
0	0.0140735823940842
0	0.0200321589688673
0	0.0140735823940842
0	0.0151564958127074
0	0.0140735823940842
0	0.0140735823940842
0	0.0140735823940842
0	0.0140735823940842
0	0.0140735823940842
0	0.0140735823940842
0	0.0226183989326741
0	0.0140735823940842
0	0.0140735823940842
0	0.0140735823940842
0	0.0138982413802124
0	0.0140735823940842
0	0.0140735823940842
0	0.0140735823940842
0	0.0138982413802124
0	0.0140735823940842
0	0.0140735823940842
0	0.0151224911902106
0	0.0140735823940842
0	0.0140735823940842
0	0.0138982413802124
0	0.0140735823940842
0	0.0523859423965074
0	0.0140735823940842
0	0.0140735823940842
0	0.0167187957484866
0	0.0140735823940842
0	0.0140735823940842
0	0.0140735823940842
0	0.0140735823940842
0	0.0140735823940842
0	0.0140735823940842
0	0.0140735823940842
0	0.0140735823940842
0	0.0140735823940842
0	0.0140735823940842
0	0.0140735823940842
0	0.0140735823940842
0	0.0140735823940842
0	0.0140735823940842
0	0.0140735823940842
0	0.324290900864474
0	0.0157974436988033
0	0.0140735823940842
0	0.0287869243780974
0	0.0140735823940842
0	0.0140735823940842
0	0.0143280062287355
0	0.0140735823940842
0	0.0138982413802124
0	0.0140735823940842
0	0.0140735823940842
0	0.0140735823940842
0	0.0140735823940842
0	0.0140735823940842
0	0.015501067597604
0	0.0178778519389671
0	0.0140735823940842
0	0.0138982413802124
0	0.0140735823940842
0	0.0140735823940842
0	0.0140735823940842
0	0.0140735823940842
0	0.0140735823940842
0	0.0140735823940842
0	0.0140735823940842
0	0.0140735823940842
0	0.0140735823940842
0	0.0138982413802124
0	0.0287869243780974
0	0.0140735823940842
0	0.0140735823940842
0	0.0138982413802124
0	0.0140735823940842
0	0.0140735823940842
0	0.0564927702568834
0	0.0140735823940842
0	0.0143081847296384
0	0.0138786056834836
0	0.0140735823940842
0	0.0140735823940842
0	0.0140735823940842
0	0.0140735823940842
0	0.0140735823940842
0	0.0140735823940842
0	0.0140735823940842
0	0.0140735823940842
0	0.0140735823940842
0	0.0180031209648264
0	0.0140735823940842
0	0.0140735823940842
0	0.0140735823940842
0	0.0170202145203052
0	0.0140735823940842
0	0.0140735823940842
0	0.0140735823940842
0	0.0140735823940842
0	0.0140735823940842
0	0.0140735823940842
0	0.0140735823940842
0	0.0140735823940842
0	0.0140735823940842
0	0.0138982413802124
0	0.0140735823940842
0	0.0140735823940842
0	0.0180965769874921
0	0.0140735823940842
0	0.0140735823940842
0	0.0140735823940842
0	0.0140735823940842
0	0.0140735823940842
0	0.0138982413802124
0	0.0140735823940842
0	0.0281690439985886
0	0.0140735823940842
0	0.0140735823940842
0	0.0140735823940842
0	0.0140735823940842
0	0.0140735823940842
0	0.0138982413802124
0	0.0140735823940842
0	0.0140735823940842
0	0.0140735823940842
0	0.0161458228089838
0	0.0140735823940842
0	0.0140735823940842
0	0.0140735823940842
0	0.0140735823940842
0	0.0140735823940842
0	0.0140735823940842
0	0.0140735823940842
0	0.0140735823940842
0	0.0140735823940842
0	0.0140735823940842
0	0.0140735823940842
0	0.0140735823940842
0	0.0140735823940842
0	0.0398719547901279
0	0.0140735823940842
0	0.0194519299474054
0	0.0140735823940842
0	0.0140735823940842
0	0.0140735823940842
0	0.0140735823940842
0	0.0140735823940842
0	0.0398719547901279
0	0.023515671521956
0	0.0140735823940842
0	0.0138786056834836
0	0.0140735823940842
0	0.0140735823940842
0	0.0140735823940842
0	0.0140735823940842
0	0.0138982413802124
0	0.0140735823940842
0	0.0140735823940842
0	0.0140735823940842
0	0.0439343360091272
0	0.0143280062287355
0	0.0140735823940842
0	0.0140735823940842
0	0.0140735823940842
0	0.0140735823940842
0	0.0140735823940842
0	0.0140735823940842
0	0.015945081552363
0	0.0140735823940842
0	0.0140735823940842
0	0.0138982413802124
0	0.0327557234652114
0	0.0153474639743743
0	0.0140735823940842
0	0.0140735823940842
0	0.0140735823940842
0	0.0140735823940842
0	0.0140735823940842
0	0.0140735823940842
0	0.0140735823940842
0	0.0140735823940842
0	0.0140735823940842
0	0.0138982413802124
0	0.0140735823940842
0	0.0140735823940842
0	0.0140735823940842
0	0.0140735823940842
0	0.0140735823940842
0	0.0140735823940842
0	0.0140735823940842
0	0.0138982413802124
0	0.0140735823940842
0	0.0140735823940842
0	0.0140735823940842
0	0.0140735823940842
0	0.0140735823940842
0	0.0140735823940842
0	0.0140735823940842
0	0.0140735823940842
0	0.0140735823940842
0	0.0189726005202238
0	0.0140735823940842
0	0.0140735823940842
0	0.0140735823940842
0	0.0140735823940842
0	0.0140735823940842
0	0.0140735823940842
0	0.0140735823940842
0	0.027643730081149
0	0.0140735823940842
0	0.0140735823940842
0	0.0138982413802124
0	0.0149342799024055
0	0.0163380516825753
0	0.0140735823940842
0	0.0140735823940842
0	0.0140735823940842
0	0.0140735823940842
0	0.0140735823940842
0	0.0140735823940842
0	0.0140735823940842
0	0.0140735823940842
0	0.0140735823940842
0	0.0140735823940842
0	0.0140735823940842
0	0.015624552226157
0	0.0153474639743743
0	0.0140735823940842
0	0.0138982413802124
0	0.0140735823940842
0	0.0140735823940842
0	0.0140735823940842
0	0.0140735823940842
0	0.015600965161867
0	0.0138982413802124
0	0.0140735823940842
0	0.0140735823940842
0	0.0140735823940842
0	0.0140735823940842
0	0.0140735823940842
0	0.0140735823940842
0	0.0208864259176898
0	0.0140735823940842
0	0.0140735823940842
0	0.107428417108061
0	0.0140735823940842
0	0.0140735823940842
0	0.0140735823940842
0	0.0140735823940842
0	0.0167187957484866
0	0.0140735823940842
0	0.0140735823940842
0	0.0140735823940842
0	0.0140735823940842
0	0.0554253637950139
0	0.0140735823940842
0	0.0140735823940842
0	0.0138982413802124
0	0.0140735823940842
0	0.0140735823940842
0	0.0140735823940842
0	0.0143280062287355
0	0.0140735823940842
0	0.0140735823940842
0	0.0140735823940842
0	0.0140735823940842
0	0.021475311664208
0	0.0140735823940842
0	0.0140735823940842
0	0.0119820782333897
0	0.0140735823940842
0	0.0138982413802124
0	0.0140735823940842
0	0.0140735823940842
0	0.0140735823940842
0	0.0140735823940842
0	0.0140735823940842
0	0.0140735823940842
0	0.0140735823940842
0	0.0140735823940842
0	0.0140735823940842
0	0.0140735823940842
0	0.0140735823940842
0	0.0138982413802124
0	0.0140735823940842
0	0.0140735823940842
0	0.0140735823940842
0	0.0140735823940842
0	0.0140735823940842
0	0.0140735823940842
0	0.0138982413802124
0	0.0398719547901279
0	0.0140735823940842
0	0.0140735823940842
0	0.0140735823940842
0	0.0140735823940842
0	0.0140735823940842
0	0.0140735823940842
0	0.0140735823940842
0	0.0140735823940842
0	0.0140735823940842
0	0.0140735823940842
0	0.0140735823940842
0	0.0140735823940842
0	0.0140735823940842
0	0.0140735823940842
0	0.0225289226629662
0	0.0138982413802124
0	0.0140735823940842
0	0.0140735823940842
0	0.0140735823940842
0	0.0140735823940842
0	0.0140735823940842
0	0.0140735823940842
0	0.187969744151829
0	0.0140735823940842
0	0.0140735823940842
0	0.0140735823940842
0	0.0140735823940842
0	0.0140735823940842
0	0.0138982413802124
0	0.0140735823940842
0	0.0140735823940842
0	0.0140735823940842
0	0.419340328499917
0	0.0140735823940842
0	0.0140735823940842
0	0.0140735823940842
0	0.0140735823940842
0	0.0140735823940842
0	0.0140735823940842
0	0.0140735823940842
0	0.0140735823940842
0	0.0140735823940842
0	0.0151224911902106
0	0.0298115545378341
0	0.0140735823940842
0	0.0140735823940842
0	0.0140735823940842
0	0.0140735823940842
0	0.0140735823940842
0	0.0140735823940842
0	0.0140735823940842
0	0.0140735823940842
0	0.0140735823940842
0	0.149980824877571
0	0.0140735823940842
0	0.0517043714012831
0	0.0140735823940842
0	0.0140735823940842
0	0.0138982413802124
0	0.0143280062287355
0	0.0238847455166172
0	0.0140735823940842
0	0.0161458228089838
0	0.0140735823940842
0	0.0140735823940842
0	0.136934743843664
0	0.0140735823940842
0	0.0140735823940842
0	0.0138982413802124
0	0.0138982413802124
0	0.0140735823940842
0	0.0178778519389671
0	0.0138982413802124
0	0.0140735823940842
0	0.0140735823940842
0	0.0140735823940842
0	0.0140735823940842
0	0.0165110502620973
0	0.0140735823940842
0	0.0138982413802124
0	0.0140735823940842
0	0.0151224911902106
0	0.0140735823940842
0	0.0140735823940842
0	0.0140735823940842
0	0.0140735823940842
0	0.0140735823940842
0	0.0140735823940842
0	0.0593313621738634
0	0.0138982413802124
0	0.0138982413802124
0	0.0140735823940842
0	0.0140735823940842
0	0.0140735823940842
0	0.0140735823940842
0	0.0138982413802124
0	0.0140735823940842
0	0.0140735823940842
0	0.0140735823940842
0	0.0140735823940842
0	0.0140735823940842
0	0.0140735823940842
0	0.0140735823940842
0	0.0140735823940842
0	0.0140735823940842
0	0.511697510451166
0	0.149652083110972
0	0.0140735823940842
0	0.0140735823940842
0	0.0140735823940842
0	0.0140735823940842
0	0.0167187957484866
0	0.0140735823940842
0	0.0140735823940842
0	0.0138982413802124
0	0.0140735823940842
0	0.0140735823940842
0	0.0140735823940842
0	0.0140735823940842
0	0.0143280062287355
0	0.0140735823940842
0	0.0398719547901279
0	0.0140735823940842
0	0.0140735823940842
0	0.0140735823940842
0	0.0140735823940842
0	0.0140735823940842
0	0.0140735823940842
0	0.0579151496417688
0	0.0140735823940842
0	0.0140735823940842
0	0.0140735823940842
0	0.0140735823940842
0	0.0140735823940842
0	0.0140735823940842
0	0.0140735823940842
0	0.0140735823940842
0	0.0140735823940842
0	0.0140735823940842
0	0.0194201545037649
0	0.0225289226629662
0	0.0140735823940842
0	0.0140735823940842
0	0.0140735823940842
0	0.0140735823940842
0	0.0140735823940842
0	0.0140735823940842
0	0.0140735823940842
0	0.0140735823940842
0	0.0140735823940842
0	0.0140735823940842
0	0.0140735823940842
0	0.0138982413802124
0	0.0140735823940842
0	0.0140735823940842
0	0.0140735823940842
0	0.0138982413802124
0	0.0140735823940842
0	0.0140735823940842
0	0.0140735823940842
0	0.0140735823940842
0	0.0140735823940842
0	0.0138982413802124
0	0.0140735823940842
0	0.0140735823940842
0	0.0140735823940842
0	0.0140735823940842
0	0.0140735823940842
0	0.0140735823940842
0	0.0769390529671047
0	0.0140735823940842
0	0.0140735823940842
0	0.0140735823940842
0	0.0140735823940842
0	0.0250021531525299
0	0.0138982413802124
0	0.0330805992299359
0	0.0140735823940842
0	0.0140735823940842
0	0.0140735823940842
0	0.0140735823940842
0	0.0140735823940842
0	0.0140735823940842
0	0.0138786056834836
0	0.0138982413802124
0	0.0140735823940842
0	0.0140735823940842
0	0.0140735823940842
0	0.0140735823940842
0	0.0140735823940842
0	0.0140735823940842
0	0.0398719547901279
0	0.0140735823940842
0	0.0140735823940842
0	0.0140735823940842
0	0.0140735823940842
0	0.0138982413802124
0	0.0140735823940842
0	0.0140735823940842
0	0.0140735823940842
0	0.0140735823940842
0	0.0140735823940842
0	0.0151564958127074
0	0.0140735823940842
0	0.0140735823940842
0	0.0140735823940842
0	0.0140735823940842
0	0.0140735823940842
0	0.0140735823940842
0	0.0140735823940842
0	0.0140735823940842
0	0.0140735823940842
0	0.0140735823940842
0	0.0167187957484866
0	0.0140735823940842
0	0.829742889069478
0	0.0140735823940842
0	0.0140735823940842
0	0.0140735823940842
0	0.0140735823940842
0	0.0469484817340433
0	0.0140735823940842
0	0.0140735823940842
0	0.0140735823940842
0	0.0140735823940842
0	0.0140735823940842
0	0.0138982413802124
0	0.0398719547901279
0	0.0138786056834836
0	0.0140735823940842
0	0.0140735823940842
0	0.0167187957484866
0	0.0140735823940842
0	0.0140735823940842
0	0.0225289226629662
0	0.0140735823940842
0	0.0140735823940842
0	0.0140735823940842
0	0.0284335582704909
0	0.0140735823940842
0	0.388928999068804
0	0.0140735823940842
0	0.0140735823940842
0	0.0140735823940842
0	0.0140735823940842
0	0.0138982413802124
0	0.0140735823940842
0	0.0140735823940842
0	0.0140735823940842
0	0.0140735823940842
0	0.0140735823940842
0	0.0140735823940842
0	0.0140735823940842
0	0.0140735823940842
0	0.0140735823940842
0	0.0140735823940842
0	0.0140735823940842
0	0.939893226827359
0	0.0140735823940842
0	0.0191633065756466
0	0.0138982413802124
0	0.0141299627241692
0	0.0138982413802124
0	0.0140735823940842
0	0.0138982413802124
0	0.0140735823940842
0	0.0143280062287355
0	0.0137056600913056
0	0.0140735823940842
0	0.0140735823940842
0	0.0140735823940842
0	0.0140735823940842
0	0.0140735823940842
0	0.0138786056834836
0	0.0140735823940842
0	0.0140735823940842
0	0.0140735823940842
0	0.0140735823940842
0	0.0138786056834836
0	0.014913202607606
0	0.0140735823940842
0	0.438215969673407
0	0.0140735823940842
0	0.0138982413802124
0	0.449854412864035
0	0.0138982413802124
0	0.0140735823940842
0	0.0140735823940842
0	0.0140735823940842
0	0.0140735823940842
0	0.0140735823940842
0	0.0140735823940842
0	0.0140735823940842
0	0.0140735823940842
0	0.0140735823940842
0	0.0140735823940842
0	0.0140735823940842
0	0.0140735823940842
0	0.0140735823940842
0	0.0140735823940842
0	0.0138982413802124
0	0.0140735823940842
0	0.0140735823940842
0	0.0140735823940842
0	0.0140735823940842
0	0.0140735823940842
0	0.0165110502620973
0	0.0140735823940842
0	0.0140735823940842
0	0.0140735823940842
0	0.0140735823940842
0	0.299530534592108
0	0.0140735823940842
0	0.0140735823940842
0	0.0140735823940842
0	0.0140735823940842
0	0.0140735823940842
0	0.0140735823940842
0	0.0138982413802124
0	0.0140735823940842
0	0.0140735823940842
0	0.0140735823940842
0	0.0140735823940842
0	0.0140735823940842
0	0.0222506150440532
0	0.0140735823940842
0	0.0140735823940842
0	0.0143280062287355
0	0.0140735823940842
0	0.0140735823940842
0	0.0312975341296076
0	0.0140735823940842
0	0.0140735823940842
0	0.0140735823940842
0	0.0138982413802124
0	0.0138982413802124
0	0.0140735823940842
0	0.0138982413802124
0	0.015624552226157
0	0.0140735823940842
0	0.0138982413802124
0	0.177470285701084
0	0.0138982413802124
0	0.0140735823940842
0	0.0140735823940842
0	0.0140735823940842
0	0.0140735823940842
0	0.0217441375554531
0	0.0140735823940842
0	0.0140735823940842
0	0.0140735823940842
0	0.0140735823940842
0	0.0140735823940842
0	0.0140735823940842
0	0.0140735823940842
0	0.0140735823940842
0	0.0149342799024055
0	0.0140735823940842
0	0.0140735823940842
0	0.0167187957484866
0	0.0140735823940842
0	0.0140735823940842
0	0.0138982413802124
0	0.0140735823940842
0	0.0140735823940842
0	0.0140735823940842
0	0.0140735823940842
0	0.0192047712918807
0	0.0140735823940842
0	0.0140735823940842
0	0.0140735823940842
0	0.0140735823940842
0	0.0140735823940842
0	0.0140735823940842
0	0.0138982413802124
0	0.0140735823940842
0	0.0140735823940842
0	0.0169823687171145
0	0.0140735823940842
0	0.0140735823940842
0	0.0157974436988033
0	0.0140735823940842
0	0.0143280062287355
0	0.0140735823940842
0	0.0140735823940842
0	0.0140735823940842
0	0.0140735823940842
0	0.0138982413802124
0	0.0167187957484866
0	0.0339190721488419
0	0.0140735823940842
0	0.0138982413802124
0	0.0140735823940842
0	0.0140735823940842
0	0.0140735823940842
0	0.0140735823940842
0	0.0140735823940842
0	0.0140735823940842
0	0.0140735823940842
0	0.376393041893388
0	0.0140735823940842
0	0.0140735823940842
0	0.0168087876710547
0	0.0140735823940842
0	0.0140735823940842
0	0.0138982413802124
0	0.0140735823940842
0	0.0140735823940842
0	0.0140735823940842
0	0.0140735823940842
0	0.0140735823940842
0	0.0140735823940842
0	0.0140735823940842
0	0.0140735823940842
0	0.0140735823940842
0	0.0138982413802124
0	0.0140735823940842
0	0.0140735823940842
0	0.0218306606819646
0	0.0140735823940842
0	0.0140735823940842
0	0.0138786056834836
0	0.0140735823940842
0	0.0140735823940842
0	0.0140735823940842
0	0.0138982413802124
0	0.0140735823940842
0	0.0140735823940842
0	0.0140735823940842
0	0.0140735823940842
0	0.0140735823940842
0	0.0140735823940842
0	0.0140735823940842
0	0.0140735823940842
0	0.0138982413802124
0	0.0140735823940842
0	0.0140735823940842
0	0.0140735823940842
0	0.0140735823940842
0	0.0138982413802124
0	0.0140735823940842
0	0.0140735823940842
0	0.0140735823940842
0	0.0140735823940842
0	0.0140735823940842
0	0.0140735823940842
0	0.0140735823940842
0	0.0138786056834836
0	0.0140735823940842
0	0.0140735823940842
0	0.0140735823940842
0	0.0140735823940842
0	0.0140735823940842
0	0.0140735823940842
0	0.0140735823940842
0	0.0140735823940842
0	0.0140735823940842
0	0.0140735823940842
0	0.0140735823940842
0	0.0138786056834836
0	0.0140735823940842
0	0.0157974436988033
0	0.0140735823940842
0	0.0140735823940842
0	0.0140735823940842
0	0.0140735823940842
0	0.0140735823940842
0	0.0140735823940842
0	0.0140735823940842
0	0.0140735823940842
0	0.112247434107202
0	0.0140735823940842
0	0.567107745153548
0	0.0140735823940842
0	0.0140735823940842
0	0.0140735823940842
0	0.0140735823940842
0	0.0140735823940842
0	0.0140735823940842
0	0.0140735823940842
0	0.0140735823940842
0	0.0140735823940842
0	0.0140735823940842
0	0.0140735823940842
0	0.0140735823940842
0	0.0138982413802124
0	0.0140735823940842
0	0.0140735823940842
0	0.0140735823940842
0	0.0140735823940842
0	0.0160870373670957
0	0.0140735823940842
0	0.0143280062287355
0	0.0140735823940842
0	0.0140735823940842
0	0.0140735823940842
0	0.0138982413802124
0	0.0140735823940842
0	0.0664599873955402
0	0.0140735823940842
0	0.0140735823940842
0	0.018199780255206
0	0.0140735823940842
0	0.0140735823940842
0	0.0165110502620973
0	0.0140735823940842
0	0.0140735823940842
0	0.0140735823940842
0	0.0140735823940842
0	0.0140735823940842
0	0.0140735823940842
0	0.0140735823940842
0	0.0140735823940842
0	0.0140735823940842
0	0.0138982413802124
0	0.0140735823940842
0	0.0140735823940842
0	0.0140735823940842
0	0.0140735823940842
0	0.0140735823940842
0	0.0138982413802124
0	0.0217441375554531
0	0.0140735823940842
0	0.0140735823940842
0	0.0140735823940842
0	0.0140735823940842
0	0.0140735823940842
0	0.0140735823940842
0	0.0140735823940842
0	0.0140735823940842
0	0.0140735823940842
0	0.0124018749116809
0	0.0140735823940842
0	0.0138982413802124
0	0.0140735823940842
0	0.0140735823940842
0	0.0439343360091272
0	0.0137056600913056
0	0.0140735823940842
0	0.0140735823940842
0	0.0140735823940842
0	0.0140735823940842
0	0.0140735823940842
0	0.0140735823940842
0	0.0140735823940842
0	0.0140735823940842
0	0.0140735823940842
0	0.0140735823940842
0	0.0140735823940842
0	0.0140735823940842
0	0.0140735823940842
0	0.0140735823940842
0	0.0213235949332801
0	0.032561958833874
0	0.0140735823940842
0	0.0140735823940842
0	0.0140735823940842
0	0.0140735823940842
0	0.0151224911902106
0	0.0140735823940842
0	0.0167187957484866
0	0.0463212893978167
0	0.0140735823940842
0	0.0140735823940842
0	0.0426375205171765
0	0.0140735823940842
0	0.0140735823940842
0	0.0140735823940842
0	0.0140735823940842
0	0.0140735823940842
0	0.0140735823940842
0	0.0140735823940842
0	0.0140735823940842
0	0.0138982413802124
0	0.0140735823940842
0	0.0138982413802124
0	0.0140735823940842
0	0.0140735823940842
0	0.0140735823940842
0	0.0140735823940842
0	0.0140735823940842
0	0.0140735823940842
0	0.0140735823940842
0	0.0140735823940842
0	0.0140735823940842
0	0.0140735823940842
0	0.0140735823940842
0	0.0138786056834836
0	0.0140735823940842
0	0.0140735823940842
0	0.0140735823940842
0	0.0140735823940842
0	0.0140735823940842
0	0.0140735823940842
0	0.0140735823940842
0	0.0140735823940842
0	0.0138982413802124
0	0.0140735823940842
0	0.0140735823940842
0	0.0140735823940842
0	0.0140735823940842
0	0.0140735823940842
0	0.0140735823940842
0	0.0339190721488419
0	0.0140735823940842
0	0.0140735823940842
0	0.0140735823940842
0	0.0140735823940842
0	0.0140735823940842
0	0.0140735823940842
0	0.0140735823940842
0	0.0140735823940842
0	0.0140735823940842
0	0.0140735823940842
0	0.015624552226157
0	0.0209137709661615
0	0.0138982413802124
0	0.0140735823940842
0	0.0178778519389671
0	0.0140735823940842
0	0.0140735823940842
0	0.0140735823940842
0	0.0138786056834836
0	0.0140735823940842
0	0.0140735823940842
0	0.0140735823940842
0	0.0140735823940842
0	0.0140735823940842
0	0.0140735823940842
0	0.0140735823940842
0	0.0140735823940842
0	0.0140735823940842
0	0.0140735823940842
0	0.0140735823940842
0	0.0140735823940842
0	0.0140735823940842
0	0.0140735823940842
0	0.0140735823940842
0	0.0140735823940842
0	0.0138982413802124
0	0.0140735823940842
0	0.0138982413802124
0	0.0138982413802124
0	0.0140735823940842
0	0.110787958504418
0	0.0140735823940842
0	0.0138982413802124
0	0.0140735823940842
0	0.0140735823940842
0	0.034270701683031
0	0.0140735823940842
0	0.0143280062287355
0	0.0140735823940842
0	0.0140735823940842
0	0.0140735823940842
0	0.0682148982770831
0	0.0140735823940842
0	0.0140735823940842
0	0.0140735823940842
0	0.0140735823940842
0	0.0140735823940842
0	0.0140735823940842
0	0.0140735823940842
0	0.0287869243780974
0	0.0140735823940842
0	0.0141495408718731
0	0.0140735823940842
0	0.0140735823940842
0	0.0140735823940842
0	0.0140735823940842
0	0.0138982413802124
0	0.0140735823940842
0	0.0140735823940842
0	0.0140735823940842
0	0.0178778519389671
0	0.0140735823940842
0	0.0140735823940842
0	0.0140735823940842
0	0.0140735823940842
0	0.0140735823940842
0	0.0138982413802124
0	0.0140735823940842
0	0.0140735823940842
0	0.0140735823940842
0	0.0140735823940842
0	0.0140735823940842
0	0.0140735823940842
0	0.0140735823940842
0	0.0140735823940842
0	0.0140735823940842
0	0.0140735823940842
0	0.0140735823940842
0	0.0140735823940842
0	0.0208864259176898
0	0.0140735823940842
0	0.0140735823940842
0	0.0140735823940842
0	0.0140735823940842
0	0.0138982413802124
0	0.0140735823940842
0	0.0140735823940842
0	0.0140735823940842
0	0.0140735823940842
0	0.0140735823940842
0	0.0140735823940842
0	0.0140735823940842
0	0.0138982413802124
0	0.0140735823940842
0	0.0140735823940842
0	0.0140735823940842
0	0.0140735823940842
0	0.0138982413802124
0	0.0140735823940842
0	0.0140735823940842
0	0.0140735823940842
0	0.0138982413802124
0	0.0185122134898902
0	0.0593313621738634
0	0.0140735823940842
0	0.0140735823940842
0	0.0434998757345462
0	0.0140735823940842
0	0.0140735823940842
0	0.0138982413802124
0	0.0140735823940842
0	0.0140735823940842
0	0.0140735823940842
0	0.0138982413802124
0	0.0245490894966851
0	0.0140735823940842
0	0.0140735823940842
0	0.0140735823940842
0	0.0140735823940842
0	0.0140735823940842
0	0.0152297206077415
0	0.0138982413802124
0	0.0225289226629662
0	0.0140735823940842
0	0.0138982413802124
0	0.0151224911902106
0	0.0140735823940842
0	0.0140735823940842
0	0.0138982413802124
0	0.0140735823940842
0	0.0140735823940842
0	0.0140735823940842
0	0.015624552226157
0	0.0140735823940842
0	0.0138982413802124
0	0.0140735823940842
0	0.0140735823940842
0	0.0140735823940842
0	0.0140735823940842
0	0.0140735823940842
0	0.0140735823940842
0	0.0140735823940842
0	0.0138786056834836
0	0.30837845625871
0	0.0140735823940842
0	0.0140735823940842
0	0.0140735823940842
0	0.0140735823940842
0	0.0140735823940842
0	0.0140735823940842
0	0.0225289226629662
0	0.0140735823940842
0	0.0140735823940842
0	0.0165110502620973
0	0.0140735823940842
0	0.0140735823940842
0	0.0140735823940842
0	0.0140735823940842
0	0.0140735823940842
0	0.0140735823940842
0	0.0140735823940842
0	0.0140735823940842
0	0.0143280062287355
0	0.0225289226629662
0	0.0140735823940842
0	0.0140735823940842
0	0.0140735823940842
0	0.0140735823940842
0	0.0167187957484866
0	0.0439343360091272
0	0.0140735823940842
0	0.0138982413802124
0	0.0140735823940842
0	0.0165110502620973
0	0.0140735823940842
0	0.0140735823940842
0	0.0140735823940842
0	0.0140735823940842
0	0.0140735823940842
0	0.0140735823940842
0	0.0140735823940842
0	0.0140735823940842
0	0.0234018421342438
0	0.0140735823940842
0	0.0140735823940842
0	0.0140735823940842
0	0.0140735823940842
0	0.0140735823940842
0	0.0138982413802124
0	0.0140735823940842
0	0.0140735823940842
0	0.0140735823940842
0	0.0140735823940842
0	0.0140735823940842
0	0.0138982413802124
0	0.0138982413802124
0	0.0140735823940842
0	0.0140735823940842
0	0.0138982413802124
0	0.0138982413802124
0	0.0140735823940842
0	0.0140735823940842
0	0.0140735823940842
0	0.0140735823940842
0	0.0140735823940842
0	0.0140735823940842
0	0.0140735823940842
0	0.0140735823940842
0	0.0140735823940842
0	0.0140735823940842
0	0.0140735823940842
0	0.0140735823940842
0	0.0140735823940842
0	0.0151224911902106
0	0.0140735823940842
0	0.0140735823940842
0	0.0143280062287355
0	0.0140735823940842
0	0.0138982413802124
0	0.0140735823940842
0	0.0140735823940842
0	0.0140735823940842
0	0.0140735823940842
0	0.0909423809847563
0	0.0140735823940842
0	0.0138982413802124
0	0.0143280062287355
0	0.0140735823940842
0	0.0212613571182415
0	0.0156991499380789
0	0.0178778519389671
0	0.0140735823940842
0	0.0140735823940842
0	0.0140735823940842
0	0.0140735823940842
0	0.0460094226132675
0	0.0140735823940842
0	0.0140735823940842
0	0.0140735823940842
0	0.0140735823940842
0	0.0140735823940842
0	0.0140735823940842
0	0.0140735823940842
0	0.0140735823940842
0	0.0140735823940842
0	0.0140735823940842
0	0.0140735823940842
0	0.0140735823940842
0	0.0140735823940842
0	0.0140735823940842
0	0.0140735823940842
0	0.0140735823940842
0	0.0140735823940842
0	0.0140735823940842
0	0.0140735823940842
0	0.0140735823940842
0	0.0140735823940842
0	0.0140735823940842
0	0.0140735823940842
0	0.0140735823940842
0	0.0140735823940842
0	0.0178292697484563
0	0.0138982413802124
0	0.0140735823940842
0	0.0140735823940842
0	0.0140735823940842
0	0.0140735823940842
0	0.0140735823940842
0	0.0140735823940842
0	0.0140735823940842
0	0.0713869593214271
0	0.0140735823940842
0	0.0140735823940842
0	0.0140735823940842
0	0.0140735823940842
0	0.0140735823940842
0	0.0140735823940842
0	0.0140735823940842
0	0.0140735823940842
0	0.0140735823940842
0	0.0140735823940842
0	0.015600965161867
0	0.0140735823940842
0	0.0140735823940842
0	0.082095868975023
0	0.0398719547901279
0	0.0140735823940842
0	0.0138982413802124
0	0.0140735823940842
0	0.0140735823940842
0	0.0140735823940842
0	0.0140735823940842
0	0.0140735823940842
0	0.0138982413802124
0	0.0140735823940842
0	0.0140735823940842
0	0.030691274396709
0	0.0140735823940842
0	0.0140735823940842
0	0.0138786056834836
0	0.0140735823940842
0	0.0140735823940842
0	0.0140735823940842
0	0.0138982413802124
0	0.0140735823940842
0	0.0140735823940842
0	0.0140735823940842
0	0.0140735823940842
0	0.0140735823940842
0	0.0140735823940842
0	0.0140735823940842
0	0.0140735823940842
0	0.0140735823940842
0	0.0178778519389671
0	0.0140735823940842
0	0.0140735823940842
0	0.0140735823940842
0	0.0140735823940842
0	0.0140735823940842
0	0.0140735823940842
0	0.0140735823940842
0	0.134018225559293
0	0.0140735823940842
0	0.0140735823940842
0	0.0137056600913056
0	0.0140735823940842
0	0.0140735823940842
0	0.0140735823940842
0	0.0140735823940842
0	0.0140735823940842
0	0.0140735823940842
0	0.0734891340157856
0	0.0140735823940842
0	0.0140735823940842
0	0.0140735823940842
0	0.0140735823940842
0	0.0140735823940842
0	0.0140735823940842
0	0.0137056600913056
0	0.0140735823940842
0	0.0140735823940842
0	0.0140735823940842
0	0.0140735823940842
0	0.0140735823940842
0	0.0140735823940842
0	0.0140735823940842
0	0.0140735823940842
0	0.0140735823940842
0	0.0140735823940842
0	0.0140735823940842
0	0.0140735823940842
0	0.0140735823940842
0	0.0140735823940842
0	0.0140735823940842
0	0.0140735823940842
0	0.0140735823940842
0	0.0140735823940842
0	0.0140735823940842
0	0.0140735823940842
0	0.0140735823940842
0	0.0140735823940842
0	0.0140735823940842
0	0.0140735823940842
0	0.0140735823940842
0	0.0140735823940842
0	0.0140735823940842
0	0.0140735823940842
0	0.672585056249062
0	0.0140735823940842
0	0.0140735823940842
0	0.0140735823940842
0	0.0140735823940842
0	0.0140735823940842
0	0.0138982413802124
0	0.0140735823940842
0	0.0140735823940842
0	0.0138982413802124
0	0.0167187957484866
0	0.0140735823940842
0	0.0140735823940842
0	0.0140735823940842
0	0.0140735823940842
0	0.0140735823940842
0	0.0167855926799681
0	0.0140735823940842
0	0.0140735823940842
0	0.0140735823940842
0	0.0157974436988033
0	0.0140735823940842
0	0.0138982413802124
0	0.0140735823940842
0	0.0140735823940842
0	0.0140735823940842
0	0.0140735823940842
0	0.0140735823940842
0	0.0140735823940842
0	0.0137056600913056
0	0.0140735823940842
0	0.0140735823940842
0	0.0140735823940842
0	0.0140735823940842
0	0.0140735823940842
0	0.0140735823940842
0	0.0140735823940842
0	0.0532246433062315
0	0.0138982413802124
0	0.0178778519389671
0	0.0140735823940842
0	0.0140735823940842
0	0.0140735823940842
0	0.0140735823940842
0	0.0140735823940842
0	0.0138982413802124
0	0.0140735823940842
0	0.0165436570798728
0	0.0140735823940842
0	0.0140735823940842
0	0.0140735823940842
0	0.0140735823940842
0	0.0140735823940842
0	0.0140735823940842
0	0.0140735823940842
0	0.0140735823940842
0	0.0140735823940842
0	0.0138982413802124
0	0.0262403534467697
0	0.0125763700219392
0	0.0140735823940842
0	0.0434033414797302
0	0.0260864719700573
0	0.0140735823940842
0	0.0140735823940842
