1	0.86998575745654
1	0.0599668085448577
1	0.966846004901613
1	0.947692972615756
1	0.365549905701258
1	0.143484600202756
1	0.369581862880994
1	0.716640767610876
1	0.948606625335696
1	0.988396631911644
1	0.743891795400268
1	0.827558823436412
1	0.0675527972890688
1	0.74176261417719
1	0.0528276786739102
1	0.442929426247888
1	0.939757766156671
1	0.0288182162670274
1	0.0377769240557322
1	0.644116893267764
1	0.474651623233171
1	0.967538304732697
1	0.980147415724887
1	0.741631145037375
1	0.716484296664492
1	0.863714034631125
1	0.933931758420423
1	0.0441638826200711
1	0.36049687520438
1	0.134375648797036
1	0.316850240410889
1	0.833098777196009
1	0.26745300530805
1	0.949194733215489
1	0.724846327426595
1	0.974033921510965
1	0.789664364200816
1	0.940688549408142
1	0.714972925759836
1	0.963744155491632
1	0.943238106773028
1	0.0836773253411541
1	0.0757944441646265
1	0.945654122349728
1	0.989627990309418
1	0.433477143216363
1	0.270996952188742
1	0.837671902193935
1	0.96908117930187
1	0.584736180299866
1	0.288265357517835
1	0.813303176027346
1	0.891743373275104
1	0.194396450229431
1	0.663093433715229
1	0.89302128903057
1	0.283980198719083
1	0.248718675620401
1	0.791484454297037
1	0.83596096241875
1	0.938273008055951
1	0.321055534620456
1	0.947714424397148
1	0.25806988601072
1	0.967907401259943
1	0.966118979676438
1	0.236894142693044
1	0.366111282468931
1	0.0267440489104543
1	0.462350444332453
1	0.986881210971085
1	0.958311000714931
1	0.818415566409948
1	0.866107140402496
1	0.400450479159317
1	0.265834499631438
1	0.351867207432097
1	0.0196431842689677
1	0.414263465172797
1	0.142048720585114
1	0.0471615291910102
1	0.983350827178763
1	0.880419585944828
1	0.945770896548371
1	0.952401496246632
1	0.0885718123844349
1	0.6845987946492
1	0.897655527479076
1	0.817566429289772
1	0.222280244567967
1	0.962360054429464
1	0.973215341997254
1	0.938632353026111
1	0.74163391523667
1	0.918168607130752
1	0.31781400520123
1	0.954016315545656
1	0.0883048139098922
1	0.737820228697205
1	0.894245230608761
1	0.961183114829375
1	0.970616331100883
1	0.874965770772759
1	0.0179411748159543
1	0.763227179978673
1	0.330994816406012
1	0.960320576936506
1	0.0291889898771522
1	0.0659187665294827
1	0.932907031099643
1	0.261330597725372
1	0.719985934964568
1	0.767134780347403
1	0.941992484663276
1	0.0395205244325588
1	0.9699476753996
1	0.941771205546115
1	0.0200442994818563
1	0.706738082003368
1	0.879615782851915
1	0.0182344794458913
1	0.97999213152285
1	0.931783250700993
1	0.053187909942268
1	0.877560840376801
1	0.940185089496759
1	0.959302799295046
1	0.199526740837442
1	0.909535026558617
1	0.967591419530028
1	0.558726726148504
1	0.774492282193016
1	0.698261278684674
1	0.958055343952355
1	0.0308597950404888
1	0.913775334672099
1	0.948843719165647
1	0.910789852969866
1	0.552955485578503
1	0.958559983773208
1	0.980830523451045
1	0.920400539976302
1	0.693418187786093
1	0.947693652496838
1	0.579550392150608
1	0.472485973960119
1	0.0639423704522664
1	0.909647251805696
1	0.0614778018700021
1	0.953543722890847
1	0.903824660547331
1	0.87668832594211
1	0.961669192936455
1	0.88217835845772
1	0.551355514378226
1	0.54105579641538
1	0.974537545213904
1	0.0933263899917583
1	0.233828438261967
1	0.932405216685488
1	0.94691639825041
1	0.900888504474735
1	0.736867876312415
1	0.747169843298071
1	0.817703666800511
1	0.96816131558977
1	0.885535872677655
1	0.971876484635653
1	0.308801732755576
1	0.925620516787527
1	0.296248622689339
1	0.930044421825114
1	0.873784847210848
1	0.887611520711775
1	0.941889043858385
1	0.186957896068642
1	0.967357754124695
1	0.844673542006669
1	0.0286624411127505
1	0.980513695171903
1	0.901032874702655
1	0.983816778371842
1	0.938354117207666
1	0.75036938519759
1	0.0667538512761191
1	0.778206753302497
1	0.93799560687387
1	0.136906468098182
1	0.426568820988376
1	0.54387784587602
1	0.232383414218564
1	0.019414579088911
1	0.973570098132522
1	0.954446720733242
1	0.566541580769114
1	0.821961767948874
1	0.160096396134541
1	0.0215438074170234
1	0.958121738112546
1	0.935479058959732
0	0.0179411748159543
0	0.0179411748159543
0	0.0763915828781786
0	0.0179411748159543
0	0.0179411748159543
0	0.0499303568617693
0	0.0179411748159543
0	0.0179411748159543
0	0.0179411748159543
0	0.0179411748159543
0	0.0198127680244564
0	0.0198127680244564
0	0.0179411748159543
0	0.0179411748159543
0	0.0179411748159543
0	0.0179411748159543
0	0.0179411748159543
0	0.0179411748159543
0	0.0179411748159543
0	0.0179411748159543
0	0.124802466542289
0	0.0179411748159543
0	0.046232363125332
0	0.0179411748159543
0	0.0179411748159543
0	0.0179411748159543
0	0.0179411748159543
0	0.0179411748159543
0	0.0179411748159543
0	0.250933554106612
0	0.0179411748159543
0	0.0179411748159543
0	0.0219178445024477
0	0.0179411748159543
0	0.0179411748159543
0	0.0179411748159543
0	0.0179411748159543
0	0.0239875883908589
0	0.0179411748159543
0	0.0179411748159543
0	0.0179411748159543
0	0.0179411748159543
0	0.0179411748159543
0	0.0179411748159543
0	0.0179411748159543
0	0.0196933079778756
0	0.0179411748159543
0	0.0179411748159543
0	0.0243870525542008
0	0.0179411748159543
0	0.0186856953091951
0	0.0179411748159543
0	0.0179411748159543
0	0.0179411748159543
0	0.0794554482721763
0	0.0179411748159543
0	0.0179411748159543
0	0.0179411748159543
0	0.0198709665233522
0	0.0179411748159543
0	0.0179411748159543
0	0.0179411748159543
0	0.0179411748159543
0	0.0243603453104603
0	0.0179411748159543
0	0.0179411748159543
0	0.0179411748159543
0	0.020940462536989
0	0.0179411748159543
0	0.0179411748159543
0	0.0179411748159543
0	0.0179411748159543
0	0.0179411748159543
0	0.0179411748159543
0	0.0179411748159543
0	0.0179411748159543
0	0.169229510085865
0	0.0686491931210713
0	0.0179411748159543
0	0.0216590664668059
0	0.0574066654934622
0	0.0379695462154325
0	0.0179411748159543
0	0.0179411748159543
0	0.0179411748159543
0	0.0179411748159543
0	0.0179411748159543
0	0.0179411748159543
0	0.0179411748159543
0	0.0333399377334178
0	0.0721329548471372
0	0.0179411748159543
0	0.0179411748159543
0	0.0179411748159543
0	0.0430043177471218
0	0.0179411748159543
0	0.0179411748159543
0	0.0192777930706243
0	0.0179411748159543
0	0.0179411748159543
0	0.0218073779588902
0	0.0179411748159543
0	0.0179411748159543
0	0.0179411748159543
0	0.0179411748159543
0	0.0179411748159543
0	0.0179411748159543
0	0.0179411748159543
0	0.0192777930706243
0	0.0179411748159543
0	0.0258035796770217
0	0.0194547805462139
0	0.0179411748159543
0	0.0179411748159543
0	0.0219178445024477
0	0.0179411748159543
0	0.0179411748159543
0	0.0179411748159543
0	0.0496377153876474
0	0.0179411748159543
0	0.0179411748159543
0	0.0179411748159543
0	0.0395524016145381
0	0.0179411748159543
0	0.0179411748159543
0	0.0179411748159543
0	0.0186650291083656
0	0.0179411748159543
0	0.0220043506361581
0	0.0179411748159543
0	0.0179411748159543
0	0.0187655153153549
0	0.0179411748159543
0	0.0179411748159543
0	0.0179411748159543
0	0.0179411748159543
0	0.0179411748159543
0	0.0179411748159543
0	0.244659126220163
0	0.019602601276327
0	0.0179411748159543
0	0.0179411748159543
0	0.0198709665233522
0	0.0451828702684704
0	0.0179411748159543
0	0.0179411748159543
0	0.0179411748159543
0	0.0199774586275997
0	0.0179411748159543
0	0.0286624411127505
0	0.0179411748159543
0	0.0179411748159543
0	0.0179411748159543
0	0.0179411748159543
0	0.0179411748159543
0	0.0179411748159543
0	0.0219178445024477
0	0.0179411748159543
0	0.0179411748159543
0	0.0179411748159543
0	0.0290872442370614
0	0.0290872442370614
0	0.0179411748159543
0	0.0179411748159543
0	0.0179411748159543
0	0.0179411748159543
0	0.0179411748159543
0	0.0179411748159543
0	0.0179411748159543
0	0.0179411748159543
0	0.0179411748159543
0	0.0202802256889338
0	0.0179411748159543
0	0.0179411748159543
0	0.0179411748159543
0	0.0241940572007072
0	0.0179411748159543
0	0.0179411748159543
0	0.0179411748159543
0	0.0179411748159543
0	0.0297621856226035
0	0.0179411748159543
0	0.0179411748159543
0	0.0179411748159543
0	0.0179411748159543
0	0.0179411748159543
0	0.0310519460320345
0	0.0179411748159543
0	0.0179411748159543
0	0.0179411748159543
0	0.0179411748159543
0	0.0179411748159543
0	0.0179411748159543
0	0.0179411748159543
0	0.0186856953091951
0	0.0179411748159543
0	0.0179411748159543
0	0.0228235530801934
0	0.0179411748159543
0	0.0179411748159543
0	0.0179411748159543
0	0.0179411748159543
0	0.0199774586275997
0	0.0179411748159543
0	0.0210609456258317
0	0.0179411748159543
0	0.0199774586275997
0	0.0179411748159543
0	0.0179411748159543
0	0.0179411748159543
0	0.0794599408762895
0	0.0179411748159543
0	0.0179411748159543
0	0.0179411748159543
0	0.0179411748159543
0	0.0179411748159543
0	0.0179411748159543
0	0.10588464563475
0	0.0179411748159543
0	0.0533134264724924
0	0.0179411748159543
0	0.0179411748159543
0	0.0179411748159543
0	0.0179411748159543
0	0.0179411748159543
0	0.0179411748159543
0	0.0292582625797681
0	0.0274789752892065
0	0.0200808044131293
0	0.0179411748159543
0	0.0179411748159543
0	0.0192777930706243
0	0.0179411748159543
0	0.0179411748159543
0	0.0179411748159543
0	0.0179411748159543
0	0.0179411748159543
0	0.0179411748159543
0	0.0179411748159543
0	0.0179411748159543
0	0.05094440419614
0	0.0179411748159543
0	0.0179411748159543
0	0.0179411748159543
0	0.0179411748159543
0	0.212510756868965
0	0.0290872442370614
0	0.0198709665233522
0	0.159019198308611
0	0.0186856953091951
0	0.0248553489751474
0	0.0179411748159543
0	0.0179411748159543
0	0.0179411748159543
0	0.0179411748159543
0	0.0179411748159543
0	0.0179411748159543
0	0.0179411748159543
0	0.0179411748159543
0	0.0179411748159543
0	0.0248290402079293
0	0.0198709665233522
0	0.0179411748159543
0	0.0179411748159543
0	0.0179411748159543
0	0.0219178445024477
0	0.0179411748159543
0	0.0179411748159543
0	0.0179411748159543
0	0.0198709665233522
0	0.0179411748159543
0	0.0179411748159543
0	0.0179411748159543
0	0.0304173499085277
0	0.0179411748159543
0	0.0179411748159543
0	0.0179411748159543
0	0.0179411748159543
0	0.0682320939012985
0	0.0179411748159543
0	0.0182344794458913
0	0.4028919507532
0	0.0233873007021924
0	0.0179411748159543
0	0.0223043110195383
0	0.0179411748159543
0	0.0179411748159543
0	0.0179411748159543
0	0.0219178445024477
0	0.0179411748159543
0	0.0179411748159543
0	0.0237618495919172
0	0.0465713492768267
0	0.0179411748159543
0	0.201908111165306
0	0.0179411748159543
0	0.0179411748159543
0	0.0179411748159543
0	0.0179411748159543
0	0.0179411748159543
0	0.0814792772870919
0	0.0179411748159543
0	0.0179411748159543
0	0.0179411748159543
0	0.0179411748159543
0	0.0179411748159543
0	0.05095430679052
0	0.0179411748159543
0	0.0179411748159543
0	0.0179411748159543
0	0.0179411748159543
0	0.0179411748159543
0	0.0199149622207526
0	0.0192777930706243
0	0.0179411748159543
0	0.0179411748159543
0	0.0186856953091951
0	0.0179411748159543
0	0.0179411748159543
0	0.0179411748159543
0	0.0179411748159543
0	0.0179411748159543
0	0.0179411748159543
0	0.0179411748159543
0	0.55769711329746
0	0.0439482590673488
0	0.0179411748159543
0	0.0179411748159543
0	0.0179411748159543
0	0.0179411748159543
0	0.0219178445024477
0	0.0179411748159543
0	0.172966058767819
0	0.0196933079778756
0	0.0179411748159543
0	0.0179411748159543
0	0.0179411748159543
0	0.0302274747634318
0	0.0179411748159543
0	0.0179411748159543
0	0.0179411748159543
0	0.0179411748159543
0	0.0179411748159543
0	0.0179411748159543
0	0.0179411748159543
0	0.0179411748159543
0	0.0179411748159543
0	0.0179411748159543
0	0.0179411748159543
0	0.0198709665233522
0	0.0179411748159543
0	0.0186856953091951
0	0.0194949763369594
0	0.0208804354654807
0	0.0198709665233522
0	0.0179411748159543
0	0.0244581996817772
0	0.0179411748159543
0	0.0179411748159543
0	0.0179411748159543
0	0.0179411748159543
0	0.0179411748159543
0	0.0221213437517398
0	0.0179411748159543
0	0.0212207531902546
0	0.0179411748159543
0	0.0179411748159543
0	0.0179411748159543
0	0.0179411748159543
0	0.0299406542995069
0	0.17564333048375
0	0.0219178445024477
0	0.0508683861537678
0	0.0179411748159543
0	0.0179411748159543
0	0.0198709665233522
0	0.0179411748159543
0	0.0199774586275997
0	0.0179411748159543
0	0.0179411748159543
0	0.0179411748159543
0	0.0179411748159543
0	0.0355288761736453
0	0.0208804354654807
0	0.0179411748159543
0	0.0179411748159543
0	0.0179411748159543
0	0.0179411748159543
0	0.0186650291083656
0	0.0179411748159543
0	0.0179411748159543
0	0.0179411748159543
0	0.0333344357190943
0	0.0308146851163318
0	0.0179411748159543
0	0.0281411496085291
0	0.0336106835610644
0	0.028172006706826
0	0.0179411748159543
0	0.0220043506361581
0	0.0617070810937614
0	0.0179411748159543
0	0.0309817771933439
0	0.0179411748159543
0	0.0493310497295918
0	0.0179411748159543
0	0.139504559337256
0	0.033932958857782
0	0.0482491360514341
0	0.0179411748159543
0	0.0219178445024477
0	0.0179411748159543
0	0.0179411748159543
0	0.0179411748159543
0	0.0179411748159543
0	0.0179411748159543
0	0.0219113520877216
0	0.0179411748159543
0	0.0179411748159543
0	0.0179411748159543
0	0.0224310271892202
0	0.0179411748159543
0	0.0182344794458913
0	0.0287294338879865
0	0.0179411748159543
0	0.0179411748159543
0	0.0206938817690174
0	0.883553379080162
0	0.0179411748159543
0	0.0179411748159543
0	0.0179411748159543
0	0.0179411748159543
0	0.0179411748159543
0	0.0270599325135477
0	0.0179411748159543
0	0.0179411748159543
0	0.0179411748159543
0	0.0179411748159543
0	0.0179411748159543
0	0.0179411748159543
0	0.0204758130583917
0	0.0208414979593066
0	0.115564578857129
0	0.0179411748159543
0	0.0383045323118874
0	0.0562655690606937
0	0.0182344794458913
0	0.0179411748159543
0	0.0189699388162897
0	0.0179411748159543
0	0.264941673658328
0	0.0179411748159543
0	0.0179411748159543
0	0.0179411748159543
0	0.0179411748159543
0	0.0240283124518327
0	0.0179411748159543
0	0.0698506449380638
0	0.0270599325135477
0	0.0179411748159543
0	0.0179411748159543
0	0.0179411748159543
0	0.0179411748159543
0	0.0860515178594422
0	0.0179411748159543
0	0.0179411748159543
0	0.0179411748159543
0	0.0179411748159543
0	0.0179411748159543
0	0.229260746013079
0	0.0179411748159543
0	0.113745043442186
0	0.0179411748159543
0	0.132264568750281
0	0.0179411748159543
0	0.0179411748159543
0	0.0208933694442655
0	0.0179411748159543
0	0.0179411748159543
0	0.0285795233793132
0	0.0179411748159543
0	0.0179411748159543
0	0.0283436548142266
0	0.0179411748159543
0	0.0179411748159543
0	0.245456598446561
0	0.0327392079847719
0	0.0179411748159543
0	0.0387579912249694
0	0.0200766464394029
0	0.0179411748159543
0	0.0179411748159543
0	0.0179411748159543
0	0.0179411748159543
0	0.0179411748159543
0	0.0179411748159543
0	0.0179411748159543
0	0.0216590664668059
0	0.0186650291083656
0	0.237365683118895
0	0.0179411748159543
0	0.0179411748159543
0	0.0186856953091951
0	0.0179411748159543
0	0.0179411748159543
0	0.0179411748159543
0	0.0179411748159543
0	0.0649867821889215
0	0.0435455921761937
0	0.0179411748159543
0	0.0179411748159543
0	0.0179411748159543
0	0.0179411748159543
0	0.0179411748159543
0	0.0293301943339133
0	0.0179411748159543
0	0.175883454951272
0	0.0179411748159543
0	0.0198709665233522
0	0.0179411748159543
0	0.0270599325135477
0	0.0179411748159543
0	0.0179411748159543
0	0.0179411748159543
0	0.0623282449862132
0	0.0179411748159543
0	0.0179411748159543
0	0.0179411748159543
0	0.0179411748159543
0	0.0179411748159543
0	0.0198709665233522
0	0.0824879556926866
0	0.0179411748159543
0	0.0179411748159543
0	0.0179411748159543
0	0.0179411748159543
0	0.0244086154394525
0	0.0179411748159543
0	0.140873270235161
0	0.0179411748159543
0	0.0179411748159543
0	0.0179411748159543
0	0.0179411748159543
0	0.0179411748159543
0	0.0179411748159543
0	0.0179411748159543
0	0.0565422812541282
0	0.0179411748159543
0	0.0179411748159543
0	0.0179411748159543
0	0.158773614867751
0	0.028172006706826
0	0.0194547805462139
0	0.0349083186628099
0	0.0179411748159543
0	0.0179411748159543
0	0.0179411748159543
0	0.0774872233981268
0	0.0179411748159543
0	0.0179411748159543
0	0.0179411748159543
0	0.0894847159623872
0	0.0179411748159543
0	0.0179411748159543
0	0.0179411748159543
0	0.0179411748159543
0	0.0179411748159543
0	0.0179411748159543
0	0.0256747887298577
0	0.0179411748159543
0	0.0792826252431603
0	0.0179411748159543
0	0.0186856953091951
0	0.0219113520877216
0	0.0179411748159543
0	0.0179411748159543
0	0.0179411748159543
0	0.0182344794458913
0	0.0179411748159543
0	0.0806892570492519
0	0.0198709665233522
0	0.0194547805462139
0	0.0179411748159543
0	0.0179411748159543
0	0.0242648068101854
0	0.0179411748159543
0	0.0179411748159543
0	0.0179411748159543
0	0.0179411748159543
0	0.0292628627460475
0	0.0179411748159543
0	0.0179411748159543
0	0.0179411748159543
0	0.0179411748159543
0	0.0179411748159543
0	0.0179411748159543
0	0.0179411748159543
0	0.0179411748159543
0	0.0179411748159543
0	0.0179411748159543
0	0.0179411748159543
0	0.0179411748159543
0	0.0198709665233522
0	0.0179411748159543
0	0.0179411748159543
0	0.0192777930706243
0	0.0179411748159543
0	0.0207387072668166
0	0.0179411748159543
0	0.0219178445024477
0	0.024302096283655
0	0.0179411748159543
0	0.0179411748159543
0	0.0300574403205544
0	0.0179411748159543
0	0.0198709665233522
0	0.0179411748159543
0	0.0220043506361581
0	0.0179411748159543
0	0.367745656953494
0	0.0179411748159543
0	0.0179411748159543
0	0.0179411748159543
0	0.0186650291083656
0	0.0179411748159543
0	0.0179411748159543
0	0.0219178445024477
0	0.0179411748159543
0	0.0186650291083656
0	0.0179411748159543
0	0.0179411748159543
0	0.0219178445024477
0	0.0179411748159543
0	0.0179411748159543
0	0.0179411748159543
0	0.0179411748159543
0	0.0179411748159543
0	0.0179411748159543
0	0.0203033644516318
0	0.0186650291083656
0	0.020940462536989
0	0.0179411748159543
0	0.0179411748159543
0	0.0179411748159543
0	0.0179411748159543
0	0.0219178445024477
0	0.0179411748159543
0	0.020901762470455
0	0.0219178445024477
0	0.0179411748159543
0	0.0179411748159543
0	0.0179411748159543
0	0.0323226285559771
0	0.0243589016626035
0	0.0179411748159543
0	0.0230806158972865
0	0.0179411748159543
0	0.0179411748159543
0	0.0179411748159543
0	0.0179411748159543
0	0.0179411748159543
0	0.0179411748159543
0	0.0179411748159543
0	0.0179411748159543
0	0.0179411748159543
0	0.0179411748159543
0	0.034147381757366
0	0.0179411748159543
0	0.0198709665233522
0	0.0220043506361581
0	0.134208140975576
0	0.0182344794458913
0	0.0179411748159543
0	0.0179411748159543
0	0.0310519460320345
0	0.0179411748159543
0	0.0179411748159543
0	0.0179411748159543
0	0.0179411748159543
0	0.0179411748159543
0	0.0179411748159543
0	0.0186856953091951
0	0.0182344794458913
0	0.0179411748159543
0	0.0335760813850779
0	0.0938672263129535
0	0.0179411748159543
0	0.0590215371177302
0	0.0198127680244564
0	0.0179411748159543
0	0.0179411748159543
0	0.0179411748159543
0	0.0192777930706243
0	0.0179411748159543
0	0.0179411748159543
0	0.0179411748159543
0	0.0179411748159543
0	0.0179411748159543
0	0.698460128818175
0	0.0220043506361581
0	0.0179411748159543
0	0.0518910276402077
0	0.0179411748159543
0	0.0179411748159543
0	0.0179411748159543
0	0.0179411748159543
0	0.0179411748159543
0	0.0307727658276893
0	0.0179411748159543
0	0.0198709665233522
0	0.0179411748159543
0	0.0187188256071072
0	0.0179411748159543
0	0.127852046238134
0	0.0179411748159543
0	0.190130758861019
0	0.0179411748159543
0	0.0179411748159543
0	0.0179411748159543
0	0.0179411748159543
0	0.0220567026233005
0	0.0192777930706243
0	0.0286624411127505
0	0.0179411748159543
0	0.0219178445024477
0	0.0179411748159543
0	0.0179411748159543
0	0.0502502825971571
0	0.402510323975685
0	0.0179411748159543
0	0.0179411748159543
0	0.0179411748159543
0	0.0179411748159543
0	0.0179411748159543
0	0.0179411748159543
0	0.0179411748159543
0	0.0179411748159543
0	0.0179411748159543
0	0.0179411748159543
0	0.0179411748159543
0	0.0192777930706243
0	0.0192777930706243
0	0.0179411748159543
0	0.0179411748159543
0	0.0179411748159543
0	0.0179411748159543
0	0.0270904598068088
0	0.0179411748159543
0	0.0179411748159543
0	0.0179411748159543
0	0.0179411748159543
0	0.0179411748159543
0	0.0186650291083656
0	0.034478421405486
0	0.0179411748159543
0	0.0179411748159543
0	0.0179411748159543
0	0.0186650291083656
0	0.103316128202443
0	0.0179411748159543
0	0.0179411748159543
0	0.0179411748159543
0	0.0179411748159543
0	0.0179411748159543
0	0.0179411748159543
0	0.0600254516632603
0	0.0179411748159543
0	0.0360347606761304
0	0.0179411748159543
0	0.0190179788438815
0	0.0179411748159543
0	0.0179411748159543
0	0.145425406641288
0	0.0179411748159543
0	0.0179411748159543
0	0.0179411748159543
0	0.0286624411127505
0	0.0179411748159543
0	0.0179411748159543
0	0.0179411748159543
0	0.0179411748159543
0	0.0198709665233522
0	0.0241940572007072
0	0.0179411748159543
0	0.0179411748159543
0	0.0179411748159543
0	0.0179411748159543
0	0.0190179788438815
0	0.0179411748159543
0	0.0179411748159543
0	0.0179411748159543
0	0.0179411748159543
0	0.040862126428801
0	0.0179411748159543
0	0.432313408247761
0	0.0219178445024477
0	0.0555132615002736
0	0.0179411748159543
0	0.0179411748159543
0	0.0192777930706243
0	0.0179411748159543
0	0.18343539400575
0	0.0179411748159543
0	0.0222746856818547
0	0.0183283124267686
0	0.0179411748159543
0	0.0179411748159543
0	0.0179411748159543
0	0.0179411748159543
0	0.0179411748159543
0	0.0208804354654807
0	0.0451598845145741
0	0.0179411748159543
0	0.0179411748159543
0	0.0179411748159543
0	0.0179411748159543
0	0.0179411748159543
0	0.0359778286251673
0	0.0179411748159543
0	0.0179411748159543
0	0.0179411748159543
0	0.0179411748159543
0	0.0179411748159543
0	0.0179411748159543
0	0.0179411748159543
0	0.0179411748159543
0	0.0186856953091951
0	0.0179411748159543
0	0.0179411748159543
0	0.0513588906868002
0	0.0179411748159543
0	0.0179411748159543
0	0.0179411748159543
0	0.0179411748159543
0	0.0250033525325898
0	0.0410460364097904
0	0.0179411748159543
0	0.0179411748159543
0	0.0179411748159543
0	0.0179411748159543
0	0.0179411748159543
0	0.0179411748159543
0	0.0179411748159543
0	0.0179411748159543
0	0.0179411748159543
0	0.0219178445024477
0	0.0179411748159543
0	0.0240230176313037
0	0.0179411748159543
0	0.0179411748159543
0	0.0179411748159543
0	0.0335760813850779
0	0.0423529521817192
0	0.0192777930706243
0	0.0551203640056935
0	0.0179411748159543
0	0.0179411748159543
0	0.0179411748159543
0	0.0179411748159543
0	0.0411147520612999
0	0.0179411748159543
0	0.0199774586275997
0	0.0179411748159543
0	0.0179411748159543
0	0.0179411748159543
0	0.0179411748159543
0	0.0179411748159543
0	0.0179411748159543
0	0.0219178445024477
0	0.0179411748159543
0	0.0195435634140537
0	0.226879018117682
0	0.0179411748159543
0	0.0179411748159543
0	0.0179411748159543
0	0.0179411748159543
0	0.0179411748159543
0	0.0179411748159543
0	0.0179411748159543
0	0.0179411748159543
0	0.0179411748159543
0	0.0580980009142765
0	0.0179411748159543
0	0.0690211146262894
0	0.0179411748159543
0	0.0179411748159543
0	0.019414579088911
0	0.0198709665233522
0	0.0179411748159543
0	0.0179411748159543
0	0.0204758130583917
0	0.0179411748159543
0	0.0252313623996933
0	0.0198709665233522
0	0.0179411748159543
0	0.0179411748159543
0	0.0179411748159543
0	0.0639075246522866
0	0.0287589822254135
0	0.0179411748159543
0	0.0179411748159543
0	0.0179411748159543
0	0.0263988754959213
0	0.0179411748159543
0	0.0179411748159543
0	0.0179411748159543
0	0.0179411748159543
0	0.0179411748159543
0	0.0179411748159543
0	0.0186650291083656
0	0.0220080108725111
0	0.0349354753170197
0	0.0179411748159543
0	0.0988979614634433
0	0.0179411748159543
0	0.0179411748159543
0	0.0179411748159543
0	0.0538455186377773
0	0.0179411748159543
0	0.0220043506361581
0	0.0179411748159543
0	0.0179411748159543
0	0.0186856953091951
0	0.0179411748159543
0	0.0341527889252938
0	0.0179411748159543
0	0.0179411748159543
0	0.0186856953091951
0	0.0179411748159543
0	0.0381918699699779
0	0.0179411748159543
0	0.0179411748159543
0	0.0179411748159543
0	0.0179411748159543
0	0.0179411748159543
0	0.0179411748159543
0	0.0219178445024477
0	0.0179411748159543
0	0.101518186736963
0	0.0179411748159543
0	0.02157332349443
0	0.0186856953091951
0	0.0179411748159543
0	0.0179411748159543
0	0.0219178445024477
0	0.0179411748159543
0	0.0186856953091951
0	0.0199774586275997
0	0.0179411748159543
0	0.0179411748159543
0	0.0179411748159543
0	0.0179411748159543
0	0.0179411748159543
0	0.0179411748159543
0	0.0186856953091951
0	0.0179411748159543
0	0.0179411748159543
0	0.0179411748159543
0	0.0179411748159543
0	0.0186650291083656
0	0.0179411748159543
0	0.0179411748159543
0	0.0179411748159543
0	0.0179411748159543
0	0.0179411748159543
0	0.0179411748159543
0	0.0418502628403149
0	0.0310519460320345
0	0.249241950226339
0	0.0179411748159543
0	0.0179411748159543
0	0.0179411748159543
0	0.0179411748159543
0	0.0179411748159543
0	0.0198709665233522
0	0.0179411748159543
0	0.0198709665233522
0	0.0310519460320345
0	0.0179411748159543
0	0.0179411748159543
0	0.0179411748159543
0	0.0179411748159543
0	0.378457980115529
0	0.0179411748159543
0	0.0179411748159543
0	0.0179411748159543
0	0.0179411748159543
0	0.0179411748159543
0	0.0179411748159543
0	0.0219178445024477
0	0.0179411748159543
0	0.0179411748159543
0	0.0179411748159543
0	0.0413316474551651
0	0.0179411748159543
0	0.0179411748159543
0	0.0179411748159543
0	0.0290872442370614
0	0.0179411748159543
0	0.0352514698688026
0	0.0179411748159543
0	0.0179411748159543
0	0.0179411748159543
0	0.0474195804107277
0	0.0179411748159543
0	0.0179411748159543
0	0.0179411748159543
0	0.0179411748159543
0	0.0426932745052101
0	0.0192777930706243
0	0.0179411748159543
0	0.021480450591115
0	0.025465772134363
0	0.0179411748159543
0	0.0270599325135477
0	0.0179411748159543
0	0.0179411748159543
0	0.0179411748159543
0	0.0335760813850779
0	0.0179411748159543
0	0.0179411748159543
0	0.0211368470335423
0	0.0179411748159543
0	0.0179411748159543
0	0.0806124033554024
0	0.0235213863122093
0	0.0179411748159543
0	0.0424832197797472
0	0.0179411748159543
0	0.0179411748159543
0	0.0345619033111133
0	0.0179411748159543
0	0.0179411748159543
0	0.543435188673074
0	0.0198709665233522
0	0.0179411748159543
0	0.0489078050567428
0	0.0179411748159543
0	0.0179411748159543
0	0.0179411748159543
0	0.0179411748159543
0	0.0320071069096457
0	0.0179411748159543
0	0.0179411748159543
0	0.0179411748159543
0	0.0293265642733916
0	0.0179411748159543
0	0.0208046904129304
0	0.0179411748159543
0	0.0179411748159543
0	0.0254401103512478
0	0.0179411748159543
0	0.0179411748159543
0	0.0179411748159543
0	0.0179411748159543
0	0.0179411748159543
0	0.0179411748159543
0	0.0179411748159543
0	0.0335760813850779
0	0.0179411748159543
0	0.666622489678295
0	0.0299406542995069
0	0.0179411748159543
0	0.0179411748159543
0	0.0179411748159543
0	0.0715443823117035
0	0.0179411748159543
0	0.0179411748159543
0	0.0238331511590469
0	0.0179411748159543
0	0.0179411748159543
0	0.0650692782567285
0	0.0205453152345435
0	0.0179411748159543
0	0.0194547805462139
0	0.0179411748159543
0	0.0179411748159543
0	0.0179411748159543
0	0.0179411748159543
0	0.0179411748159543
0	0.0283939481468243
0	0.0179411748159543
0	0.0179411748159543
0	0.0179411748159543
0	0.0343645164031152
0	0.0179411748159543
0	0.0179411748159543
0	0.025660644285503
0	0.0220043506361581
0	0.0179411748159543
0	0.0179411748159543
0	0.0179411748159543
0	0.0179411748159543
0	0.0179411748159543
0	0.0192777930706243
0	0.0179411748159543
0	0.0179411748159543
0	0.0179411748159543
0	0.0179411748159543
0	0.0786174433764892
0	0.0179411748159543
0	0.76904749264922
0	0.0179411748159543
0	0.0187188256071072
0	0.0186856953091951
0	0.0179411748159543
0	0.0179411748159543
0	0.0179411748159543
0	0.0179411748159543
0	0.0179411748159543
0	0.0186856953091951
0	0.0179411748159543
0	0.0179411748159543
0	0.0179411748159543
0	0.0220567026233005
0	0.0179411748159543
0	0.0240283124518327
0	0.0179411748159543
0	0.0223383068487816
0	0.0179411748159543
0	0.0179411748159543
0	0.0179411748159543
0	0.0179411748159543
0	0.0179411748159543
0	0.0266592756510301
0	0.0198709665233522
0	0.0179411748159543
0	0.269988090070243
0	0.0219200629622451
0	0.0179411748159543
0	0.0179411748159543
0	0.0179411748159543
0	0.0179411748159543
0	0.0179411748159543
0	0.0179411748159543
0	0.0179411748159543
0	0.0186856953091951
0	0.0179411748159543
0	0.0179411748159543
0	0.0190737389771865
0	0.0179411748159543
0	0.0276620088916135
0	0.0179411748159543
0	0.0179411748159543
0	0.0295700937759247
0	0.0179411748159543
0	0.0179411748159543
0	0.251655141425551
0	0.0179411748159543
0	0.0179411748159543
0	0.0179411748159543
0	0.0179411748159543
0	0.0179411748159543
0	0.0179411748159543
0	0.0179411748159543
0	0.0179411748159543
0	0.0179411748159543
0	0.0179411748159543
0	0.0179411748159543
0	0.0179411748159543
0	0.170204222051299
0	0.0183283124267686
0	0.0179411748159543
0	0.0220043506361581
0	0.0179411748159543
0	0.0199774586275997
0	0.0179411748159543
0	0.0179411748159543
0	0.0219178445024477
0	0.0179411748159543
0	0.0293301943339133
0	0.0360347606761304
0	0.0179411748159543
0	0.0716348668300461
0	0.0179411748159543
0	0.0179411748159543
0	0.050859517542137
0	0.0179411748159543
0	0.0179411748159543
0	0.0179411748159543
0	0.0179411748159543
0	0.0371147118306544
0	0.0179411748159543
0	0.0179411748159543
0	0.0179411748159543
0	0.0179411748159543
0	0.0240283124518327
0	0.0179411748159543
0	0.0179411748159543
0	0.201838484738055
0	0.0179411748159543
0	0.0179411748159543
0	0.0229980895987431
0	0.0179411748159543
0	0.0179411748159543
0	0.0179411748159543
0	0.0267489778690587
0	0.0219178445024477
0	0.0179411748159543
0	0.0179411748159543
0	0.0199774586275997
0	0.0179411748159543
0	0.0179411748159543
0	0.0179411748159543
0	0.0179411748159543
0	0.0179411748159543
0	0.0179411748159543
0	0.0179411748159543
0	0.0179411748159543
0	0.0179411748159543
0	0.576959097037341
0	0.0213232318373922
0	0.0186856953091951
0	0.0179411748159543
0	0.0200544732987178
0	0.0179411748159543
0	0.0179411748159543
0	0.0186650291083656
0	0.0219178445024477
0	0.0179411748159543
0	0.0208804354654807
0	0.0179411748159543
0	0.0179411748159543
0	0.0179411748159543
0	0.0179411748159543
0	0.0179411748159543
0	0.0226178267236326
0	0.0802240193526665
0	0.0179411748159543
0	0.0179411748159543
0	0.0228235530801934
0	0.0179411748159543
0	0.0315471277425295
0	0.0179411748159543
0	0.0179411748159543
0	0.0198709665233522
0	0.0179411748159543
0	0.0219113520877216
0	0.0179411748159543
0	0.072697014137581
0	0.0297826099899299
0	0.0183283124267686
0	0.0219178445024477
0	0.0179411748159543
0	0.0733625245089992
0	0.0179411748159543
0	0.0179411748159543
0	0.0179411748159543
0	0.0179411748159543
0	0.0179411748159543
0	0.0187655153153549
0	0.0193535420126066
0	0.0179411748159543
0	0.0179411748159543
0	0.0179411748159543
0	0.0298040375512071
0	0.0179411748159543
0	0.0179411748159543
0	0.0221526769850007
0	0.0196933079778756
0	0.0198709665233522
0	0.0188587642135177
0	0.0179411748159543
0	0.0179411748159543
0	0.0179411748159543
0	0.0190737389771865
0	0.0179411748159543
0	0.0179411748159543
0	0.0179411748159543
0	0.0179411748159543
0	0.0179411748159543
0	0.0179411748159543
0	0.0179411748159543
0	0.0179411748159543
0	0.0179411748159543
0	0.0179411748159543
0	0.0179411748159543
0	0.0179411748159543
0	0.0179411748159543
0	0.0179411748159543
0	0.0179411748159543
0	0.0179411748159543
0	0.0179411748159543
0	0.0179411748159543
0	0.0179411748159543
0	0.0179411748159543
0	0.0179411748159543
0	0.0179411748159543
0	0.0179411748159543
0	0.0198709665233522
0	0.0179411748159543
0	0.0179411748159543
0	0.0179411748159543
0	0.0199671733492819
0	0.0179411748159543
0	0.0179411748159543
0	0.0185392489003949
0	0.024673238624466
0	0.0179411748159543
0	0.0688934808519708
0	0.0179411748159543
0	0.0179411748159543
0	0.0464276817782414
0	0.0179411748159543
0	0.0229135501527869
0	0.118408026610647
0	0.0179411748159543
0	0.0179411748159543
0	0.0179411748159543
0	0.391924585325483
0	0.0179411748159543
0	0.0228638489882415
0	0.0179411748159543
0	0.0179411748159543
0	0.0179411748159543
0	0.0179411748159543
0	0.0179411748159543
0	0.0179411748159543
0	0.0194547805462139
0	0.0224098320047355
0	0.0179411748159543
0	0.0179411748159543
0	0.0194645168373706
0	0.0179411748159543
0	0.0179411748159543
0	0.0179411748159543
0	0.0213232318373922
0	0.0179411748159543
0	0.0179411748159543
0	0.0179411748159543
0	0.0179411748159543
0	0.0267780832505149
0	0.0179411748159543
0	0.0179411748159543
0	0.0179411748159543
0	0.0179411748159543
0	0.0179411748159543
0	0.0179411748159543
0	0.0311733114187713
0	0.0179411748159543
0	0.0179411748159543
0	0.0219113520877216
0	0.0179411748159543
0	0.0179411748159543
0	0.0179411748159543
0	0.0219113520877216
0	0.0179411748159543
0	0.0179411748159543
0	0.0179411748159543
0	0.0198709665233522
0	0.0179411748159543
0	0.0186856953091951
0	0.0200544732987178
0	0.0179411748159543
0	0.0179411748159543
0	0.0179411748159543
0	0.0377460071936902
0	0.0179411748159543
0	0.0179411748159543
0	0.0179411748159543
0	0.0192777930706243
0	0.0179411748159543
0	0.0179411748159543
0	0.0179411748159543
0	0.117456923913478
0	0.0192777930706243
0	0.0179411748159543
0	0.0186650291083656
0	0.0179411748159543
0	0.0179411748159543
0	0.0179411748159543
0	0.0179411748159543
0	0.188461007757441
0	0.0230806158972865
0	0.084370158448262
0	0.0179411748159543
0	0.0179411748159543
0	0.0228600115111794
0	0.0335760813850779
0	0.0179411748159543
0	0.552681146551387
0	0.0179411748159543
0	0.0179411748159543
0	0.0335760813850779
0	0.0179411748159543
0	0.0254872359184543
0	0.428705913839697
0	0.0179411748159543
0	0.0179411748159543
0	0.174821695617222
0	0.0179411748159543
0	0.0190737389771865
0	0.0179411748159543
0	0.0179411748159543
0	0.0179411748159543
0	0.0179411748159543
0	0.0290872442370614
0	0.0199774586275997
0	0.0179411748159543
0	0.0179411748159543
0	0.0179411748159543
0	0.0179411748159543
0	0.020940462536989
0	0.0179411748159543
0	0.0179411748159543
0	0.0179411748159543
0	0.0179411748159543
0	0.0179411748159543
0	0.0629541380217343
0	0.106023097104099
0	0.115934158863773
0	0.0179411748159543
0	0.0179411748159543
0	0.0179411748159543
0	0.0179411748159543
0	0.0334698500629545
0	0.0179411748159543
0	0.024048828533915
0	0.0179411748159543
0	0.0179411748159543
0	0.0419296707156235
0	0.525298471788253
0	0.0240417204037347
0	0.0179411748159543
0	0.0241945461524417
0	0.0179411748159543
0	0.0186650291083656
0	0.0186856953091951
0	0.0194949763369594
0	0.0182344794458913
0	0.0179411748159543
0	0.0179411748159543
0	0.0179411748159543
0	0.0179411748159543
0	0.0179411748159543
0	0.048007590636038
0	0.0617111580591631
0	0.0179411748159543
0	0.0179411748159543
0	0.0313415975863776
0	0.0179411748159543
0	0.0179411748159543
0	0.0221213437517398
0	0.0179411748159543
0	0.0179411748159543
0	0.833003117235394
0	0.0179411748159543
0	0.0179411748159543
0	0.0179411748159543
0	0.0179411748159543
0	0.0179411748159543
0	0.0642576563428019
0	0.0198127680244564
0	0.0179411748159543
0	0.0179411748159543
0	0.0179411748159543
0	0.0179411748159543
0	0.0179411748159543
0	0.0179411748159543
0	0.0179411748159543
0	0.0323195305878075
0	0.0179411748159543
0	0.0179411748159543
0	0.868796207007019
0	0.0179411748159543
0	0.0179411748159543
0	0.0179411748159543
0	0.0231947902787892
0	0.0179411748159543
0	0.0179411748159543
0	0.0179411748159543
0	0.0179411748159543
0	0.0179411748159543
0	0.0179411748159543
0	0.0179411748159543
0	0.0179411748159543
0	0.0179411748159543
0	0.0179411748159543
0	0.0188883838247712
0	0.0179411748159543
0	0.0179411748159543
0	0.0179411748159543
0	0.0179411748159543
0	0.0179411748159543
0	0.0179411748159543
0	0.0179411748159543
0	0.0179411748159543
0	0.0179411748159543
0	0.0179411748159543
0	0.0179411748159543
0	0.0179411748159543
0	0.0179411748159543
0	0.0199774586275997
0	0.0179411748159543
0	0.0179411748159543
0	0.0179411748159543
0	0.0179411748159543
0	0.0186856953091951
0	0.0179411748159543
0	0.0179411748159543
0	0.0199671733492819
0	0.0179411748159543
0	0.0179411748159543
0	0.0179411748159543
0	0.0179411748159543
0	0.0179411748159543
0	0.0179411748159543
0	0.0254381789328254
0	0.0194949763369594
0	0.0179411748159543
0	0.0546975918206495
0	0.0179411748159543
0	0.0219178445024477
0	0.0179411748159543
0	0.0179411748159543
0	0.0179411748159543
0	0.0642024730595545
0	0.0179411748159543
0	0.0179411748159543
0	0.0179411748159543
0	0.0179411748159543
0	0.0179411748159543
0	0.0179411748159543
0	0.0179411748159543
0	0.0192777930706243
0	0.0179411748159543
0	0.0179411748159543
0	0.0179411748159543
0	0.0179411748159543
0	0.0199774586275997
0	0.0192777930706243
0	0.0186856953091951
0	0.0179411748159543
0	0.0179411748159543
0	0.0179411748159543
0	0.0179411748159543
0	0.0179411748159543
0	0.0196933079778756
0	0.0208586345681708
0	0.0179411748159543
0	0.0310519460320345
0	0.0179411748159543
0	0.0819342142565111
0	0.0179411748159543
0	0.0179411748159543
0	0.0208804354654807
0	0.0179411748159543
0	0.0179411748159543
0	0.0179411748159543
0	0.0179411748159543
0	0.0179411748159543
0	0.0179411748159543
0	0.0285393603705096
0	0.0179411748159543
0	0.0186856953091951
0	0.0179411748159543
0	0.0179411748159543
0	0.0204758130583917
0	0.0179411748159543
0	0.0179411748159543
0	0.0179411748159543
0	0.0179411748159543
0	0.0179411748159543
0	0.0179411748159543
0	0.0223625680080383
0	0.0369942563800297
0	0.0179411748159543
0	0.0219113520877216
0	0.0179411748159543
0	0.0179411748159543
0	0.0241223425043078
0	0.0179411748159543
0	0.0179411748159543
0	0.0179411748159543
0	0.0179411748159543
0	0.0179411748159543
0	0.0179411748159543
0	0.0179411748159543
0	0.0179411748159543
0	0.0179411748159543
0	0.0179411748159543
0	0.0179411748159543
0	0.0186856953091951
0	0.0294567019442459
0	0.0440181048747056
0	0.0179411748159543
0	0.0186650291083656
0	0.0179411748159543
0	0.0179411748159543
0	0.0221213437517398
0	0.0179411748159543
0	0.0196933079778756
0	0.0179411748159543
0	0.0219113520877216
0	0.0179411748159543
0	0.0179411748159543
0	0.0323281837629367
0	0.0179411748159543
0	0.0243603453104603
0	0.0179411748159543
0	0.0196933079778756
0	0.0179411748159543
0	0.0282953916560979
0	0.0179411748159543
0	0.0179411748159543
0	0.672629471209132
0	0.0179411748159543
0	0.0179411748159543
0	0.0309479405290877
0	0.0179411748159543
0	0.0179411748159543
0	0.0179411748159543
0	0.0179411748159543
0	0.0544534510508424
0	0.0179411748159543
0	0.0179411748159543
0	0.0179411748159543
0	0.0179411748159543
0	0.0179411748159543
0	0.240757065188789
0	0.0179411748159543
0	0.0179411748159543
0	0.0219178445024477
0	0.0219178445024477
0	0.0313490682268134
0	0.0179411748159543
0	0.0179411748159543
0	0.0363598884760462
0	0.393461511823193
0	0.0224310271892202
0	0.0179411748159543
0	0.0179411748159543
0	0.0179411748159543
0	0.0179411748159543
0	0.0179411748159543
0	0.0179411748159543
0	0.0179411748159543
0	0.0179411748159543
0	0.0179411748159543
0	0.0179411748159543
0	0.0179411748159543
0	0.0179411748159543
0	0.0179411748159543
0	0.494670887991374
0	0.0179411748159543
0	0.0243603453104603
0	0.0210312242764108
0	0.0179411748159543
0	0.0289010662957376
0	0.0179411748159543
0	0.0375380982597105
0	0.0179411748159543
0	0.0179411748159543
0	0.0179411748159543
0	0.0179411748159543
0	0.0179411748159543
0	0.0219178445024477
0	0.0179411748159543
0	0.0179411748159543
0	0.0179411748159543
0	0.0179411748159543
0	0.0179411748159543
0	0.0179411748159543
0	0.152332896333822
0	0.0179411748159543
0	0.0179411748159543
0	0.0179411748159543
0	0.0179411748159543
0	0.0179411748159543
0	0.0179411748159543
0	0.0394828699515341
0	0.0179411748159543
0	0.0242247548599435
0	0.0179411748159543
0	0.0179411748159543
0	0.0179411748159543
0	0.0179411748159543
0	0.0179411748159543
0	0.0179411748159543
0	0.0228131679080142
0	0.0179411748159543
0	0.0179411748159543
0	0.0179411748159543
0	0.0179411748159543
0	0.0179411748159543
0	0.0270599325135477
0	0.0223043110195383
0	0.0242648068101854
0	0.0228167986387438
0	0.0380300259475604
0	0.0179411748159543
0	0.0179411748159543
0	0.0179411748159543
0	0.0179411748159543
0	0.0198127680244564
0	0.0179411748159543
0	0.0535189024069664
0	0.0179411748159543
0	0.0179411748159543
0	0.0179411748159543
0	0.0179411748159543
0	0.0179411748159543
0	0.0179411748159543
0	0.0179411748159543
0	0.0179411748159543
0	0.0179411748159543
0	0.0179411748159543
0	0.0179411748159543
0	0.0225185855078184
0	0.0179411748159543
0	0.0179411748159543
0	0.0179411748159543
0	0.0270599325135477
0	0.0422057089633602
0	0.0221594876245682
0	0.0179411748159543
0	0.0179411748159543
0	0.0192777930706243
0	0.0179411748159543
0	0.0179411748159543
0	0.0179411748159543
0	0.0179411748159543
0	0.0179411748159543
0	0.0179411748159543
0	0.0768530256488217
0	0.0179411748159543
0	0.0179411748159543
0	0.0179411748159543
0	0.0278655578796056
0	0.0179411748159543
0	0.0179411748159543
0	0.0179411748159543
0	0.0179411748159543
0	0.0614683650966468
0	0.0179411748159543
0	0.107039217740278
0	0.0179411748159543
0	0.0179411748159543
0	0.0179411748159543
0	0.0179411748159543
0	0.0179411748159543
0	0.0179411748159543
0	0.0179411748159543
0	0.0179411748159543
0	0.0503946345299801
0	0.0179411748159543
0	0.0179411748159543
0	0.0192777930706243
0	0.0198709665233522
0	0.0179411748159543
0	0.0179411748159543
0	0.0179411748159543
0	0.0198709665233522
0	0.0179411748159543
0	0.0179411748159543
0	0.0179411748159543
0	0.0179411748159543
0	0.638199444126543
0	0.0179411748159543
0	0.0179411748159543
0	0.0179411748159543
0	0.020940462536989
0	0.0179411748159543
0	0.0179411748159543
0	0.0179411748159543
0	0.0179411748159543
0	0.0179411748159543
0	0.0179411748159543
0	0.0179411748159543
0	0.0179411748159543
0	0.0235366598943138
0	0.0290872442370614
0	0.0179411748159543
0	0.0179411748159543
0	0.0179411748159543
0	0.0179411748159543
0	0.0179411748159543
0	0.0179411748159543
0	0.0179411748159543
0	0.0270599325135477
0	0.0219178445024477
0	0.0179411748159543
0	0.0219178445024477
0	0.0179411748159543
0	0.0198709665233522
0	0.0196933079778756
0	0.0179411748159543
0	0.0198709665233522
0	0.0179411748159543
0	0.0179411748159543
0	0.0179411748159543
0	0.0469865467897631
0	0.0179411748159543
0	0.0179411748159543
0	0.0250354117919419
0	0.0179411748159543
0	0.0198709665233522
0	0.0219178445024477
0	0.0179411748159543
0	0.0286624411127505
0	0.287637206379152
0	0.0179411748159543
0	0.080282453118343
0	0.0179411748159543
0	0.0179411748159543
0	0.0186650291083656
0	0.0179411748159543
0	0.0179411748159543
0	0.0192777930706243
0	0.0179411748159543
0	0.0179411748159543
0	0.038903776827288
0	0.366014933971061
0	0.0187188256071072
0	0.0179411748159543
0	0.292391825983738
0	0.0179411748159543
0	0.0183283124267686
0	0.0179411748159543
0	0.0236287401702307
0	0.657268174591536
0	0.353342710038833
0	0.0179411748159543
0	0.0179411748159543
0	0.0809621850748825
0	0.0179411748159543
0	0.0179411748159543
0	0.0232276775151845
0	0.0198709665233522
0	0.0179411748159543
0	0.0196421082805794
0	0.0179411748159543
0	0.0179411748159543
0	0.0179411748159543
0	0.0410321836448127
0	0.0179411748159543
0	0.0179411748159543
0	0.0179411748159543
0	0.0179411748159543
0	0.0179411748159543
0	0.0179411748159543
0	0.0179411748159543
0	0.0198709665233522
0	0.0513101410693146
0	0.0179411748159543
0	0.0179411748159543
0	0.0179411748159543
0	0.0179411748159543
0	0.0179411748159543
0	0.0186856953091951
0	0.0236499873318837
0	0.0242331403021444
0	0.022752516990053
0	0.0179411748159543
0	0.0199774586275997
0	0.0179411748159543
0	0.0179411748159543
0	0.0179411748159543
0	0.0179411748159543
0	0.0179411748159543
0	0.91281021956055
0	0.0480320327545422
0	0.0179411748159543
0	0.0179411748159543
0	0.0179411748159543
0	0.0179411748159543
0	0.0179411748159543
0	0.0179411748159543
0	0.0179411748159543
0	0.0179411748159543
0	0.0179411748159543
0	0.0179411748159543
0	0.0179411748159543
0	0.0179411748159543
0	0.0179411748159543
0	0.40911926503873
0	0.0179411748159543
0	0.0270599325135477
0	0.0241769503621256
0	0.179069375040892
0	0.0179411748159543
0	0.0243202580429348
0	0.0314452634460544
0	0.0179411748159543
0	0.0220043506361581
0	0.0198709665233522
0	0.0179411748159543
0	0.0179411748159543
0	0.0179411748159543
0	0.0179411748159543
0	0.0179411748159543
0	0.0219113520877216
0	0.0179411748159543
0	0.0179411748159543
0	0.0506693565132169
0	0.0515782487226276
0	0.0179411748159543
0	0.020112192390244
0	0.0179411748159543
0	0.0179411748159543
0	0.0179411748159543
0	0.0186650291083656
0	0.0179411748159543
0	0.0179411748159543
0	0.0179411748159543
0	0.0186856953091951
0	0.0179411748159543
0	0.0199774586275997
0	0.0179411748159543
0	0.0179411748159543
0	0.0179411748159543
0	0.0179411748159543
0	0.0179411748159543
0	0.0179411748159543
0	0.0295862093829417
0	0.200165367155302
0	0.0355312895884532
0	0.0179411748159543
0	0.0179411748159543
0	0.0179411748159543
0	0.0179411748159543
0	0.0179411748159543
0	0.0179411748159543
0	0.577162136148531
0	0.0179411748159543
0	0.0185392489003949
0	0.0179411748159543
0	0.0179411748159543
0	0.0254553837255174
0	0.0267440489104543
0	0.0236363900474528
0	0.025305250855381
0	0.0179411748159543
0	0.0179411748159543
0	0.0179411748159543
0	0.0229553064066869
0	0.0179411748159543
0	0.027830899878109
0	0.0179411748159543
0	0.0179411748159543
0	0.0179411748159543
0	0.911045080929662
0	0.0179411748159543
0	0.0214993838333893
0	0.0179411748159543
0	0.0179411748159543
0	0.0179411748159543
0	0.0196933079778756
0	0.424708763626343
0	0.0179411748159543
0	0.0239865821989493
0	0.0179411748159543
0	0.0242502311070212
0	0.0179411748159543
0	0.543435993458315
0	0.0179411748159543
0	0.0179411748159543
0	0.024048828533915
0	0.0179411748159543
0	0.0397196647006654
0	0.0179411748159543
0	0.0320063935011352
0	0.0179411748159543
0	0.0179411748159543
0	0.0720518089244385
0	0.0179411748159543
0	0.0179411748159543
0	0.0179411748159543
0	0.0311096099572021
0	0.0186650291083656
0	0.0503279718660615
0	0.0179411748159543
0	0.0290872442370614
0	0.0179411748159543
0	0.0179411748159543
0	0.0186856953091951
0	0.0179411748159543
0	0.0335760813850779
0	0.0179411748159543
0	0.0179411748159543
0	0.0179411748159543
0	0.0179411748159543
0	0.0198709665233522
0	0.036173924741282
0	0.0179411748159543
0	0.0179411748159543
0	0.0179411748159543
0	0.0179411748159543
0	0.0179411748159543
0	0.0869236073140858
0	0.0179411748159543
0	0.0179411748159543
0	0.0342739365660265
0	0.0179411748159543
0	0.0196421082805794
0	0.0179411748159543
0	0.0219178445024477
0	0.0179411748159543
0	0.0179411748159543
0	0.0179411748159543
