1	0.397567989632451
1	0.991423874367321
1	0.999259113992551
1	0.61246538801468
1	0.862648027907324
1	0.882160480934024
1	0.98501465871322
1	0.993150107066237
1	0.307647705579791
1	0.397189378211516
1	0.987660783583798
1	0.989050932914076
1	0.473857406030586
1	0.822232448136702
1	0.253179589804808
1	0.85486431507086
1	0.0180923593788416
1	0.741499111203093
1	0.998954084086415
1	0.680301974283087
1	0.985379655150907
1	0.996982333267344
1	0.455014858456075
1	0.999728850975022
1	0.942837649039598
1	0.990318037280098
1	0.994395104397083
1	0.0423575465142939
1	0.860705747300148
1	0.997243637398938
1	0.998672233599509
1	0.405112549137849
1	0.985784060010785
1	0.715415785885596
1	0.96117212822672
1	0.786575862107152
1	0.997992523380446
1	0.997889904855658
1	0.043929852176818
1	0.7583413752502
1	0.97213634696924
1	0.994636522835837
1	0.0595090504163514
1	0.620242017681582
1	0.994048423504345
1	0.987286972012605
1	0.996713364211694
1	0.905154696862927
1	0.928613627685956
1	0.934636558141601
1	0.98815549206911
1	0.951237974676466
1	0.650198287135662
1	0.112333576111545
1	0.256535846221995
1	0.996209197494275
1	0.859053421250645
1	0.137792044508575
1	0.996458643064271
1	0.998213169686913
1	0.973750874834677
1	0.118812852598802
1	0.210167311702384
1	0.96424203149913
1	0.994696042953462
1	0.987552312881321
1	0.986306517575242
1	0.598565411530254
1	0.990966847668887
1	0.851251755800868
1	0.187126682323354
1	0.0954416763684366
1	0.860484519382912
1	0.301005157738487
1	0.998471245577751
1	0.0137467631442627
1	0.981427241998044
1	0.995314517001834
1	0.994785034321843
1	0.0733461068234194
1	0.994095551971012
1	0.941540653354414
1	0.978602983822428
1	0.0148101992234416
1	0.925390091216883
1	0.945144536095497
1	0.992450361232738
1	0.023217521606267
1	0.980120293125645
1	0.179177115872867
1	0.98984113983718
1	0.972902388877297
1	0.796578821333788
1	0.0354170684328682
1	0.991737731949226
1	0.994623801815782
1	0.940124299488255
1	0.0772214294874336
1	0.963375006493058
1	0.352895301980168
1	0.988053721768007
1	0.960594060699194
1	0.988185629574651
1	0.998954025176383
1	0.948473302666066
1	0.689149169926136
1	0.737178056417949
1	0.968744235244764
1	0.990917872279186
1	0.867170172429882
1	0.998065765059753
1	0.0509867705114701
1	0.987523702813655
1	0.964399466750238
1	0.451287547443667
1	0.905549396053656
1	0.208832834486565
1	0.957123885673984
1	0.0217828801060823
1	0.98997402638148
1	0.0178090288331129
1	0.390286893578111
1	0.954605461415124
1	0.936662874684157
1	0.984446079852775
1	0.527477236741788
1	0.0177882541900626
1	0.459717349261541
1	0.152546162919098
1	0.467466444004632
1	0.926936190259241
1	0.986520864349737
1	0.0858991081315378
1	0.0452995084402028
1	0.021840572310133
1	0.929279287730839
1	0.993374525307165
1	0.993848220401849
1	0.995730451465678
1	0.666345148717631
1	0.599823190390433
1	0.58916284297615
1	0.202119199460169
1	0.986818914427999
1	0.793827460432695
1	0.961376769907045
1	0.931714184552685
1	0.914163735657544
1	0.962201883229912
1	0.949386385040839
1	0.218746182233215
1	0.93157251036387
1	0.402369145255185
1	0.374431003749942
1	0.1842002669498
1	0.863471398080928
1	0.992267711214148
1	0.995165424898483
1	0.0638199530797476
1	0.995464906599481
1	0.988943260977808
1	0.397583138297961
1	0.982662501635639
1	0.482131106087475
1	0.961814017819137
1	0.953098962812577
1	0.965161896535746
1	0.879410001295415
1	0.853000864466996
1	0.996883137420701
1	0.0196746193781836
1	0.965861216516462
1	0.0482766774727505
1	0.26684541822106
1	0.947602066924746
1	0.52179404173049
1	0.171630651779563
1	0.9993481357866
1	0.0314493117579047
1	0.980281256023773
1	0.879668345592578
1	0.985674107339451
1	0.997153867025061
1	0.539244910248206
1	0.102330428528366
1	0.997205226103747
1	0.909176444445605
1	0.999173038570995
1	0.461344770958159
1	0.421110265072229
1	0.0630005466276201
1	0.901935094694866
1	0.991766481478309
1	0.989903064285323
1	0.448217689854164
1	0.975591522262262
1	0.830138925456006
1	0.506197191525947
1	0.0548180791214847
1	0.355054740260131
0	0.0137467631442627
0	0.0126197021428943
0	0.0206767866609172
0	0.0126197021428943
0	0.0128468646571032
0	0.0126197021428943
0	0.0182507417303599
0	0.0141227491002568
0	0.0920395133587693
0	0.0126197021428943
0	0.0126197021428943
0	0.0164030298594445
0	0.0126197021428943
0	0.0164966009709422
0	0.0177882541900626
0	0.0126197021428943
0	0.0126197021428943
0	0.0126197021428943
0	0.0126197021428943
0	0.0178090288331129
0	0.0126197021428943
0	0.0126197021428943
0	0.0126197021428943
0	0.0137467631442627
0	0.0126197021428943
0	0.0126197021428943
0	0.0126197021428943
0	0.0130897594986537
0	0.0516472512207786
0	0.013459921129229
0	0.0206767866609172
0	0.0154950373345736
0	0.0126197021428943
0	0.0128468646571032
0	0.0126197021428943
0	0.0174084405934445
0	0.0282898436820211
0	0.0126197021428943
0	0.0126197021428943
0	0.0116855445118901
0	0.0126197021428943
0	0.0126197021428943
0	0.0126197021428943
0	0.0126197021428943
0	0.0144323227980622
0	0.0126197021428943
0	0.0126197021428943
0	0.0126197021428943
0	0.0164339243719316
0	0.0249331256979823
0	0.0126197021428943
0	0.0126197021428943
0	0.0126197021428943
0	0.0126197021428943
0	0.0126197021428943
0	0.0126197021428943
0	0.0126197021428943
0	0.0264067262728051
0	0.0126197021428943
0	0.0126197021428943
0	0.0126197021428943
0	0.0126197021428943
0	0.0126197021428943
0	0.0126197021428943
0	0.0126197021428943
0	0.0141227491002568
0	0.0126197021428943
0	0.0126197021428943
0	0.0126197021428943
0	0.0126197021428943
0	0.0126197021428943
0	0.0126197021428943
0	0.0260214054231078
0	0.0126197021428943
0	0.0126197021428943
0	0.0126197021428943
0	0.0126197021428943
0	0.0126197021428943
0	0.0130897594986537
0	0.0126197021428943
0	0.0126197021428943
0	0.054198346276132
0	0.0126197021428943
0	0.0126197021428943
0	0.0231079918419561
0	0.0126197021428943
0	0.0209933558562867
0	0.0126197021428943
0	0.0126197021428943
0	0.0126197021428943
0	0.0126197021428943
0	0.0126197021428943
0	0.0126197021428943
0	0.0126197021428943
0	0.0126197021428943
0	0.0126197021428943
0	0.0126197021428943
0	0.0126197021428943
0	0.0126197021428943
0	0.0161741525530324
0	0.0323364379105538
0	0.0126197021428943
0	0.0126197021428943
0	0.0126197021428943
0	0.0126197021428943
0	0.0144323227980622
0	0.0126197021428943
0	0.0126197021428943
0	0.0126197021428943
0	0.0126197021428943
0	0.0126197021428943
0	0.0126197021428943
0	0.0126197021428943
0	0.0126197021428943
0	0.020938424850385
0	0.0164339243719316
0	0.0126197021428943
0	0.0126197021428943
0	0.0222299793195383
0	0.0126197021428943
0	0.0177882541900626
0	0.0259475439850398
0	0.0137467631442627
0	0.0126197021428943
0	0.0126197021428943
0	0.00911111804988206
0	0.0126197021428943
0	0.0150517295526275
0	0.0126197021428943
0	0.0126197021428943
0	0.0126197021428943
0	0.123574550083805
0	0.013459921129229
0	0.0126197021428943
0	0.0126197021428943
0	0.0126197021428943
0	0.0138289417158826
0	0.0335489002669265
0	0.0126197021428943
0	0.0154950373345736
0	0.0126197021428943
0	0.0126197021428943
0	0.0126197021428943
0	0.0177882541900626
0	0.0126197021428943
0	0.0109078826641426
0	0.0178090288331129
0	0.0126197021428943
0	0.0128468646571032
0	0.0126197021428943
0	0.0154950373345736
0	0.0153219907386369
0	0.0126197021428943
0	0.0126197021428943
0	0.0126197021428943
0	0.0126197021428943
0	0.0126197021428943
0	0.0801600143860036
0	0.0126197021428943
0	0.016839498656545
0	0.0153347612179752
0	0.0126197021428943
0	0.0126197021428943
0	0.0178090288331129
0	0.0126197021428943
0	0.0501983647623306
0	0.0126197021428943
0	0.0126197021428943
0	0.0126197021428943
0	0.0126197021428943
0	0.0126197021428943
0	0.0186914191464094
0	0.0126197021428943
0	0.0130897594986537
0	0.154008418068978
0	0.0186889128258527
0	0.0192464118715087
0	0.0623988930821186
0	0.0126197021428943
0	0.01939189574082
0	0.0126197021428943
0	0.0147920438135041
0	0.0126197021428943
0	0.0126197021428943
0	0.0126197021428943
0	0.0126197021428943
0	0.03238631023716
0	0.0126197021428943
0	0.0126197021428943
0	0.0126197021428943
0	0.0126197021428943
0	0.0126197021428943
0	0.0198944888580889
0	0.0126197021428943
0	0.0126197021428943
0	0.0126197021428943
0	0.0126197021428943
0	0.0116855445118901
0	0.0248297993423388
0	0.0142415804125489
0	0.0126197021428943
0	0.0126197021428943
0	0.0291833763794172
0	0.0201090657180575
0	0.0164966009709422
0	0.0126197021428943
0	0.0155757052813214
0	0.0126197021428943
0	0.0126197021428943
0	0.0178090288331129
0	0.0126197021428943
0	0.0126197021428943
0	0.0126197021428943
0	0.0126197021428943
0	0.0218901701870958
0	0.0126197021428943
0	0.0126197021428943
0	0.0126197021428943
0	0.0126197021428943
0	0.013459921129229
0	0.0126197021428943
0	0.0126197021428943
0	0.0126197021428943
0	0.0265861316406323
0	0.126400245105603
0	0.0126197021428943
0	0.0163845389234761
0	0.0126197021428943
0	0.0588990068655716
0	0.0126197021428943
0	0.0126197021428943
0	0.0126197021428943
0	0.0126197021428943
0	0.0126197021428943
0	0.0126197021428943
0	0.0128468646571032
0	0.0126197021428943
0	0.0126197021428943
0	0.0126197021428943
0	0.0126197021428943
0	0.0126197021428943
0	0.0414013625284211
0	0.0126197021428943
0	0.0277737087074258
0	0.0139674533931652
0	0.0126197021428943
0	0.0126197021428943
0	0.0164802465797252
0	0.0222382146040079
0	0.0126197021428943
0	0.0232156502795753
0	0.0126197021428943
0	0.0126197021428943
0	0.0242199638926239
0	0.0126197021428943
0	0.0126197021428943
0	0.0126197021428943
0	0.0154950373345736
0	0.106163444268772
0	0.0126197021428943
0	0.0144323227980622
0	0.0126197021428943
0	0.0126197021428943
0	0.0126197021428943
0	0.0177882541900626
0	0.0126197021428943
0	0.0126197021428943
0	0.0126197021428943
0	0.0126197021428943
0	0.0161898910864046
0	0.0126197021428943
0	0.0126197021428943
0	0.0126197021428943
0	0.0126197021428943
0	0.0126197021428943
0	0.0126197021428943
0	0.0126197021428943
0	0.0109078826641426
0	0.0126197021428943
0	0.0177882541900626
0	0.0126197021428943
0	0.0126197021428943
0	0.01939189574082
0	0.0126197021428943
0	0.0126197021428943
0	0.0126197021428943
0	0.0126197021428943
0	0.0480067945122843
0	0.0164966009709422
0	0.0126197021428943
0	0.0126197021428943
0	0.0154950373345736
0	0.0178090288331129
0	0.0177882541900626
0	0.0126197021428943
0	0.0308507337012139
0	0.0126197021428943
0	0.0126197021428943
0	0.989752099507676
0	0.0126197021428943
0	0.0126197021428943
0	0.0126197021428943
0	0.194594520864899
0	0.0126197021428943
0	0.0126197021428943
0	0.0149542698668235
0	0.0126197021428943
0	0.0126197021428943
0	0.0416948857607455
0	0.0126197021428943
0	0.0126197021428943
0	0.0126197021428943
0	0.0126197021428943
0	0.020899521652871
0	0.0126197021428943
0	0.0144323227980622
0	0.0137467631442627
0	0.0126197021428943
0	0.0126197021428943
0	0.0126197021428943
0	0.0126197021428943
0	0.0144323227980622
0	0.0126197021428943
0	0.0126197021428943
0	0.0126197021428943
0	0.0137467631442627
0	0.0333936696266892
0	0.0126197021428943
0	0.0126197021428943
0	0.0126197021428943
0	0.0126197021428943
0	0.0126197021428943
0	0.276417909779087
0	0.0126197021428943
0	0.0180923593788416
0	0.0126197021428943
0	0.435726363337398
0	0.0126197021428943
0	0.0126197021428943
0	0.0126197021428943
0	0.0144323227980622
0	0.0222299793195383
0	0.0126197021428943
0	0.0126197021428943
0	0.0126197021428943
0	0.0137467631442627
0	0.0126197021428943
0	0.0126197021428943
0	0.0128468646571032
0	0.0126197021428943
0	0.0126197021428943
0	0.0126197021428943
0	0.0126197021428943
0	0.0126197021428943
0	0.0139674533931652
0	0.0126197021428943
0	0.0126197021428943
0	0.147044178471305
0	0.0126197021428943
0	0.0137467631442627
0	0.0126197021428943
0	0.0126197021428943
0	0.0126197021428943
0	0.0186889128258527
0	0.0126197021428943
0	0.0137467631442627
0	0.0126197021428943
0	0.0126197021428943
0	0.0126197021428943
0	0.457144590530367
0	0.0126197021428943
0	0.0126197021428943
0	0.0126197021428943
0	0.0126197021428943
0	0.0202487796820648
0	0.0142415804125489
0	0.0126197021428943
0	0.0178090288331129
0	0.0376063136970834
0	0.0126197021428943
0	0.0116855445118901
0	0.48255797510741
0	0.01939189574082
0	0.0126197021428943
0	0.0126197021428943
0	0.0126197021428943
0	0.0126197021428943
0	0.0126197021428943
0	0.0126197021428943
0	0.940227049418502
0	0.0126197021428943
0	0.0126197021428943
0	0.0163845389234761
0	0.0126197021428943
0	0.0126197021428943
0	0.0126197021428943
0	0.0126197021428943
0	0.0180053585624869
0	0.0126197021428943
0	0.0126197021428943
0	0.0126197021428943
0	0.0109078826641426
0	0.0128468646571032
0	0.0126197021428943
0	0.0277737087074258
0	0.0237965463064106
0	0.0126197021428943
0	0.0203516509249291
0	0.0573412065367254
0	0.0523814939716598
0	0.0126197021428943
0	0.0126197021428943
0	0.201447997049282
0	0.0126197021428943
0	0.0201090657180575
0	0.0126197021428943
0	0.0126197021428943
0	0.0516472512207786
0	0.01939189574082
0	0.0126197021428943
0	0.0126197021428943
0	0.0109078826641426
0	0.0126197021428943
0	0.0126197021428943
0	0.0168745047999406
0	0.0126197021428943
0	0.0126197021428943
0	0.0888107373712636
0	0.0126197021428943
0	0.0370932429751113
0	0.0126197021428943
0	0.0126197021428943
0	0.0126197021428943
0	0.0126197021428943
0	0.0126197021428943
0	0.0126197021428943
0	0.021840572310133
0	0.0126197021428943
0	0.01939189574082
0	0.0164966009709422
0	0.0236189971255367
0	0.0126197021428943
0	0.0126197021428943
0	0.0178090288331129
0	0.0126197021428943
0	0.0126197021428943
0	0.0126197021428943
0	0.0126197021428943
0	0.0126197021428943
0	0.0126197021428943
0	0.134001370135157
0	0.0126197021428943
0	0.0126197021428943
0	0.0126197021428943
0	0.0126197021428943
0	0.0126197021428943
0	0.0126197021428943
0	0.0126197021428943
0	0.0126197021428943
0	0.0206767866609172
0	0.0126197021428943
0	0.0126197021428943
0	0.0126197021428943
0	0.0137467631442627
0	0.0126197021428943
0	0.0139674533931652
0	0.0126197021428943
0	0.0126197021428943
0	0.0181278874773706
0	0.0141227491002568
0	0.0126197021428943
0	0.0126197021428943
0	0.0126197021428943
0	0.0126197021428943
0	0.0126197021428943
0	0.0126197021428943
0	0.0126197021428943
0	0.0126197021428943
0	0.0128468646571032
0	0.0126197021428943
0	0.0126197021428943
0	0.0126197021428943
0	0.0126197021428943
0	0.0126197021428943
0	0.0126197021428943
0	0.0177882541900626
0	0.106765658813319
0	0.0126197021428943
0	0.0126197021428943
0	0.0181067477353845
0	0.0126197021428943
0	0.0126197021428943
0	0.0126197021428943
0	0.0126197021428943
0	0.0980710839944608
0	0.0126197021428943
0	0.0126197021428943
0	0.0164966009709422
0	0.0128468646571032
0	0.0126197021428943
0	0.0199176734603261
0	0.0126197021428943
0	0.0126197021428943
0	0.0126197021428943
0	0.0126197021428943
0	0.0128468646571032
0	0.0126197021428943
0	0.0126197021428943
0	0.0126197021428943
0	0.0671761870200844
0	0.0772538238523384
0	0.0126197021428943
0	0.0126197021428943
0	0.0126197021428943
0	0.021840572310133
0	0.0126197021428943
0	0.0384114036716729
0	0.023861028212889
0	0.0126197021428943
0	0.0269613144630589
0	0.0126197021428943
0	0.0126197021428943
0	0.0126197021428943
0	0.0126197021428943
0	0.0126197021428943
0	0.0126197021428943
0	0.0126197021428943
0	0.0126197021428943
0	0.0126197021428943
0	0.0126197021428943
0	0.0126197021428943
0	0.0126197021428943
0	0.0144323227980622
0	0.0126197021428943
0	0.0126197021428943
0	0.0126197021428943
0	0.0126197021428943
0	0.0126197021428943
0	0.0126197021428943
0	0.0126197021428943
0	0.0126197021428943
0	0.0126197021428943
0	0.0126197021428943
0	0.0126197021428943
0	0.0141227491002568
0	0.0126197021428943
0	0.0126197021428943
0	0.0200908029909927
0	0.0126197021428943
0	0.0126197021428943
0	0.0126197021428943
0	0.0126197021428943
0	0.0231549097749853
0	0.0126197021428943
0	0.0126197021428943
0	0.0291517932342652
0	0.0126197021428943
0	0.0126197021428943
0	0.0126197021428943
0	0.0126197021428943
0	0.0126197021428943
0	0.0164966009709422
0	0.0126197021428943
0	0.046910390288151
0	0.0202487796820648
0	0.0324708242087019
0	0.0128468646571032
0	0.0126197021428943
0	0.0126197021428943
0	0.0126197021428943
0	0.0126197021428943
0	0.131681934162383
0	0.0126197021428943
0	0.0126197021428943
0	0.0126197021428943
0	0.0126197021428943
0	0.0126197021428943
0	0.0126197021428943
0	0.0126197021428943
0	0.0126197021428943
0	0.0198623122498443
0	0.0126197021428943
0	0.0164966009709422
0	0.0126197021428943
0	0.0126197021428943
0	0.0128468646571032
0	0.0126197021428943
0	0.0126197021428943
0	0.0130897594986537
0	0.0126197021428943
0	0.0277481504622686
0	0.0126197021428943
0	0.0126197021428943
0	0.0126197021428943
0	0.0126197021428943
0	0.0126197021428943
0	0.0178090288331129
0	0.0126197021428943
0	0.0126197021428943
0	0.0126197021428943
0	0.0877937144719187
0	0.0126197021428943
0	0.0126197021428943
0	0.0141227491002568
0	0.0126197021428943
0	0.0116855445118901
0	0.0126197021428943
0	0.0126197021428943
0	0.0130897594986537
0	0.01437657345684
0	0.0126197021428943
0	0.0126197021428943
0	0.0126197021428943
0	0.0224838078219056
0	0.130704996621562
0	0.0205634669022842
0	0.0126197021428943
0	0.0126197021428943
0	0.0126197021428943
0	0.0126197021428943
0	0.0126197021428943
0	0.0126197021428943
0	0.0126197021428943
0	0.0130897594986537
0	0.0126197021428943
0	0.046649150025801
0	0.0126197021428943
0	0.581729590557923
0	0.0126197021428943
0	0.0126197021428943
0	0.0126197021428943
0	0.0126197021428943
0	0.0268622705742841
0	0.0126197021428943
0	0.0126197021428943
0	0.0126197021428943
0	0.00911111804988206
0	0.0353125459942487
0	0.0123395355191907
0	0.209400096389379
0	0.0126197021428943
0	0.0126197021428943
0	0.0593126739949022
0	0.0178090288331129
0	0.0126197021428943
0	0.0126197021428943
0	0.0126197021428943
0	0.0126197021428943
0	0.0295389481827361
0	0.0126197021428943
0	0.0126197021428943
0	0.0109078826641426
0	0.0126197021428943
0	0.0157731308594781
0	0.0126197021428943
0	0.0137467631442627
0	0.0126197021428943
0	0.303170447654947
0	0.0126197021428943
0	0.0126197021428943
0	0.0130897594986537
0	0.0296732457819234
0	0.0126197021428943
0	0.0126197021428943
0	0.0126197021428943
0	0.0126197021428943
0	0.0465019409803939
0	0.0126197021428943
0	0.0139939259252757
0	0.247303049492732
0	0.0126197021428943
0	0.591962480720564
0	0.069959189246868
0	0.0126197021428943
0	0.0126197021428943
0	0.0126197021428943
0	0.0126197021428943
0	0.0488895976917716
0	0.0126197021428943
0	0.0126197021428943
0	0.0126197021428943
0	0.0126197021428943
0	0.0126197021428943
0	0.0126197021428943
0	0.0284633903566109
0	0.0178090288331129
0	0.0126197021428943
0	0.200348217697697
0	0.0126197021428943
0	0.0126197021428943
0	0.0126197021428943
0	0.0126197021428943
0	0.0126197021428943
0	0.0126197021428943
0	0.0126197021428943
0	0.0839778087127173
0	0.069524340137655
0	0.0126197021428943
0	0.0126197021428943
0	0.0141227491002568
0	0.0126197021428943
0	0.0126197021428943
0	0.0126197021428943
0	0.954151148237726
0	0.0126197021428943
0	0.0126197021428943
0	0.0126197021428943
0	0.0182507417303599
0	0.0820707125356784
0	0.0126197021428943
0	0.0126197021428943
0	0.0126197021428943
0	0.0126197021428943
0	0.0126197021428943
0	0.0126197021428943
0	0.0126197021428943
0	0.0126197021428943
0	0.0498782797801449
0	0.0126197021428943
0	0.0126197021428943
0	0.0154950373345736
0	0.0126197021428943
0	0.0126197021428943
0	0.0126197021428943
0	0.0178090288331129
0	0.0150615143482014
0	0.0126197021428943
0	0.0126197021428943
0	0.673698632738021
0	0.0126197021428943
0	0.0126197021428943
0	0.0592138172769792
0	0.0126197021428943
0	0.0141227491002568
0	0.0226817503617185
0	0.0177882541900626
0	0.017965556266242
0	0.0126197021428943
0	0.0126197021428943
0	0.0141227491002568
0	0.0193089973169136
0	0.0126197021428943
0	0.0126197021428943
0	0.0126197021428943
0	0.0109078826641426
0	0.0144323227980622
0	0.0126197021428943
0	0.0126197021428943
0	0.0154950373345736
0	0.0126197021428943
0	0.0221554084973134
0	0.0137467631442627
0	0.0126197021428943
0	0.0126197021428943
0	0.0164966009709422
0	0.0126197021428943
0	0.0126197021428943
0	0.0126197021428943
0	0.0126197021428943
0	0.0126197021428943
0	0.0126197021428943
0	0.0126197021428943
0	0.0126197021428943
0	0.0126197021428943
0	0.0126197021428943
0	0.0137467631442627
0	0.0817119886148115
0	0.0126197021428943
0	0.0126197021428943
0	0.0126197021428943
0	0.0126197021428943
0	0.162709585355154
0	0.0126197021428943
0	0.0126197021428943
0	0.0164966009709422
0	0.0126197021428943
0	0.0126197021428943
0	0.0126197021428943
0	0.0126197021428943
0	0.0126197021428943
0	0.0144323227980622
0	0.0131090498775573
0	0.0126197021428943
0	0.0130897594986537
0	0.0126197021428943
0	0.805651875838594
0	0.0126197021428943
0	0.0126197021428943
0	0.0116855445118901
0	0.0126197021428943
0	0.0126197021428943
0	0.0126197021428943
0	0.0126197021428943
0	0.0126197021428943
0	0.0126197021428943
0	0.01939189574082
0	0.0137467631442627
0	0.0126197021428943
0	0.0150517295526275
0	0.0126197021428943
0	0.0126197021428943
0	0.0216838191633778
0	0.0154950373345736
0	0.0126197021428943
0	0.0186889128258527
0	0.0126197021428943
0	0.0128468646571032
0	0.0126197021428943
0	0.0126197021428943
0	0.0141227491002568
0	0.0126197021428943
0	0.0126197021428943
0	0.0139939259252757
0	0.0126197021428943
0	0.0126197021428943
0	0.0126197021428943
0	0.0126197021428943
0	0.0126197021428943
0	0.0126197021428943
0	0.0126197021428943
0	0.0126197021428943
0	0.0126197021428943
0	0.0126197021428943
0	0.0126197021428943
0	0.0126197021428943
0	0.0126197021428943
0	0.0126197021428943
0	0.01939189574082
0	0.0126197021428943
0	0.0409243790053179
0	0.619784195393813
0	0.0126197021428943
0	0.0126197021428943
0	0.0126197021428943
0	0.0126197021428943
0	0.0184687622098046
0	0.0126197021428943
0	0.0126197021428943
0	0.0137467631442627
0	0.0201090657180575
0	0.0130897594986537
0	0.0126197021428943
0	0.0126197021428943
0	0.0126197021428943
0	0.0126197021428943
0	0.0309647515375324
0	0.0126197021428943
0	0.0126197021428943
0	0.0290816705258747
0	0.0128468646571032
0	0.0126197021428943
0	0.0177882541900626
0	0.0177132454152111
0	0.0580245105311963
0	0.0126197021428943
0	0.0220414707826575
0	0.0126197021428943
0	0.0126197021428943
0	0.0126197021428943
0	0.0609178067777259
0	0.0177882541900626
0	0.0126197021428943
0	0.0126197021428943
0	0.0126197021428943
0	0.0949701196381955
0	0.0126197021428943
0	0.0126197021428943
0	0.0126197021428943
0	0.0126197021428943
0	0.0126197021428943
0	0.254089803618691
0	0.0389680846570405
0	0.0126197021428943
0	0.0126197021428943
0	0.0126197021428943
0	0.0126197021428943
0	0.0126197021428943
0	0.0126197021428943
0	0.0126197021428943
0	0.0126197021428943
0	0.0126197021428943
0	0.0126197021428943
0	0.0126197021428943
0	0.0126197021428943
0	0.841947975966622
0	0.0126197021428943
0	0.415939547225584
0	0.0137467631442627
0	0.0212842275404558
0	0.0154950373345736
0	0.0126197021428943
0	0.0126197021428943
0	0.01939189574082
0	0.0126197021428943
0	0.0126197021428943
0	0.0126197021428943
0	0.0126197021428943
0	0.0177882541900626
0	0.0126197021428943
0	0.0126197021428943
0	0.0274262290985617
0	0.0126197021428943
0	0.0887992892341249
0	0.0126197021428943
0	0.0126197021428943
0	0.0154950373345736
0	0.0191971825775064
0	0.0126197021428943
0	0.01049873675308
0	0.0126197021428943
0	0.0126197021428943
0	0.0126197021428943
0	0.0193678621926654
0	0.0126197021428943
0	0.0126197021428943
0	0.0126197021428943
0	0.0226880744309049
0	0.0257218875138524
0	0.0116855445118901
0	0.0126197021428943
0	0.0126197021428943
0	0.0126197021428943
0	0.0126197021428943
0	0.0880630295532766
0	0.0126197021428943
0	0.0463584673235448
0	0.0126197021428943
0	0.0126197021428943
0	0.360327792450156
0	0.0126197021428943
0	0.238488561528182
0	0.0137467631442627
0	0.0126197021428943
0	0.0231169910366869
0	0.0126197021428943
0	0.137993632348346
0	0.0141227491002568
0	0.0177882541900626
0	0.0126197021428943
0	0.0234903963594809
0	0.0126197021428943
0	0.0126197021428943
0	0.0130897594986537
0	0.0177882541900626
0	0.565368763905566
0	0.0126197021428943
0	0.0126197021428943
0	0.0126197021428943
0	0.0126197021428943
0	0.0163845389234761
0	0.0126197021428943
0	0.0306130602108118
0	0.0838059708947928
0	0.0154950373345736
0	0.0126197021428943
0	0.0126197021428943
0	0.0586604633733768
0	0.0126197021428943
0	0.0995912400591498
0	0.0126197021428943
0	0.0126197021428943
0	0.0126197021428943
0	0.0126197021428943
0	0.0128468646571032
0	0.0126197021428943
0	0.0126197021428943
0	0.0126197021428943
0	0.0126197021428943
0	0.0126197021428943
0	0.0126197021428943
0	0.0126197021428943
0	0.0126197021428943
0	0.0126197021428943
0	0.0126197021428943
0	0.0126197021428943
0	0.0185057018929944
0	0.0212842275404558
0	0.0126197021428943
0	0.0126197021428943
0	0.0126197021428943
0	0.0126197021428943
0	0.0157731308594781
0	0.0126197021428943
0	0.0164966009709422
0	0.0154950373345736
0	0.0154950373345736
0	0.414935029898901
0	0.0126197021428943
0	0.0126197021428943
0	0.0507692925903614
0	0.0177882541900626
0	0.0126197021428943
0	0.0126197021428943
0	0.0126197021428943
0	0.0126197021428943
0	0.0109078826641426
0	0.0662305051779187
0	0.0126197021428943
0	0.0126197021428943
0	0.0126197021428943
0	0.0116855445118901
0	0.0126197021428943
0	0.0126197021428943
0	0.0130897594986537
0	0.0126197021428943
0	0.00911111804988206
0	0.0137467631442627
0	0.0212842275404558
0	0.0126197021428943
0	0.0126197021428943
0	0.0126197021428943
0	0.0692123168869989
0	0.0126197021428943
0	0.0154950373345736
0	0.0126197021428943
0	0.104738089470437
0	0.0126197021428943
0	0.0126197021428943
0	0.0126197021428943
0	0.0126197021428943
0	0.0126197021428943
0	0.388451986975476
0	0.0154950373345736
0	0.0126197021428943
0	0.0126197021428943
0	0.0126197021428943
0	0.0126197021428943
0	0.0126197021428943
0	0.0255947003444346
0	0.0126197021428943
0	0.0126197021428943
0	0.0126197021428943
0	0.01939189574082
0	0.0349580853931231
0	0.0126197021428943
0	0.0126197021428943
0	0.0126197021428943
0	0.0225377804738639
0	0.0109078826641426
0	0.163926597949262
0	0.0126197021428943
0	0.126501494750294
0	0.0168510546678546
0	0.0126197021428943
0	0.0126197021428943
0	0.164927385107219
0	0.013459921129229
0	0.0126197021428943
0	0.0300613952613329
0	0.0202371633134179
0	0.0126197021428943
0	0.0261008027286576
0	0.0207133495920005
0	0.0126197021428943
0	0.0126197021428943
0	0.0126197021428943
0	0.0126197021428943
0	0.0126197021428943
0	0.0126197021428943
0	0.0126197021428943
0	0.689585394885993
0	0.0126197021428943
0	0.072584967127367
0	0.0128468646571032
0	0.0126197021428943
0	0.0126197021428943
0	0.0126197021428943
0	0.0126197021428943
0	0.0126197021428943
0	0.02492248284221
0	0.0164966009709422
0	0.0126197021428943
0	0.0126197021428943
0	0.0212842275404558
0	0.0131090498775573
0	0.0126197021428943
0	0.0173992415796931
0	0.0662101833822626
0	0.0126197021428943
0	0.0126197021428943
0	0.0141227491002568
0	0.0126197021428943
0	0.0126197021428943
0	0.0126197021428943
0	0.0126197021428943
0	0.0126197021428943
0	0.107816435999857
0	0.0126197021428943
0	0.0126197021428943
0	0.0126197021428943
0	0.0126197021428943
0	0.488196106601449
0	0.0126197021428943
0	0.0126197021428943
0	0.0164966009709422
0	0.0126197021428943
0	0.0144323227980622
0	0.0206767866609172
0	0.0126197021428943
0	0.0174084405934445
0	0.0130897594986537
0	0.0126197021428943
0	0.0130897594986537
0	0.0211108473858571
0	0.0126197021428943
0	0.0126197021428943
0	0.0126197021428943
0	0.0116855445118901
0	0.01939189574082
0	0.0126197021428943
0	0.0126197021428943
0	0.00984152204290832
0	0.0193805982328138
0	0.0126197021428943
0	0.0126197021428943
0	0.0141227491002568
0	0.0126197021428943
0	0.0530765081059721
0	0.0126197021428943
0	0.0716797326197194
0	0.0126197021428943
0	0.0126197021428943
0	0.0126197021428943
0	0.0141227491002568
0	0.0126197021428943
0	0.0930560337604299
0	0.0126197021428943
0	0.0126197021428943
0	0.0126197021428943
0	0.0126197021428943
0	0.0353961056516896
0	0.0544381953557481
0	0.0451851202546357
0	0.0126197021428943
0	0.0126197021428943
0	0.0126197021428943
0	0.0378862294171395
0	0.0605804680687151
0	0.0126197021428943
0	0.0126197021428943
0	0.0126197021428943
0	0.0126197021428943
0	0.0126197021428943
0	0.0126197021428943
0	0.0126197021428943
0	0.0295389481827361
0	0.0126197021428943
0	0.0126197021428943
0	0.0220704943994309
0	0.18661785586422
0	0.0126197021428943
0	0.0126197021428943
0	0.188474516651104
0	0.0126197021428943
0	0.0321184629521872
0	0.0126197021428943
0	0.0126197021428943
0	0.0126197021428943
0	0.0126197021428943
0	0.0126197021428943
0	0.0126197021428943
0	0.0126197021428943
0	0.01939189574082
0	0.0126197021428943
0	0.0126197021428943
0	0.592146213758829
0	0.0126197021428943
0	0.054724300169141
0	0.0126197021428943
0	0.0618119997613446
0	0.0126197021428943
0	0.11852253946607
0	0.0126197021428943
0	0.0126197021428943
0	0.0126197021428943
0	0.0126197021428943
0	0.0193644810077125
0	0.0126197021428943
0	0.0277737087074258
0	0.0116855445118901
0	0.0164339243719316
0	0.0141227491002568
0	0.0126197021428943
0	0.0126197021428943
0	0.0126197021428943
0	0.304282587798465
0	0.0126197021428943
0	0.0126197021428943
0	0.0126197021428943
0	0.017144534875624
0	0.0199176734603261
0	0.0126197021428943
0	0.0126197021428943
0	0.0211401049316103
0	0.0126197021428943
0	0.0128468646571032
0	0.0128468646571032
0	0.0126197021428943
0	0.0126197021428943
0	0.0126197021428943
0	0.0126197021428943
0	0.0126197021428943
0	0.0150517295526275
0	0.0126197021428943
0	0.0126197021428943
0	0.0277737087074258
0	0.0164966009709422
0	0.0126197021428943
0	0.013459921129229
0	0.0126197021428943
0	0.0126197021428943
0	0.0137467631442627
0	0.0126197021428943
0	0.0126197021428943
0	0.0126197021428943
0	0.813653239049971
0	0.0126197021428943
0	0.0126197021428943
0	0.0560655057435303
0	0.0126197021428943
0	0.0126197021428943
0	0.0126197021428943
0	0.0126197021428943
0	0.0126197021428943
0	0.0141227491002568
0	0.0126197021428943
0	0.0126197021428943
0	0.0552725992516934
0	0.0126197021428943
0	0.0126197021428943
0	0.0126197021428943
0	0.0126197021428943
0	0.0126197021428943
0	0.0126197021428943
0	0.0128468646571032
0	0.0126197021428943
0	0.0126197021428943
0	0.0126197021428943
0	0.0237730899809596
0	0.0126197021428943
0	0.0830980227288026
0	0.0390252901839608
0	0.0126197021428943
0	0.0126197021428943
0	0.0126197021428943
0	0.0141227491002568
0	0.0126197021428943
0	0.0126197021428943
0	0.0126197021428943
0	0.0126197021428943
0	0.0126197021428943
0	0.0126197021428943
0	0.0126197021428943
0	0.0126197021428943
0	0.0126197021428943
0	0.01939189574082
0	0.0206767866609172
0	0.212321108395974
0	0.0126197021428943
0	0.0126197021428943
0	0.0126197021428943
0	0.0126197021428943
0	0.0126197021428943
0	0.0126197021428943
0	0.0126197021428943
0	0.0126197021428943
0	0.0126197021428943
0	0.0126197021428943
0	0.0126197021428943
0	0.0126197021428943
0	0.0126197021428943
0	0.0126197021428943
0	0.0126197021428943
0	0.0126197021428943
0	0.0154950373345736
0	0.0126197021428943
0	0.0150517295526275
0	0.0417458204184417
0	0.0186889128258527
0	0.0126197021428943
0	0.0126197021428943
0	0.0126197021428943
0	0.0222299793195383
0	0.0126197021428943
0	0.0126197021428943
0	0.0126197021428943
0	0.0231744572973367
0	0.0184687622098046
0	0.0126197021428943
0	0.0126197021428943
0	0.0126197021428943
0	0.0126197021428943
0	0.0131090498775573
0	0.0126197021428943
0	0.0448833350858784
0	0.0126197021428943
0	0.0592746643055092
0	0.0126197021428943
0	0.0126197021428943
0	0.0126197021428943
0	0.0126197021428943
0	0.0184827896679898
0	0.0126197021428943
0	0.0126197021428943
0	0.0126197021428943
0	0.0128468646571032
0	0.0238317197516597
0	0.0126197021428943
0	0.0141227491002568
0	0.368708912110464
0	0.0154950373345736
0	0.0126197021428943
0	0.0126197021428943
0	0.0128468646571032
0	0.0126197021428943
0	0.0231088148904103
0	0.0120916147227536
0	0.0293645231045577
0	0.0126197021428943
0	0.0126197021428943
0	0.0126197021428943
0	0.0116855445118901
0	0.0180923593788416
0	0.0126197021428943
0	0.0126197021428943
0	0.0154950373345736
0	0.0218901701870958
0	0.0126197021428943
0	0.0177882541900626
0	0.0126197021428943
0	0.0126197021428943
0	0.0262770315748371
0	0.0126197021428943
0	0.0126197021428943
0	0.0126197021428943
0	0.0126197021428943
0	0.00911111804988206
0	0.0126197021428943
0	0.0109078826641426
0	0.0126197021428943
0	0.0170436011190583
0	0.0126197021428943
0	0.0126197021428943
0	0.0126197021428943
0	0.0126197021428943
0	0.033124316736487
0	0.0374058762753578
0	0.0126197021428943
0	0.0126197021428943
0	0.0126197021428943
0	0.0126197021428943
0	0.611947514179139
0	0.0221865933632351
0	0.0416250452738864
0	0.0126197021428943
0	0.0126197021428943
0	0.0126197021428943
0	0.0126197021428943
0	0.0126197021428943
0	0.0126197021428943
0	0.0126197021428943
0	0.0126197021428943
0	0.0126197021428943
0	0.0126197021428943
0	0.0126197021428943
0	0.0126197021428943
0	0.0126197021428943
0	0.0161477280111866
0	0.0126197021428943
0	0.02492248284221
0	0.0126197021428943
0	0.0126197021428943
0	0.0126197021428943
0	0.0126197021428943
0	0.0126197021428943
0	0.0126197021428943
0	0.0126197021428943
0	0.0126197021428943
0	0.0126197021428943
0	0.0126197021428943
0	0.0141227491002568
0	0.0126197021428943
0	0.0137467631442627
0	0.0126197021428943
0	0.041393937537901
0	0.0126197021428943
0	0.0128468646571032
0	0.0126197021428943
0	0.0126197021428943
0	0.0189881085318501
0	0.0126197021428943
0	0.0126197021428943
0	0.0126197021428943
0	0.0126197021428943
0	0.0126197021428943
0	0.0178090288331129
0	0.0126197021428943
0	0.0126197021428943
0	0.0126197021428943
0	0.0126197021428943
0	0.0142415804125489
0	0.0126197021428943
0	0.0126197021428943
0	0.0254941352024246
0	0.0126197021428943
0	0.0126197021428943
0	0.0787860484729983
0	0.0126197021428943
0	0.0126197021428943
0	0.0126197021428943
0	0.0849522131863505
0	0.0126197021428943
0	0.0126197021428943
0	0.0126197021428943
0	0.0126197021428943
0	0.0126197021428943
0	0.596527108303602
0	0.0126197021428943
0	0.0419269501683978
0	0.0515501481613572
0	0.0126197021428943
0	0.0126197021428943
0	0.0126197021428943
0	0.0126197021428943
0	0.0376659520101919
0	0.0126197021428943
0	0.0255233808468903
0	0.032029935896307
0	0.0126197021428943
0	0.0126197021428943
0	0.181154723365233
0	0.0126197021428943
0	0.0137467631442627
0	0.0126197021428943
0	0.0153085864520735
0	0.0126197021428943
0	0.0126197021428943
0	0.0290816705258747
0	0.0126197021428943
0	0.0126197021428943
0	0.0126197021428943
0	0.0126197021428943
0	0.0126197021428943
0	0.0126197021428943
0	0.0211108473858571
0	0.0246868194609885
0	0.0173345336395584
0	0.0126197021428943
0	0.0126197021428943
0	0.0126197021428943
0	0.013459921129229
0	0.0126197021428943
0	0.0638268549692409
0	0.016095842049603
0	0.0126197021428943
0	0.0128468646571032
0	0.0126197021428943
0	0.01939189574082
0	0.0150615143482014
0	0.0126197021428943
0	0.0126197021428943
0	0.0386183011008228
0	0.0154950373345736
0	0.0126197021428943
0	0.0126197021428943
0	0.0178090288331129
0	0.0126197021428943
0	0.0126197021428943
0	0.0126197021428943
0	0.0313325113429617
0	0.0126197021428943
0	0.0416948857607455
0	0.0126197021428943
0	0.0128468646571032
0	0.0268622705742841
0	0.0126197021428943
0	0.519801143900202
0	0.0126197021428943
0	0.0139674533931652
0	0.0126197021428943
0	0.0126197021428943
0	0.0126197021428943
0	0.0126197021428943
0	0.0126197021428943
0	0.0126197021428943
0	0.0131090498775573
0	0.0126197021428943
0	0.0126197021428943
0	0.0137467631442627
0	0.0178090288331129
0	0.0126197021428943
0	0.0277737087074258
0	0.0177882541900626
0	0.0126197021428943
0	0.0126197021428943
0	0.0126197021428943
0	0.0126197021428943
0	0.0126197021428943
0	0.0884585472779376
0	0.0418295245443384
0	0.0126197021428943
0	0.0174084405934445
0	0.126321621037863
0	0.0178954582272841
0	0.0126197021428943
0	0.0128468646571032
0	0.0126197021428943
0	0.0126197021428943
0	0.0126197021428943
0	0.0126197021428943
0	0.442119973589103
0	0.01939189574082
0	0.0126197021428943
0	0.0164966009709422
0	0.0177882541900626
0	0.0249331256979823
0	0.0174084405934445
0	0.0418692082905478
0	0.016255653429329
0	0.0126197021428943
0	0.0232156502795753
0	0.0126197021428943
0	0.0126197021428943
0	0.0126197021428943
0	0.0126197021428943
0	0.00911111804988206
0	0.0126197021428943
0	0.0181278874773706
0	0.0126197021428943
0	0.0126197021428943
0	0.0139901055842649
0	0.0154950373345736
0	0.0126197021428943
0	0.0126197021428943
0	0.0126197021428943
0	0.562253731847902
0	0.0126197021428943
0	0.0128468646571032
0	0.0126197021428943
0	0.0126197021428943
0	0.785051665831351
0	0.0206767866609172
0	0.0126197021428943
0	0.0126197021428943
0	0.0126197021428943
0	0.0126197021428943
0	0.0126197021428943
0	0.0126197021428943
0	0.0126197021428943
0	0.0128468646571032
0	0.0249331256979823
0	0.0126197021428943
0	0.0146479612407283
0	0.123916469082024
0	0.0126197021428943
0	0.0113879198732319
0	0.0126197021428943
0	0.0126197021428943
0	0.0126197021428943
0	0.0126197021428943
0	0.0126197021428943
0	0.0126197021428943
0	0.0126197021428943
0	0.0126197021428943
0	0.0126197021428943
0	0.0460497160132085
0	0.0126197021428943
0	0.0126197021428943
0	0.0126197021428943
0	0.0126197021428943
0	0.0126197021428943
0	0.0137467631442627
0	0.0207439492512947
0	0.0141227491002568
0	0.0126197021428943
0	0.0126197021428943
0	0.0146479612407283
0	0.0217115237206481
0	0.0126197021428943
0	0.0126197021428943
0	0.0126197021428943
0	0.0126197021428943
0	0.0126197021428943
0	0.0126197021428943
0	0.0126197021428943
0	0.0177882541900626
0	0.0126197021428943
0	0.0126197021428943
0	0.0126197021428943
0	0.0199250651042205
0	0.0126197021428943
0	0.0126197021428943
0	0.0126197021428943
0	0.0324684398796222
0	0.0126197021428943
0	0.0126197021428943
0	0.0164966009709422
0	0.0128468646571032
0	0.0283371873040573
0	0.0126197021428943
0	0.0286295773917267
0	0.0144323227980622
0	0.0126197021428943
0	0.0178090288331129
0	0.0126197021428943
0	0.0126197021428943
0	0.0126197021428943
0	0.0126197021428943
0	0.0109078826641426
0	0.0137467631442627
0	0.0126197021428943
0	0.0126197021428943
0	0.0126197021428943
0	0.0126197021428943
0	0.0126197021428943
0	0.022914994173837
0	0.0277737087074258
0	0.0126197021428943
0	0.0126197021428943
0	0.0212842275404558
0	0.0249331256979823
0	0.0231669578363645
0	0.0126197021428943
0	0.0188028486514466
0	0.0126197021428943
0	0.0126197021428943
0	0.0126197021428943
0	0.0126197021428943
0	0.0126197021428943
0	0.0126197021428943
0	0.0126197021428943
0	0.0126197021428943
0	0.0126197021428943
0	0.0141227491002568
0	0.0126197021428943
0	0.0128468646571032
0	0.0126197021428943
0	0.989484227806436
0	0.0161477280111866
0	0.0150517295526275
0	0.0126197021428943
0	0.0126197021428943
0	0.0212842275404558
0	0.0126197021428943
0	0.0126197021428943
0	0.0126197021428943
0	0.0508536616137851
0	0.0126197021428943
0	0.0126197021428943
0	0.0126197021428943
0	0.0126197021428943
0	0.0563468963938641
0	0.113434655591767
0	0.0126197021428943
0	0.0126197021428943
0	0.0126197021428943
0	0.0126197021428943
0	0.0747455062348549
0	0.0126197021428943
0	0.0126197021428943
0	0.0212842275404558
0	0.0126197021428943
0	0.0126197021428943
0	0.0144323227980622
0	0.0150615143482014
0	0.0126197021428943
0	0.0126197021428943
0	0.0126197021428943
0	0.0362094135263425
0	0.0126197021428943
0	0.0126197021428943
0	0.0126197021428943
0	0.0255947003444346
0	0.0225063319462774
0	0.0416948857607455
0	0.0126197021428943
0	0.0126197021428943
0	0.0126197021428943
0	0.0126197021428943
0	0.0154950373345736
0	0.0126197021428943
0	0.0126197021428943
0	0.0126197021428943
0	0.0126197021428943
0	0.0126197021428943
0	0.0126197021428943
0	0.0126197021428943
0	0.0126197021428943
0	0.0126197021428943
0	0.0113879198732319
0	0.0150517295526275
0	0.0126197021428943
0	0.0141227491002568
0	0.0126197021428943
0	0.0212842275404558
0	0.0126197021428943
0	0.0693503140453919
0	0.0126197021428943
0	0.0126197021428943
0	0.0126197021428943
0	0.0211108473858571
0	0.0181278874773706
0	0.0126197021428943
0	0.0126197021428943
0	0.0126197021428943
0	0.0137467631442627
0	0.0177882541900626
0	0.0126197021428943
0	0.0126197021428943
0	0.0126197021428943
0	0.0126197021428943
0	0.01939189574082
0	0.0126197021428943
0	0.0126197021428943
0	0.0126197021428943
0	0.0126197021428943
0	0.135770698000545
0	0.0126197021428943
0	0.0126197021428943
0	0.0131090498775573
0	0.0126197021428943
0	0.0126197021428943
0	0.0126197021428943
0	0.0126197021428943
0	0.0304853079827679
0	0.0126197021428943
0	0.0126197021428943
0	0.0126197021428943
0	0.0126197021428943
0	0.961529828937614
0	0.0368896116082972
0	0.0109078826641426
0	0.0126197021428943
0	0.0126197021428943
0	0.0154950373345736
0	0.0126197021428943
0	0.0137467631442627
0	0.0150517295526275
0	0.4572932375317
0	0.023861028212889
0	0.0126197021428943
0	0.0178090288331129
0	0.0126197021428943
0	0.0178090288331129
0	0.0133658044997622
0	0.0126197021428943
0	0.0126197021428943
0	0.0126197021428943
0	0.0126197021428943
0	0.0154950373345736
0	0.0245428694120607
0	0.01939189574082
0	0.0126197021428943
0	0.0126197021428943
0	0.0126197021428943
0	0.0126197021428943
0	0.0126197021428943
0	0.0128468646571032
0	0.0126197021428943
0	0.0126197021428943
0	0.0452342673656569
0	0.0126197021428943
0	0.0426514076917962
0	0.0282898436820211
0	0.0126197021428943
0	0.0126197021428943
0	0.0126197021428943
0	0.0154950373345736
0	0.0126197021428943
0	0.0126197021428943
0	0.0224838078219056
0	0.0146765522244349
0	0.0126197021428943
0	0.0126197021428943
0	0.0126197021428943
0	0.0126197021428943
0	0.0126197021428943
0	0.0350063189558846
0	0.0126197021428943
0	0.0160512404694232
0	0.0126197021428943
0	0.0126197021428943
0	0.0180923593788416
0	0.0141227491002568
0	0.0126197021428943
0	0.0176301111136801
0	0.0128468646571032
0	0.0126197021428943
0	0.0178090288331129
0	0.0126197021428943
0	0.0126197021428943
0	0.0246868194609885
0	0.0492663704238643
0	0.016095842049603
0	0.0903426257261145
0	0.0154950373345736
0	0.0126197021428943
0	0.0126197021428943
0	0.0126197021428943
0	0.0222299793195383
0	0.0126197021428943
0	0.0126197021428943
0	0.0126197021428943
0	0.0144323227980622
0	0.0154950373345736
0	0.0126197021428943
0	0.0190232200787231
0	0.0126197021428943
0	0.0126197021428943
0	0.0177882541900626
0	0.0126197021428943
0	0.032029935896307
0	0.0178090288331129
0	0.0154950373345736
0	0.0178090288331129
0	0.0126197021428943
0	0.0215114921953443
0	0.0126197021428943
0	0.0126197021428943
0	0.0128468646571032
0	0.0126197021428943
0	0.0255947003444346
0	0.0126197021428943
0	0.0126197021428943
0	0.0508761478489113
0	0.0126197021428943
0	0.0126197021428943
0	0.0128468646571032
0	0.0126197021428943
0	0.0126197021428943
0	0.0124643524841623
0	0.0126197021428943
0	0.0277737087074258
0	0.0126197021428943
0	0.0126197021428943
0	0.0144323227980622
0	0.0126197021428943
0	0.0126197021428943
0	0.0126197021428943
0	0.0126197021428943
0	0.0128468646571032
0	0.0126197021428943
0	0.0126197021428943
0	0.0400809240547284
0	0.0126197021428943
0	0.0126197021428943
0	0.039043156629631
0	0.0126197021428943
0	0.0126197021428943
0	0.0126197021428943
0	0.0180800785816887
0	0.0306141137397936
0	0.0126197021428943
0	0.0126197021428943
0	0.0126197021428943
0	0.0126197021428943
0	0.0126197021428943
0	0.0126197021428943
0	0.0128468646571032
0	0.0128468646571032
0	0.0126197021428943
0	0.0128468646571032
0	0.0126197021428943
0	0.142776368187338
0	0.0126197021428943
0	0.0154950373345736
0	0.0126197021428943
0	0.0126197021428943
0	0.0126197021428943
0	0.0126197021428943
0	0.0126197021428943
0	0.0126197021428943
0	0.0126197021428943
0	0.0126197021428943
0	0.0126197021428943
0	0.0333849080331537
0	0.0126197021428943
0	0.0860854829083587
0	0.034829017342055
0	0.0153819554663642
0	0.0126197021428943
0	0.0126197021428943
0	0.0126197021428943
0	0.0222299793195383
0	0.0126197021428943
0	0.0116855445118901
0	0.0126197021428943
0	0.0126197021428943
0	0.0126197021428943
0	0.0206767866609172
0	0.0126197021428943
0	0.016095842049603
0	0.0144323227980622
0	0.0126197021428943
0	0.0126197021428943
0	0.0126197021428943
0	0.0277737087074258
0	0.0126197021428943
0	0.0126197021428943
0	0.0126197021428943
0	0.0243107283255451
0	0.0126197021428943
0	0.0168510546678546
0	0.0126197021428943
0	0.0126197021428943
0	0.0126197021428943
0	0.0126197021428943
0	0.0126197021428943
0	0.0126197021428943
0	0.0126197021428943
0	0.0126197021428943
0	0.0126197021428943
0	0.0126197021428943
0	0.0126197021428943
0	0.01437657345684
0	0.029438753277376
0	0.0126197021428943
0	0.0199176734603261
0	0.0126197021428943
0	0.0128468646571032
0	0.0126197021428943
0	0.0222299793195383
0	0.0126197021428943
0	0.0128468646571032
0	0.0126197021428943
0	0.0178090288331129
0	0.0126197021428943
0	0.0126197021428943
0	0.0126197021428943
0	0.0126197021428943
0	0.0780676489910991
0	0.0128468646571032
0	0.0126197021428943
0	0.088627930974606
0	0.0144175090910245
0	0.01939189574082
0	0.0126197021428943
0	0.0235949797253118
0	0.0126197021428943
0	0.0126197021428943
0	0.0126197021428943
0	0.025665606223862
0	0.0126197021428943
0	0.0334964429928966
0	0.0130897594986537
0	0.0205657304245167
0	0.0126197021428943
0	0.0128468646571032
0	0.0177882541900626
0	0.0339802393025181
0	0.0126197021428943
0	0.85557151626812
0	0.0130897594986537
0	0.0126197021428943
0	0.0126197021428943
0	0.0126197021428943
0	0.0207150733714524
0	0.0126197021428943
0	0.0116855445118901
0	0.0126197021428943
0	0.0126197021428943
0	0.0126197021428943
0	0.0126197021428943
0	0.0126197021428943
0	0.0137019982254689
0	0.0178090288331129
0	0.0128468646571032
0	0.0126197021428943
0	0.0275439336913317
0	0.0126197021428943
0	0.0126197021428943
0	0.0126197021428943
0	0.0126197021428943
0	0.0126197021428943
0	0.0128468646571032
0	0.0126197021428943
0	0.0126197021428943
0	0.0126197021428943
0	0.0126197021428943
0	0.0126197021428943
0	0.0126197021428943
0	0.0126197021428943
0	0.0141227491002568
0	0.0126197021428943
0	0.0126197021428943
0	0.0126197021428943
0	0.0686922289160402
0	0.0126197021428943
0	0.0126197021428943
0	0.0126197021428943
0	0.0126197021428943
0	0.0144323227980622
0	0.0126197021428943
0	0.0126197021428943
0	0.0126197021428943
0	0.0126197021428943
0	0.0279133056336914
0	0.0126197021428943
0	0.0116855445118901
0	0.0126197021428943
