1	0.596102808253159
1	0.250012666692558
1	0.154802983417231
1	0.146094625183894
1	0.991980460108031
1	0.756578102788349
1	0.980698324606102
1	0.416665700190824
1	0.391735975997791
1	0.971178161431062
1	0.796600979502111
1	0.959817571406887
1	0.98462770320703
1	0.897240203816309
1	0.928118775382752
1	0.997934730657689
1	0.879782896665426
1	0.962727650781142
1	0.716152519026439
1	0.990272696656261
1	0.973225406981839
1	0.935137298445958
1	0.0587118676170411
1	0.853378018114729
1	0.968740163818681
1	0.975504011987084
1	0.109607554827413
1	0.871779110384636
1	0.737617935889569
1	0.209548707146193
1	0.210292740448831
1	0.982011455087219
1	0.100233349078734
1	0.274556880430631
1	0.955832497474243
1	0.164056188212278
1	0.796191173033497
1	0.878212658549037
1	0.918257145568778
1	0.0163349774956192
1	0.924467918446794
1	0.400691029682102
1	0.98778333668477
1	0.420000764703517
1	0.248393486363627
1	0.831595953698255
1	0.384194836793578
1	0.964361718763483
1	0.582342830192646
1	0.978819277470609
1	0.986572105607218
1	0.230047151248095
1	0.431285158944798
1	0.702559069931461
1	0.12084554301535
1	0.70631501191398
1	0.648453436744689
1	0.0307554639685823
1	0.0467261300857868
1	0.0730124781455428
1	0.993315963736105
1	0.858327324740987
1	0.964595704971164
1	0.730291270596936
1	0.907422939279304
1	0.34589552014291
1	0.710749560055551
1	0.991293249661109
1	0.878507179355485
1	0.928701102819373
1	0.35323940408497
1	0.520415589649587
1	0.438108310345386
1	0.537246505158805
1	0.87674687236078
1	0.927865415005887
1	0.856496431671872
1	0.0418123886938453
1	0.369850121582394
1	0.784218003788024
1	0.974385549973851
1	0.986841966599937
1	0.780309349034249
1	0.979844894698193
1	0.194437570749021
1	0.0870388349119524
1	0.948165746713536
1	0.0222586830554286
1	0.896483605725902
1	0.949923532551804
1	0.911482305183139
1	0.912478332262801
1	0.812053193511032
1	0.896891624171505
1	0.343889825693199
1	0.290399628201351
1	0.0537610162696896
1	0.122596363817415
1	0.986768214107401
1	0.251518447906955
1	0.996544318993995
1	0.927543704630303
1	0.0493718466841041
1	0.772124716963193
1	0.905804564553251
1	0.931168086883957
1	0.12080245340894
1	0.702728944922892
1	0.849090284084697
1	0.296526541822279
1	0.83706672533687
1	0.11679952989636
1	0.992105805616793
1	0.0150440587830841
1	0.946587180412918
1	0.299888834398536
1	0.357834833776377
1	0.972058823165326
1	0.954420612136922
1	0.877238820422807
1	0.390787533594408
1	0.935800144704032
1	0.964085929014041
1	0.906863319710291
1	0.415227865796036
1	0.990539973688649
1	0.705487489420323
1	0.979637548937016
1	0.996148996053061
1	0.0874132031583492
1	0.0210603437030908
1	0.974648333735772
1	0.64544193923175
1	0.993817527136659
1	0.457199853865152
1	0.958112985903033
1	0.0545709088304244
1	0.88133855187724
1	0.990714039221006
1	0.461619951235729
1	0.868548403109436
1	0.826352700687688
1	0.939057923787847
1	0.0208447687029033
1	0.842277147860012
1	0.846230391198138
1	0.179713955016487
1	0.925330734148339
1	0.104972828926512
1	0.951224606274174
1	0.962629480764225
1	0.990241576662687
1	0.371531999513277
1	0.938289583799867
1	0.781977671039654
1	0.989005739660723
1	0.977489594954406
1	0.911224375757
1	0.940813335314241
1	0.946479596225784
1	0.993258042924227
1	0.983191017032236
1	0.748967450540319
1	0.980614442362053
1	0.967209302747441
1	0.959907173647019
1	0.65495323624009
1	0.964012713655394
1	0.608103296193384
1	0.991082394433128
1	0.772149274380023
1	0.539671325109433
1	0.0209280983374366
1	0.985384633318278
1	0.981415286560369
1	0.939276780494654
1	0.659015252547098
1	0.803780796586926
1	0.312390235768511
1	0.217115677616386
1	0.548470397036149
1	0.748756424134509
1	0.921152380047242
1	0.0150440587830841
1	0.867841333813101
1	0.283419801621574
1	0.869802931224605
1	0.947961018703394
1	0.953158099501443
1	0.227274927018798
1	0.532853671018027
1	0.445855284298311
1	0.0550008072125174
1	0.976604296144906
1	0.967321539571149
1	0.915618902977167
1	0.825508221307461
1	0.717462599985541
1	0.980780021045756
1	0.766585204052551
0	0.0150440587830841
0	0.0150440587830841
0	0.0157199347990044
0	0.0150440587830841
0	0.0150440587830841
0	0.0150440587830841
0	0.0150440587830841
0	0.0150440587830841
0	0.0150440587830841
0	0.0150440587830841
0	0.0150440587830841
0	0.0224416851941965
0	0.0150440587830841
0	0.0226046150212276
0	0.0158745963996401
0	0.0706796460959168
0	0.0150440587830841
0	0.0800714571562696
0	0.0150440587830841
0	0.02987647273583
0	0.0247411261667314
0	0.0150440587830841
0	0.0150440587830841
0	0.0150440587830841
0	0.0157027532615976
0	0.0150440587830841
0	0.0150440587830841
0	0.36281539167472
0	0.0150440587830841
0	0.0166689596555725
0	0.0196969666152649
0	0.0150440587830841
0	0.0381966861872368
0	0.0150440587830841
0	0.0150440587830841
0	0.0150440587830841
0	0.0150440587830841
0	0.0150440587830841
0	0.0150440587830841
0	0.0150440587830841
0	0.0782151731696447
0	0.0341956519921367
0	0.0150440587830841
0	0.0165387260063484
0	0.0150440587830841
0	0.0150440587830841
0	0.0150440587830841
0	0.0150440587830841
0	0.0150440587830841
0	0.055901770080942
0	0.0150440587830841
0	0.0269399459266221
0	0.275270410638534
0	0.0150440587830841
0	0.0150440587830841
0	0.0150440587830841
0	0.0150440587830841
0	0.6802784341259
0	0.0150440587830841
0	0.0150440587830841
0	0.0150440587830841
0	0.898670797450951
0	0.0150440587830841
0	0.0160726963396363
0	0.0150440587830841
0	0.0150440587830841
0	0.0150440587830841
0	0.0396414324692092
0	0.0150440587830841
0	0.018086957974289
0	0.0150440587830841
0	0.0150440587830841
0	0.0150440587830841
0	0.0157027532615976
0	0.0150440587830841
0	0.0150440587830841
0	0.0150440587830841
0	0.0150440587830841
0	0.0150440587830841
0	0.0205093870868974
0	0.0205093870868974
0	0.0308535380388861
0	0.0152319548150496
0	0.043121541216266
0	0.015795208422882
0	0.0150440587830841
0	0.0150440587830841
0	0.0673503873285305
0	0.0388669312564646
0	0.018086957974289
0	0.0150440587830841
0	0.0150440587830841
0	0.0150440587830841
0	0.0446082028969536
0	0.0150440587830841
0	0.0355108058988738
0	0.0384206232676713
0	0.0150440587830841
0	0.0150440587830841
0	0.0150440587830841
0	0.0196608767321741
0	0.0150440587830841
0	0.0150440587830841
0	0.0432628857753775
0	0.087531972284829
0	0.047717811272106
0	0.0160726963396363
0	0.0206310313066798
0	0.0150440587830841
0	0.0158745963996401
0	0.018169044465852
0	0.0150440587830841
0	0.0150440587830841
0	0.0150440587830841
0	0.0150440587830841
0	0.0150440587830841
0	0.653791779208206
0	0.0150440587830841
0	0.146271275163878
0	0.0150440587830841
0	0.0150440587830841
0	0.0150440587830841
0	0.0286547252335302
0	0.0150440587830841
0	0.0150440587830841
0	0.0150440587830841
0	0.0150440587830841
0	0.0150440587830841
0	0.0270719665650935
0	0.0150440587830841
0	0.0150440587830841
0	0.0150440587830841
0	0.0150440587830841
0	0.0150440587830841
0	0.0755253239917399
0	0.0158745963996401
0	0.0150440587830841
0	0.0163349774956192
0	0.0922301433810799
0	0.842936686540992
0	0.0150440587830841
0	0.0152319548150496
0	0.0150440587830841
0	0.0150440587830841
0	0.0158745963996401
0	0.0150440587830841
0	0.0150440587830841
0	0.0150440587830841
0	0.0150440587830841
0	0.060362226286578
0	0.0150440587830841
0	0.0425700233303386
0	0.0150440587830841
0	0.0214296390554099
0	0.0150440587830841
0	0.0150440587830841
0	0.0150440587830841
0	0.0150440587830841
0	0.0150440587830841
0	0.0150440587830841
0	0.0150440587830841
0	0.0150440587830841
0	0.0150440587830841
0	0.0150440587830841
0	0.0150440587830841
0	0.0150440587830841
0	0.0150440587830841
0	0.0150440587830841
0	0.0150440587830841
0	0.0150440587830841
0	0.0339728414890552
0	0.0150440587830841
0	0.0315384975249939
0	0.0209280983374366
0	0.0190233395761299
0	0.0150440587830841
0	0.0158745963996401
0	0.0150440587830841
0	0.0224185370079674
0	0.0150440587830841
0	0.0158745963996401
0	0.0150440587830841
0	0.0150440587830841
0	0.0150440587830841
0	0.0722524331016366
0	0.0220761954589348
0	0.0150440587830841
0	0.015630344217697
0	0.0152319548150496
0	0.0313533654320927
0	0.0150440587830841
0	0.0214296390554099
0	0.0463003326239239
0	0.0150440587830841
0	0.0150440587830841
0	0.0150440587830841
0	0.0150440587830841
0	0.0150440587830841
0	0.0153589347651859
0	0.0150440587830841
0	0.0239888215704335
0	0.0150440587830841
0	0.0196969666152649
0	0.0152319548150496
0	0.0150440587830841
0	0.0150440587830841
0	0.0150440587830841
0	0.0153589347651859
0	0.0150440587830841
0	0.067389827462016
0	0.0150440587830841
0	0.0346143398548761
0	0.106662196471517
0	0.0157027532615976
0	0.0261546534181418
0	0.0355108058988738
0	0.0165495033899845
0	0.0150440587830841
0	0.0150440587830841
0	0.378106576341509
0	0.0170492156478245
0	0.015876928606608
0	0.0150440587830841
0	0.0150440587830841
0	0.0150440587830841
0	0.0150440587830841
0	0.0150440587830841
0	0.0150440587830841
0	0.0150440587830841
0	0.0185599789801167
0	0.0150440587830841
0	0.048311564887175
0	0.0150440587830841
0	0.0150440587830841
0	0.0150440587830841
0	0.0152319548150496
0	0.0150440587830841
0	0.0150440587830841
0	0.0158745963996401
0	0.0150440587830841
0	0.46943048169987
0	0.0221709795362207
0	0.0150440587830841
0	0.0240154168983982
0	0.0150440587830841
0	0.0331249001650235
0	0.0150440587830841
0	0.0150440587830841
0	0.0150440587830841
0	0.028963322350976
0	0.0150440587830841
0	0.0150440587830841
0	0.0150440587830841
0	0.0150440587830841
0	0.0150440587830841
0	0.0150440587830841
0	0.151767990971823
0	0.0150440587830841
0	0.0150440587830841
0	0.0150440587830841
0	0.308790888860921
0	0.0150440587830841
0	0.0150440587830841
0	0.0150440587830841
0	0.0150440587830841
0	0.0264155578263295
0	0.0150440587830841
0	0.0913114756736185
0	0.0150440587830841
0	0.0150440587830841
0	0.0150440587830841
0	0.0150440587830841
0	0.0271605224822746
0	0.0150440587830841
0	0.0235577425208054
0	0.0246348810021114
0	0.0150440587830841
0	0.015795208422882
0	0.0150440587830841
0	0.0150440587830841
0	0.0253502311154578
0	0.131978338963817
0	0.0150440587830841
0	0.0150440587830841
0	0.0150440587830841
0	0.0150440587830841
0	0.0150440587830841
0	0.0152319548150496
0	0.0487489352244935
0	0.0150440587830841
0	0.0150440587830841
0	0.0150440587830841
0	0.0163349774956192
0	0.0150440587830841
0	0.0150440587830841
0	0.0150440587830841
0	0.0209280983374366
0	0.0150440587830841
0	0.0150440587830841
0	0.0375028457258703
0	0.0150440587830841
0	0.0150440587830841
0	0.0163349774956192
0	0.0150440587830841
0	0.0150440587830841
0	0.0150440587830841
0	0.0150440587830841
0	0.0150440587830841
0	0.0150440587830841
0	0.0150440587830841
0	0.0170492156478245
0	0.0313533654320927
0	0.0150440587830841
0	0.0150440587830841
0	0.0427442187424915
0	0.0150440587830841
0	0.0150440587830841
0	0.0150440587830841
0	0.0150440587830841
0	0.243741413285922
0	0.0385945696453142
0	0.0150440587830841
0	0.0150440587830841
0	0.0150440587830841
0	0.0150440587830841
0	0.0150440587830841
0	0.0150440587830841
0	0.0150440587830841
0	0.0150440587830841
0	0.0150440587830841
0	0.0334736559624454
0	0.0150440587830841
0	0.0150440587830841
0	0.0240585158062012
0	0.0152319548150496
0	0.0150440587830841
0	0.0150440587830841
0	0.0150440587830841
0	0.0150440587830841
0	0.0150440587830841
0	0.0150440587830841
0	0.0150440587830841
0	0.0377826941438993
0	0.0264155578263295
0	0.0238556139942337
0	0.0150440587830841
0	0.0260102500663637
0	0.0150440587830841
0	0.0150440587830841
0	0.0150440587830841
0	0.0150440587830841
0	0.0150440587830841
0	0.0150440587830841
0	0.0150440587830841
0	0.0150440587830841
0	0.0197565282392251
0	0.0197565282392251
0	0.0419578742720926
0	0.0150440587830841
0	0.0150440587830841
0	0.0152319548150496
0	0.0150440587830841
0	0.0150440587830841
0	0.912204385353393
0	0.0150440587830841
0	0.0150440587830841
0	0.0150440587830841
0	0.0150440587830841
0	0.0150440587830841
0	0.015795208422882
0	0.0455650286648697
0	0.0150440587830841
0	0.0150440587830841
0	0.0150440587830841
0	0.0157027532615976
0	0.0205093870868974
0	0.0150440587830841
0	0.0428549578800706
0	0.0150440587830841
0	0.0150440587830841
0	0.0282421948030432
0	0.030654468876587
0	0.0913349094584973
0	0.795669396380766
0	0.0150440587830841
0	0.0150440587830841
0	0.0209280983374366
0	0.0150440587830841
0	0.152292273871206
0	0.0240582676263458
0	0.0150440587830841
0	0.0150440587830841
0	0.0150440587830841
0	0.0150440587830841
0	0.0150440587830841
0	0.0150440587830841
0	0.0284063493780806
0	0.0158745963996401
0	0.0150440587830841
0	0.0150440587830841
0	0.0150440587830841
0	0.0157027532615976
0	0.0150440587830841
0	0.0150440587830841
0	0.0237217811737469
0	0.0150440587830841
0	0.0150440587830841
0	0.0315384975249939
0	0.0150440587830841
0	0.31568102369981
0	0.0150440587830841
0	0.0150440587830841
0	0.0221709795362207
0	0.0150440587830841
0	0.0150440587830841
0	0.0150440587830841
0	0.0150440587830841
0	0.0150440587830841
0	0.0150440587830841
0	0.0191585187149226
0	0.0163349774956192
0	0.0150440587830841
0	0.0209280983374366
0	0.0150440587830841
0	0.0150440587830841
0	0.0150440587830841
0	0.0150440587830841
0	0.0205093870868974
0	0.0150440587830841
0	0.0150440587830841
0	0.0150440587830841
0	0.0150440587830841
0	0.0150440587830841
0	0.0579741216596802
0	0.018169044465852
0	0.0150440587830841
0	0.0259233707732518
0	0.0163349774956192
0	0.0150440587830841
0	0.0150440587830841
0	0.0209280983374366
0	0.0150440587830841
0	0.0150440587830841
0	0.0150440587830841
0	0.0150440587830841
0	0.0150440587830841
0	0.0150440587830841
0	0.0158987434057107
0	0.0150440587830841
0	0.0150440587830841
0	0.0150440587830841
0	0.0230629923954443
0	0.0150440587830841
0	0.0196608767321741
0	0.0359788550856376
0	0.0163349774956192
0	0.0150440587830841
0	0.0150440587830841
0	0.0150440587830841
0	0.0150440587830841
0	0.0150440587830841
0	0.0150440587830841
0	0.0150440587830841
0	0.107580327827535
0	0.0150440587830841
0	0.0150440587830841
0	0.018169044465852
0	0.0150440587830841
0	0.392522532054491
0	0.0150440587830841
0	0.0150440587830841
0	0.0384206232676713
0	0.0264155578263295
0	0.0289107548521373
0	0.0196969666152649
0	0.0196608767321741
0	0.0150440587830841
0	0.0150440587830841
0	0.0150440587830841
0	0.0150440587830841
0	0.0150440587830841
0	0.0245450187504203
0	0.0150440587830841
0	0.0150440587830841
0	0.0209280983374366
0	0.0150440587830841
0	0.0150440587830841
0	0.0150440587830841
0	0.0150440587830841
0	0.0150440587830841
0	0.0150440587830841
0	0.0150440587830841
0	0.0150440587830841
0	0.0766553627316971
0	0.0150440587830841
0	0.0150440587830841
0	0.0342330587281929
0	0.105245850230596
0	0.0150440587830841
0	0.0150440587830841
0	0.0150440587830841
0	0.015795208422882
0	0.0315384975249939
0	0.018169044465852
0	0.95476792793068
0	0.0150440587830841
0	0.018086957974289
0	0.88025387745299
0	0.0317886761768473
0	0.0150440587830841
0	0.0150440587830841
0	0.240531954430774
0	0.0150440587830841
0	0.0150440587830841
0	0.0201658570660885
0	0.0150440587830841
0	0.0150440587830841
0	0.0150440587830841
0	0.0150440587830841
0	0.0150440587830841
0	0.0150440587830841
0	0.0150440587830841
0	0.0163349774956192
0	0.0222630212042189
0	0.0150440587830841
0	0.0150440587830841
0	0.0150440587830841
0	0.0150440587830841
0	0.408701088192726
0	0.0150440587830841
0	0.0150440587830841
0	0.0150440587830841
0	0.0150440587830841
0	0.0150440587830841
0	0.0150440587830841
0	0.0150440587830841
0	0.0150440587830841
0	0.0150440587830841
0	0.0152319548150496
0	0.0150440587830841
0	0.0150440587830841
0	0.0150440587830841
0	0.0150440587830841
0	0.0231536797593873
0	0.0163349774956192
0	0.0174616786875586
0	0.0150440587830841
0	0.0150440587830841
0	0.0150440587830841
0	0.0150440587830841
0	0.0264155578263295
0	0.0150440587830841
0	0.0150440587830841
0	0.0150440587830841
0	0.0158987434057107
0	0.0150440587830841
0	0.033356740238688
0	0.0150440587830841
0	0.0150440587830841
0	0.0150440587830841
0	0.0150440587830841
0	0.155672069702923
0	0.0364155839123889
0	0.0150440587830841
0	0.0163349774956192
0	0.0150440587830841
0	0.0150440587830841
0	0.0150440587830841
0	0.0150440587830841
0	0.0205133914561835
0	0.0150440587830841
0	0.0150440587830841
0	0.0150440587830841
0	0.0209280983374366
0	0.0150440587830841
0	0.0150440587830841
0	0.0205093870868974
0	0.0150440587830841
0	0.0150440587830841
0	0.0197565282392251
0	0.0150440587830841
0	0.0163349774956192
0	0.0150440587830841
0	0.0150440587830841
0	0.0246990257841254
0	0.0150440587830841
0	0.0150440587830841
0	0.0150440587830841
0	0.24262094270063
0	0.0756407319243086
0	0.0159923337750165
0	0.0212151486731857
0	0.0546855849840046
0	0.0516097205055465
0	0.0150440587830841
0	0.0150440587830841
0	0.121161701762059
0	0.0150440587830841
0	0.0150440587830841
0	0.0150440587830841
0	0.720768249855733
0	0.0150440587830841
0	0.0150440587830841
0	0.0150440587830841
0	0.0209280983374366
0	0.0150440587830841
0	0.0150440587830841
0	0.0471003566575769
0	0.018086957974289
0	0.0150440587830841
0	0.0150440587830841
0	0.0150440587830841
0	0.0150440587830841
0	0.0150440587830841
0	0.0150440587830841
0	0.0150440587830841
0	0.112731135179196
0	0.0150440587830841
0	0.0150440587830841
0	0.364147304665918
0	0.0150440587830841
0	0.0150440587830841
0	0.0150440587830841
0	0.325863786887926
0	0.0150440587830841
0	0.0150440587830841
0	0.0154123793037363
0	0.0152319548150496
0	0.0274950056129837
0	0.0150440587830841
0	0.0150440587830841
0	0.0150440587830841
0	0.0150440587830841
0	0.0157199347990044
0	0.0205133914561835
0	0.0150440587830841
0	0.0150440587830841
0	0.0150440587830841
0	0.0150440587830841
0	0.018169044465852
0	0.0315384975249939
0	0.0150440587830841
0	0.0150440587830841
0	0.0209280983374366
0	0.0209280983374366
0	0.0150440587830841
0	0.0150440587830841
0	0.0855050888131303
0	0.0150440587830841
0	0.0150440587830841
0	0.0150440587830841
0	0.0351761496418292
0	0.0150440587830841
0	0.0150440587830841
0	0.0150440587830841
0	0.0150440587830841
0	0.0150440587830841
0	0.0205133914561835
0	0.0150440587830841
0	0.0284313216728481
0	0.0150440587830841
0	0.0152319548150496
0	0.0150440587830841
0	0.0150440587830841
0	0.0150440587830841
0	0.0150440587830841
0	0.0264155578263295
0	0.0187514943551212
0	0.0209280983374366
0	0.0150440587830841
0	0.0150440587830841
0	0.0150440587830841
0	0.0150440587830841
0	0.0150440587830841
0	0.0374454063763092
0	0.0774946208871564
0	0.0150440587830841
0	0.0208939911905291
0	0.0150440587830841
0	0.0150440587830841
0	0.0150440587830841
0	0.0150440587830841
0	0.0383956132515052
0	0.0150440587830841
0	0.0150440587830841
0	0.0152319548150496
0	0.0150440587830841
0	0.250231702292137
0	0.0150440587830841
0	0.0165495033899845
0	0.0150440587830841
0	0.0163349774956192
0	0.0150440587830841
0	0.0150440587830841
0	0.0150440587830841
0	0.0150440587830841
0	0.0150440587830841
0	0.0150440587830841
0	0.0150440587830841
0	0.0150440587830841
0	0.0150440587830841
0	0.0150440587830841
0	0.0352478922320151
0	0.015795208422882
0	0.0218935824642799
0	0.0150440587830841
0	0.0150440587830841
0	0.0150440587830841
0	0.0150440587830841
0	0.015795208422882
0	0.0150440587830841
0	0.0544704406494695
0	0.0150440587830841
0	0.0150440587830841
0	0.0150440587830841
0	0.0154123793037363
0	0.0150440587830841
0	0.250568649311441
0	0.0150440587830841
0	0.0150440587830841
0	0.0150440587830841
0	0.0150440587830841
0	0.0150440587830841
0	0.0152319548150496
0	0.0157027532615976
0	0.0191585187149226
0	0.0150440587830841
0	0.0869631745964294
0	0.0150440587830841
0	0.0157027532615976
0	0.0150440587830841
0	0.0150440587830841
0	0.0152319548150496
0	0.0150440587830841
0	0.0150440587830841
0	0.0150440587830841
0	0.0150440587830841
0	0.0150440587830841
0	0.0157027532615976
0	0.0150440587830841
0	0.319629437346801
0	0.0157027532615976
0	0.0150440587830841
0	0.0150440587830841
0	0.0150440587830841
0	0.0209280983374366
0	0.0150440587830841
0	0.0150440587830841
0	0.018169044465852
0	0.0150440587830841
0	0.0150440587830841
0	0.0150440587830841
0	0.0150440587830841
0	0.0150440587830841
0	0.0150440587830841
0	0.0150440587830841
0	0.0150440587830841
0	0.0150440587830841
0	0.0150440587830841
0	0.0150440587830841
0	0.0150440587830841
0	0.411706154429419
0	0.0150440587830841
0	0.0216381815473128
0	0.0150440587830841
0	0.0158745963996401
0	0.0150440587830841
0	0.0212151486731857
0	0.0150440587830841
0	0.0150440587830841
0	0.0150440587830841
0	0.0150440587830841
0	0.0150440587830841
0	0.0150440587830841
0	0.0150440587830841
0	0.0150440587830841
0	0.0150440587830841
0	0.0157027532615976
0	0.0315384975249939
0	0.0309715146934343
0	0.915434079071444
0	0.0150440587830841
0	0.0150440587830841
0	0.0150440587830841
0	0.0205133914561835
0	0.0201658570660885
0	0.0235306546826413
0	0.0150440587830841
0	0.0150440587830841
0	0.0150440587830841
0	0.0150440587830841
0	0.0232695693460039
0	0.0150440587830841
0	0.0150440587830841
0	0.0150440587830841
0	0.0150440587830841
0	0.0209280983374366
0	0.0150440587830841
0	0.018169044465852
0	0.0150440587830841
0	0.0150440587830841
0	0.0306311516079357
0	0.0150440587830841
0	0.0183952417477768
0	0.0150440587830841
0	0.0150440587830841
0	0.0150440587830841
0	0.0150440587830841
0	0.0294684869958378
0	0.0150440587830841
0	0.0150440587830841
0	0.102149172430898
0	0.0179651989626351
0	0.0150440587830841
0	0.0150440587830841
0	0.0150440587830841
0	0.033503529956383
0	0.0209280983374366
0	0.0150440587830841
0	0.0150440587830841
0	0.0150440587830841
0	0.0150440587830841
0	0.0150440587830841
0	0.0329306344420863
0	0.0704146237792683
0	0.257905754780125
0	0.0150440587830841
0	0.0259559316589732
0	0.0150440587830841
0	0.0150440587830841
0	0.0275064295684053
0	0.0150440587830841
0	0.0150440587830841
0	0.0150440587830841
0	0.0150440587830841
0	0.0150440587830841
0	0.0150440587830841
0	0.0150440587830841
0	0.0209280983374366
0	0.0313533654320927
0	0.0150440587830841
0	0.0150440587830841
0	0.0150440587830841
0	0.0150440587830841
0	0.0150440587830841
0	0.0150440587830841
0	0.0150440587830841
0	0.0150440587830841
0	0.0150440587830841
0	0.0150440587830841
0	0.143269881159958
0	0.0150440587830841
0	0.0150440587830841
0	0.0150440587830841
0	0.0150440587830841
0	0.0150440587830841
0	0.130153042640239
0	0.0150440587830841
0	0.0150440587830841
0	0.0150440587830841
0	0.0150440587830841
0	0.0150440587830841
0	0.363844577754684
0	0.0205093870868974
0	0.0574519224238501
0	0.0252057763548872
0	0.0150440587830841
0	0.0150440587830841
0	0.0150440587830841
0	0.0150440587830841
0	0.0150440587830841
0	0.938916995674798
0	0.0150440587830841
0	0.0196608767321741
0	0.0150440587830841
0	0.0150440587830841
0	0.0150440587830841
0	0.0163349774956192
0	0.0150440587830841
0	0.0150440587830841
0	0.0150440587830841
0	0.0218387095015548
0	0.0150440587830841
0	0.0150440587830841
0	0.015795208422882
0	0.0150440587830841
0	0.0848971746061696
0	0.0150440587830841
0	0.0205093870868974
0	0.0158745963996401
0	0.081964913929064
0	0.0158745963996401
0	0.0150440587830841
0	0.0150440587830841
0	0.0150440587830841
0	0.0150440587830841
0	0.0150440587830841
0	0.0150440587830841
0	0.0150440587830841
0	0.962691443248629
0	0.0150440587830841
0	0.015795208422882
0	0.0150440587830841
0	0.0150440587830841
0	0.0150440587830841
0	0.0253453377118503
0	0.0150440587830841
0	0.0150440587830841
0	0.0150440587830841
0	0.0150440587830841
0	0.0396674671457722
0	0.0150440587830841
0	0.0158745963996401
0	0.0221709795362207
0	0.0150440587830841
0	0.0150440587830841
0	0.0150440587830841
0	0.0150440587830841
0	0.0657118354010719
0	0.0163349774956192
0	0.0150440587830841
0	0.0150440587830841
0	0.0150440587830841
0	0.0205093870868974
0	0.0150440587830841
0	0.0150440587830841
0	0.0150440587830841
0	0.0150440587830841
0	0.0387308595591046
0	0.0150440587830841
0	0.0150440587830841
0	0.0150440587830841
0	0.0157027532615976
0	0.0150440587830841
0	0.0150440587830841
0	0.0150440587830841
0	0.0150440587830841
0	0.0150440587830841
0	0.0154123793037363
0	0.0209280983374366
0	0.0150440587830841
0	0.0150440587830841
0	0.0251063642595979
0	0.0298703834663052
0	0.0150440587830841
0	0.0253807393446363
0	0.0744046517321223
0	0.0284063493780806
0	0.0150440587830841
0	0.0150440587830841
0	0.0150440587830841
0	0.0150440587830841
0	0.0150440587830841
0	0.0158745963996401
0	0.0150440587830841
0	0.0150440587830841
0	0.0150440587830841
0	0.0150440587830841
0	0.175254973067124
0	0.0150440587830841
0	0.0186551417986876
0	0.0470196213055368
0	0.0150440587830841
0	0.0150440587830841
0	0.0158745963996401
0	0.0150440587830841
0	0.0150440587830841
0	0.0150440587830841
0	0.0150440587830841
0	0.0150440587830841
0	0.0150440587830841
0	0.0150440587830841
0	0.0150440587830841
0	0.0788851814899383
0	0.0150440587830841
0	0.78117237367529
0	0.0150440587830841
0	0.0150440587830841
0	0.0150440587830841
0	0.0150440587830841
0	0.0150440587830841
0	0.0197565282392251
0	0.0150440587830841
0	0.0150440587830841
0	0.0150440587830841
0	0.0150440587830841
0	0.0150440587830841
0	0.0150440587830841
0	0.0150440587830841
0	0.0150440587830841
0	0.0150440587830841
0	0.0150440587830841
0	0.0218935824642799
0	0.0150440587830841
0	0.0150440587830841
0	0.0150440587830841
0	0.0211879034747618
0	0.0196608767321741
0	0.0150440587830841
0	0.0158745963996401
0	0.0150440587830841
0	0.0150440587830841
0	0.0150440587830841
0	0.0150440587830841
0	0.0196608767321741
0	0.0150440587830841
0	0.611385439292879
0	0.0150440587830841
0	0.0157027532615976
0	0.0150440587830841
0	0.0150440587830841
0	0.963910658525734
0	0.0150440587830841
0	0.0150440587830841
0	0.0558569343228875
0	0.0191978057189386
0	0.0221709795362207
0	0.0150440587830841
0	0.181422047309574
0	0.0150440587830841
0	0.835122074512859
0	0.0150440587830841
0	0.0163349774956192
0	0.0150440587830841
0	0.0150440587830841
0	0.0150440587830841
0	0.122630162704626
0	0.0150440587830841
0	0.0150440587830841
0	0.0150440587830841
0	0.0150440587830841
0	0.0733210846625182
0	0.0150440587830841
0	0.0150440587830841
0	0.0150440587830841
0	0.0321079668250574
0	0.0150440587830841
0	0.0150440587830841
0	0.0156048026727041
0	0.0150440587830841
0	0.0230629923954443
0	0.0150440587830841
0	0.0150440587830841
0	0.0150440587830841
0	0.0787223099231463
0	0.0150440587830841
0	0.0150440587830841
0	0.0150440587830841
0	0.0150440587830841
0	0.0683677880198822
0	0.0150440587830841
0	0.0150440587830841
0	0.0150440587830841
0	0.0150440587830841
0	0.0150440587830841
0	0.0150440587830841
0	0.0163349774956192
0	0.0150440587830841
0	0.0233167191474017
0	0.0150440587830841
0	0.0150440587830841
0	0.048311564887175
0	0.0158987434057107
0	0.0150440587830841
0	0.0150440587830841
0	0.0150440587830841
0	0.0150440587830841
0	0.0150440587830841
0	0.0150440587830841
0	0.0150440587830841
0	0.0189619303378802
0	0.0150440587830841
0	0.0164439955408868
0	0.0191687456970493
0	0.0199183291910237
0	0.0150440587830841
0	0.106464274132239
0	0.0209280983374366
0	0.0346453718723423
0	0.0150440587830841
0	0.0232695693460039
0	0.0150440587830841
0	0.109340793885205
0	0.0177704421562908
0	0.0315391382825139
0	0.0150440587830841
0	0.0165495033899845
0	0.045116020055985
0	0.0553958085851601
0	0.0150440587830841
0	0.199303157477366
0	0.0150440587830841
0	0.0150440587830841
0	0.0150440587830841
0	0.0150440587830841
0	0.0150440587830841
0	0.0150440587830841
0	0.0150440587830841
0	0.0199141588653364
0	0.118081637730716
0	0.0150440587830841
0	0.0150440587830841
0	0.0515045534491653
0	0.0150440587830841
0	0.0150440587830841
0	0.0191585187149226
0	0.0150440587830841
0	0.018169044465852
0	0.0150440587830841
0	0.0389986159388364
0	0.0150440587830841
0	0.0709751866273244
0	0.0411327156442278
0	0.0198102821922901
0	0.0150440587830841
0	0.0150440587830841
0	0.0341956519921367
0	0.0150440587830841
0	0.0150440587830841
0	0.0150440587830841
0	0.0240154168983982
0	0.0150440587830841
0	0.0150440587830841
0	0.015795208422882
0	0.0150440587830841
0	0.0408413440302961
0	0.0215859962056893
0	0.0150440587830841
0	0.0150440587830841
0	0.0591050101282379
0	0.0150440587830841
0	0.0150440587830841
0	0.0150440587830841
0	0.0219264095659955
0	0.0150440587830841
0	0.0150440587830841
0	0.0150440587830841
0	0.0150440587830841
0	0.0150440587830841
0	0.0264155578263295
0	0.0264155578263295
0	0.0150440587830841
0	0.015795208422882
0	0.0150440587830841
0	0.424741017784455
0	0.0165495033899845
0	0.0189871107179343
0	0.0157027532615976
0	0.0348438522318103
0	0.0150440587830841
0	0.0205093870868974
0	0.0150440587830841
0	0.0150440587830841
0	0.0163349774956192
0	0.0150440587830841
0	0.0150440587830841
0	0.0150440587830841
0	0.0243284755113722
0	0.0150440587830841
0	0.0196608767321741
0	0.0150440587830841
0	0.0150440587830841
0	0.018169044465852
0	0.0150440587830841
0	0.0150440587830841
0	0.0158745963996401
0	0.0150440587830841
0	0.0150440587830841
0	0.0150440587830841
0	0.0205093870868974
0	0.0150440587830841
0	0.0150440587830841
0	0.0150440587830841
0	0.0150440587830841
0	0.0150440587830841
0	0.0150440587830841
0	0.0152319548150496
0	0.0150440587830841
0	0.0150440587830841
0	0.0150440587830841
0	0.0221709795362207
0	0.0157027532615976
0	0.0150440587830841
0	0.0150440587830841
0	0.0379577056249401
0	0.0150440587830841
0	0.0150440587830841
0	0.0150440587830841
0	0.0150440587830841
0	0.0264930527994734
0	0.0150440587830841
0	0.0183121523727696
0	0.0150440587830841
0	0.0158745963996401
0	0.0150440587830841
0	0.0150440587830841
0	0.102149172430898
0	0.0304574536359786
0	0.0150440587830841
0	0.0209280983374366
0	0.0150440587830841
0	0.0150440587830841
0	0.0150440587830841
0	0.0158745963996401
0	0.0150440587830841
0	0.0150440587830841
0	0.0150440587830841
0	0.0150440587830841
0	0.0150440587830841
0	0.0364349739289867
0	0.0150440587830841
0	0.0150440587830841
0	0.0158745963996401
0	0.0150440587830841
0	0.0150440587830841
0	0.0196608767321741
0	0.0150440587830841
0	0.449455919530764
0	0.0150440587830841
0	0.0150440587830841
0	0.0150440587830841
0	0.0150440587830841
0	0.0150440587830841
0	0.0150440587830841
0	0.015795208422882
0	0.0150440587830841
0	0.0150440587830841
0	0.0150440587830841
0	0.0150440587830841
0	0.0150440587830841
0	0.0205093870868974
0	0.0150440587830841
0	0.020139918596312
0	0.0150440587830841
0	0.0158745963996401
0	0.018086957974289
0	0.0150440587830841
0	0.0150440587830841
0	0.0150440587830841
0	0.319382954109489
0	0.0150440587830841
0	0.0150440587830841
0	0.0150440587830841
0	0.0150440587830841
0	0.0205093870868974
0	0.0157027532615976
0	0.0152319548150496
0	0.0150440587830841
0	0.0308820181483684
0	0.0150440587830841
0	0.0150440587830841
0	0.0341334947468691
0	0.0150440587830841
0	0.0150440587830841
0	0.0150440587830841
0	0.0150440587830841
0	0.188141820393375
0	0.0158745963996401
0	0.0159923337750165
0	0.0150440587830841
0	0.0150440587830841
0	0.0205133914561835
0	0.0315384975249939
0	0.0163349774956192
0	0.0150440587830841
0	0.0150440587830841
0	0.0150440587830841
0	0.245518752178014
0	0.0150440587830841
0	0.0294997850038955
0	0.0150440587830841
0	0.0150440587830841
0	0.0277264743076998
0	0.030894304729826
0	0.0150440587830841
0	0.0150440587830841
0	0.0150440587830841
0	0.0150440587830841
0	0.0150440587830841
0	0.0150440587830841
0	0.885290572816767
0	0.0163349774956192
0	0.0150440587830841
0	0.0209135574325359
0	0.0150440587830841
0	0.0150440587830841
0	0.0160726963396363
0	0.0163349774956192
0	0.0150440587830841
0	0.126773311050174
0	0.0150440587830841
0	0.0150440587830841
0	0.0269765334492434
0	0.0150440587830841
0	0.0150440587830841
0	0.0150440587830841
0	0.0150440587830841
0	0.0150440587830841
0	0.0150440587830841
0	0.0150440587830841
0	0.0150440587830841
0	0.7128821443645
0	0.0270811836637961
0	0.0150440587830841
0	0.0290254039866466
0	0.0150440587830841
0	0.0150440587830841
0	0.0150440587830841
0	0.0350774379197722
0	0.0825885519477117
0	0.0150440587830841
0	0.0150440587830841
0	0.0150440587830841
0	0.0150440587830841
0	0.0152319548150496
0	0.0150440587830841
0	0.0150440587830841
0	0.0150440587830841
0	0.0150440587830841
0	0.0150440587830841
0	0.0150440587830841
0	0.0157027532615976
0	0.0152319548150496
0	0.0150440587830841
0	0.0150440587830841
0	0.0150440587830841
0	0.0150440587830841
0	0.0150440587830841
0	0.0205093870868974
0	0.0150440587830841
0	0.0150440587830841
0	0.015795208422882
0	0.0150440587830841
0	0.0150440587830841
0	0.0150440587830841
0	0.0150440587830841
0	0.100874009528591
0	0.0150440587830841
0	0.0150440587830841
0	0.0150440587830841
0	0.0413163171292819
0	0.0157199347990044
0	0.26495589945088
0	0.0150440587830841
0	0.0820573309963132
0	0.0150440587830841
0	0.0150440587830841
0	0.0150440587830841
0	0.0150440587830841
0	0.0150440587830841
0	0.0150440587830841
0	0.0150440587830841
0	0.0150440587830841
0	0.0150440587830841
0	0.0274323770528749
0	0.0150440587830841
0	0.0150440587830841
0	0.0150440587830841
0	0.0150440587830841
0	0.0164862410161797
0	0.0150440587830841
0	0.0150440587830841
0	0.0150440587830841
0	0.0216392409476438
0	0.0150440587830841
0	0.0150440587830841
0	0.0150440587830841
0	0.0150440587830841
0	0.0163349774956192
0	0.0157027532615976
0	0.0264155578263295
0	0.0150440587830841
0	0.0150440587830841
0	0.0764655626350631
0	0.0417070462870744
0	0.0643626489061782
0	0.0150440587830841
0	0.0152319548150496
0	0.0150440587830841
0	0.0150440587830841
0	0.0150440587830841
0	0.019310435444318
0	0.0150440587830841
0	0.0150440587830841
0	0.0158745963996401
0	0.0150440587830841
0	0.0150440587830841
0	0.0150440587830841
0	0.0150440587830841
0	0.0150440587830841
0	0.0157027532615976
0	0.0150440587830841
0	0.0150440587830841
0	0.0150440587830841
0	0.0150440587830841
0	0.015795208422882
0	0.0150440587830841
0	0.0150440587830841
0	0.403151044568826
0	0.0150440587830841
0	0.0150440587830841
0	0.0685667462592217
0	0.136308244857092
0	0.0150440587830841
0	0.0150440587830841
0	0.0150440587830841
0	0.0191813104636611
0	0.0624354042429851
0	0.0158745963996401
0	0.018169044465852
0	0.155028736314406
0	0.0150440587830841
0	0.391173542549062
0	0.0150440587830841
0	0.0150440587830841
0	0.0150440587830841
0	0.0150440587830841
0	0.0150440587830841
0	0.0150440587830841
0	0.0150440587830841
0	0.0150440587830841
0	0.0150440587830841
0	0.0150440587830841
0	0.0150440587830841
0	0.0150440587830841
0	0.0150440587830841
0	0.0150440587830841
0	0.0150440587830841
0	0.0369262445019678
0	0.0150440587830841
0	0.0150440587830841
0	0.0163349774956192
0	0.0150440587830841
0	0.0150440587830841
0	0.0150440587830841
0	0.0463003326239239
0	0.0150440587830841
0	0.0624137029904502
0	0.0150440587830841
0	0.0150440587830841
0	0.0150440587830841
0	0.0252786418559081
0	0.0150440587830841
0	0.0397162420841761
0	0.0150440587830841
0	0.255426774766952
0	0.0157027532615976
0	0.0150440587830841
0	0.0150440587830841
0	0.0150440587830841
0	0.015795208422882
0	0.0150440587830841
0	0.0150440587830841
0	0.0390105802889336
0	0.0150440587830841
0	0.0150440587830841
0	0.0150440587830841
0	0.721892495371978
0	0.0205093870868974
0	0.0150440587830841
0	0.0150440587830841
0	0.0150440587830841
0	0.0150440587830841
0	0.0150440587830841
0	0.0150440587830841
0	0.0150440587830841
0	0.0150440587830841
0	0.0248706629489316
0	0.0150440587830841
0	0.0150440587830841
0	0.0199052701885201
0	0.0150440587830841
0	0.0150440587830841
0	0.0150440587830841
0	0.0962549965294259
0	0.0209280983374366
0	0.0150440587830841
0	0.0150440587830841
0	0.0150440587830841
0	0.0240582676263458
0	0.0150440587830841
0	0.0250519236192498
0	0.0150440587830841
0	0.0150440587830841
0	0.0166665130752489
0	0.0186551417986876
0	0.0150440587830841
0	0.0150440587830841
0	0.0150440587830841
0	0.0150440587830841
0	0.0196608767321741
0	0.0170492156478245
0	0.0165690437069294
0	0.0150440587830841
0	0.0150440587830841
0	0.0150440587830841
0	0.0150440587830841
0	0.0150440587830841
0	0.0150440587830841
0	0.0150440587830841
0	0.0150440587830841
0	0.0152319548150496
0	0.422430908680626
0	0.0150440587830841
0	0.0150440587830841
0	0.0150440587830841
0	0.0150440587830841
0	0.0231282654320006
0	0.90423916037442
0	0.0150440587830841
0	0.0150440587830841
0	0.0150440587830841
0	0.0152319548150496
0	0.0150440587830841
0	0.0150440587830841
0	0.517764366430528
0	0.0152319548150496
0	0.0150440587830841
0	0.0158745963996401
0	0.0158745963996401
0	0.0150440587830841
0	0.0807192135613151
0	0.0535846657869835
0	0.0511456642853474
0	0.0264155578263295
0	0.0150440587830841
0	0.0607914125863091
0	0.0209280983374366
0	0.0150440587830841
0	0.0150440587830841
0	0.0150440587830841
0	0.0150440587830841
0	0.0152319548150496
0	0.0150440587830841
0	0.0153589347651859
0	0.0150440587830841
0	0.0150440587830841
0	0.0150440587830841
0	0.0150440587830841
0	0.0150440587830841
0	0.0205133914561835
0	0.0150440587830841
0	0.0150440587830841
0	0.0189539006824933
0	0.0150440587830841
0	0.0157027532615976
0	0.0150440587830841
0	0.0150440587830841
0	0.0150440587830841
0	0.0150440587830841
0	0.0150440587830841
0	0.021531655044704
0	0.0387178112033808
0	0.0150440587830841
0	0.056216705750809
0	0.0150440587830841
0	0.0150440587830841
0	0.0432546366438773
0	0.0150440587830841
0	0.0152319548150496
0	0.0150440587830841
0	0.0150440587830841
0	0.0150440587830841
0	0.0209280983374366
0	0.0150440587830841
0	0.0158745963996401
0	0.0150440587830841
0	0.0150440587830841
0	0.0150440587830841
0	0.0150440587830841
0	0.0150440587830841
0	0.0333806906932354
0	0.0209280983374366
0	0.0150440587830841
0	0.0150440587830841
0	0.0227807301189799
0	0.0221709795362207
0	0.0150440587830841
0	0.018169044465852
0	0.0150440587830841
0	0.0150440587830841
0	0.459585975700344
0	0.0150440587830841
0	0.0150440587830841
0	0.0150440587830841
0	0.0372452175396197
0	0.0150440587830841
0	0.0150440587830841
0	0.0150440587830841
0	0.0150440587830841
0	0.0150440587830841
0	0.0261546534181418
0	0.0150440587830841
0	0.0150440587830841
0	0.0150440587830841
0	0.0167558821327343
0	0.0150440587830841
0	0.0150440587830841
0	0.0150440587830841
0	0.0240642126587685
0	0.0150440587830841
0	0.0183952417477768
0	0.0150440587830841
0	0.0150440587830841
0	0.0209280983374366
0	0.0150440587830841
0	0.0253798944556212
0	0.0150440587830841
0	0.0150440587830841
0	0.0199183291910237
0	0.0150440587830841
0	0.192391280996844
0	0.0150440587830841
0	0.0716432950992427
0	0.0150440587830841
0	0.0433040371986872
0	0.110466113757529
0	0.0202355609019693
0	0.0163349774956192
0	0.0340057658825629
0	0.0150440587830841
0	0.0150440587830841
0	0.0150440587830841
0	0.0150440587830841
0	0.0150440587830841
0	0.0150440587830841
0	0.0895110131749254
0	0.352256252846189
0	0.0150440587830841
0	0.0160726963396363
0	0.0150440587830841
0	0.0267291450958269
0	0.0150440587830841
0	0.0157199347990044
0	0.0150440587830841
0	0.0207547807772514
0	0.0150440587830841
0	0.0150440587830841
0	0.0150440587830841
0	0.0150440587830841
0	0.0150440587830841
0	0.0240311062778677
0	0.0157027532615976
0	0.0150440587830841
0	0.15785200754149
0	0.0150440587830841
0	0.0150440587830841
0	0.0150440587830841
0	0.0157027532615976
0	0.0150440587830841
0	0.0243559645760838
0	0.0209280983374366
0	0.153475398952861
0	0.0333700222870359
0	0.0150440587830841
0	0.0209280983374366
0	0.0150440587830841
0	0.0150440587830841
0	0.0150440587830841
0	0.0313533654320927
0	0.0150440587830841
0	0.0942633969925423
0	0.0150440587830841
0	0.033058846491847
0	0.0150440587830841
0	0.0150440587830841
0	0.398053040642063
0	0.0227122791108019
0	0.0150440587830841
0	0.0150440587830841
0	0.0150440587830841
0	0.0150440587830841
0	0.0150440587830841
0	0.0150440587830841
0	0.0348913222156049
0	0.0150440587830841
0	0.0163349774956192
0	0.0150440587830841
0	0.0150440587830841
0	0.0209280983374366
0	0.0270719665650935
0	0.0150440587830841
0	0.0150440587830841
0	0.0150440587830841
0	0.0163349774956192
0	0.0209280983374366
0	0.0284747564000117
0	0.0152319548150496
0	0.0457242545298632
0	0.0150440587830841
0	0.0361789739810799
0	0.0209280983374366
0	0.0486702075620375
0	0.0163349774956192
0	0.0551827896138901
0	0.0150440587830841
0	0.0150440587830841
0	0.0150440587830841
0	0.0150440587830841
0	0.0221709795362207
0	0.0150440587830841
0	0.0257538745286154
0	0.0150440587830841
0	0.0150440587830841
0	0.0150440587830841
0	0.0150440587830841
0	0.0150440587830841
0	0.052708682094406
0	0.0150440587830841
0	0.0150440587830841
0	0.0799586247985639
0	0.0150440587830841
0	0.0277264743076998
0	0.0211879034747618
0	0.0150440587830841
0	0.0150440587830841
0	0.0150440587830841
0	0.0150440587830841
0	0.0150440587830841
0	0.0150440587830841
0	0.0150440587830841
0	0.0150440587830841
0	0.0150440587830841
0	0.303238628414303
0	0.0150440587830841
0	0.0150440587830841
0	0.0150440587830841
0	0.0170492156478245
0	0.0150440587830841
0	0.0150440587830841
0	0.0150440587830841
0	0.0150440587830841
0	0.0150440587830841
0	0.0150440587830841
0	0.0150440587830841
0	0.0150440587830841
0	0.0150440587830841
0	0.0150440587830841
0	0.0150440587830841
0	0.160458983933271
0	0.015876928606608
0	0.0150440587830841
0	0.0150440587830841
0	0.0158745963996401
0	0.0150440587830841
0	0.0150440587830841
0	0.0292369276978468
0	0.0157027532615976
0	0.0205093870868974
0	0.0150440587830841
0	0.0150440587830841
0	0.0150440587830841
0	0.0150440587830841
0	0.0316731767118281
0	0.0150440587830841
0	0.0150440587830841
0	0.0150440587830841
0	0.0150440587830841
0	0.0150440587830841
0	0.0150440587830841
0	0.0150440587830841
0	0.0150440587830841
0	0.0150440587830841
0	0.0150440587830841
0	0.0150440587830841
0	0.0765919699245369
0	0.0150440587830841
0	0.0397939464005401
0	0.0163349774956192
0	0.0150440587830841
0	0.705044464388573
0	0.0150440587830841
0	0.0315384975249939
0	0.0197565282392251
0	0.0150440587830841
0	0.0157027532615976
0	0.0150440587830841
0	0.0150440587830841
0	0.0221709795362207
0	0.0197565282392251
0	0.0150440587830841
0	0.0150440587830841
0	0.018169044465852
0	0.0150440587830841
0	0.0150440587830841
0	0.0150440587830841
0	0.889492532239454
0	0.0359107548668057
0	0.0158745963996401
0	0.0387178112033808
0	0.0221709795362207
0	0.0150440587830841
0	0.0150440587830841
0	0.0150440587830841
0	0.296854684958982
0	0.0150440587830841
0	0.0150440587830841
0	0.0150440587830841
0	0.0158745963996401
0	0.0150440587830841
0	0.0150440587830841
0	0.0678188032696419
0	0.0150440587830841
0	0.0846922027406228
0	0.0150440587830841
0	0.0183952417477768
0	0.0150440587830841
0	0.0159923337750165
0	0.0150440587830841
0	0.0315384975249939
0	0.0158745963996401
0	0.0150440587830841
0	0.0150440587830841
0	0.0157027532615976
0	0.0205093870868974
0	0.0150440587830841
0	0.0150440587830841
0	0.0150440587830841
0	0.0150440587830841
0	0.0150440587830841
0	0.0150440587830841
0	0.0150440587830841
0	0.0150440587830841
0	0.0150440587830841
0	0.0150440587830841
0	0.0150440587830841
0	0.0150440587830841
0	0.0150440587830841
0	0.0150440587830841
0	0.0150440587830841
0	0.0150440587830841
0	0.0152319548150496
0	0.0150440587830841
0	0.0150440587830841
0	0.0150440587830841
0	0.0150440587830841
0	0.0150440587830841
0	0.0150440587830841
0	0.0150440587830841
0	0.0361371810106954
0	0.0333421040179246
0	0.0150440587830841
0	0.0152319548150496
0	0.0197565282392251
0	0.0150440587830841
0	0.0227807301189799
0	0.0150440587830841
0	0.0531404963521989
0	0.0150440587830841
0	0.0341956519921367
0	0.0221709795362207
0	0.0152319548150496
0	0.0150440587830841
0	0.0150440587830841
0	0.0150440587830841
0	0.0150440587830841
0	0.015795208422882
0	0.0150440587830841
0	0.0150440587830841
0	0.0209280983374366
0	0.0150440587830841
0	0.0235286745037956
0	0.0150440587830841
0	0.0150440587830841
0	0.934553159439451
0	0.022057907305005
0	0.0150440587830841
0	0.0150440587830841
0	0.0150440587830841
0	0.0150440587830841
0	0.0150440587830841
0	0.0158987434057107
0	0.0208417222102555
0	0.0150440587830841
0	0.0205133914561835
0	0.0150440587830841
0	0.0150440587830841
0	0.0150440587830841
0	0.0150440587830841
0	0.0427412018346906
0	0.0150440587830841
0	0.0150440587830841
0	0.0189619303378802
0	0.0157027532615976
0	0.0150440587830841
0	0.0150440587830841
0	0.0205093870868974
0	0.0150440587830841
0	0.0264155578263295
0	0.0261086265414449
0	0.0150440587830841
0	0.0150440587830841
0	0.0150440587830841
0	0.0157027532615976
0	0.0150440587830841
0	0.0321079668250574
0	0.0150440587830841
0	0.0256224809225664
0	0.0448554514145802
0	0.0209280983374366
0	0.0197565282392251
0	0.0150440587830841
0	0.0270719665650935
0	0.0150440587830841
0	0.0150440587830841
0	0.0150440587830841
0	0.0150440587830841
0	0.0150440587830841
0	0.0150440587830841
0	0.0150440587830841
0	0.0150440587830841
0	0.0150440587830841
0	0.0150440587830841
0	0.135095609157369
0	0.0150440587830841
0	0.0278849790633374
0	0.0150440587830841
0	0.0150440587830841
0	0.0150440587830841
0	0.0150440587830841
0	0.0150440587830841
0	0.0150440587830841
0	0.0150440587830841
0	0.0150440587830841
0	0.0150440587830841
0	0.0150440587830841
0	0.0150440587830841
0	0.0204892527294546
0	0.0150440587830841
0	0.0152319548150496
0	0.0150440587830841
0	0.0150440587830841
0	0.0150440587830841
0	0.0150440587830841
0	0.0150440587830841
0	0.0150440587830841
0	0.0150440587830841
0	0.0150440587830841
0	0.0290807912745142
0	0.685694415880736
0	0.0150440587830841
0	0.0202252231978007
0	0.0150440587830841
0	0.0150440587830841
0	0.0150440587830841
0	0.0150440587830841
0	0.0157199347990044
0	0.015795208422882
0	0.0196969666152649
0	0.015795208422882
0	0.0150440587830841
0	0.0447094554524098
0	0.0150440587830841
0	0.0150440587830841
0	0.0150440587830841
0	0.0165871571431063
0	0.0221709795362207
0	0.0150440587830841
0	0.0150440587830841
0	0.0150440587830841
0	0.0150440587830841
0	0.0150440587830841
0	0.0158987434057107
0	0.0150440587830841
0	0.0150440587830841
0	0.0150440587830841
0	0.015876928606608
0	0.0150440587830841
0	0.0150440587830841
0	0.0207547807772514
0	0.0150440587830841
0	0.0150440587830841
0	0.0365820352698947
0	0.0150440587830841
0	0.0150440587830841
0	0.0366467508602532
0	0.0150440587830841
0	0.0150440587830841
0	0.0189619303378802
0	0.0150440587830841
0	0.0150440587830841
0	0.0227122791108019
0	0.0150440587830841
0	0.0150440587830841
0	0.0150440587830841
0	0.0150440587830841
0	0.0150440587830841
0	0.0150440587830841
0	0.0150440587830841
0	0.10462497888008
0	0.0409906293899781
0	0.0150440587830841
0	0.0150440587830841
0	0.0150440587830841
0	0.0150440587830841
0	0.0157027532615976
0	0.0150440587830841
0	0.015876928606608
0	0.0150440587830841
0	0.0150440587830841
