1	0.58538526947476
1	0.679913647487582
1	0.0139836741424776
1	0.980568519748591
1	0.886806241554643
1	0.0142531870295387
1	0.94707094957084
1	0.994910096009272
1	0.939762007884928
1	0.92704271904123
1	0.433208169199569
1	0.954492358821662
1	0.580854433277286
1	0.916438181096301
1	0.83975317056126
1	0.303404757213511
1	0.981093908778401
1	0.93915349102586
1	0.0431846287109025
1	0.0142531870295387
1	0.874723342980672
1	0.898696431805307
1	0.989122389447469
1	0.900333273437104
1	0.19728704854031
1	0.946472479485273
1	0.0682489275353437
1	0.795402125518937
1	0.834095705833313
1	0.926311334941035
1	0.771376912492524
1	0.92094052750535
1	0.50578582452481
1	0.988754142937538
1	0.0372928010412062
1	0.0166718006006702
1	0.821462456951912
1	0.126338915453945
1	0.841702408354256
1	0.977230572802757
1	0.729767137857724
1	0.581613548888995
1	0.956614718433414
1	0.789710168400199
1	0.588966884106332
1	0.302648747456315
1	0.0756620679780447
1	0.856934348107726
1	0.700363327912003
1	0.10163422243643
1	0.561474514158795
1	0.864426915376401
1	0.784145164271966
1	0.844821941278345
1	0.991022601289045
1	0.115641304265711
1	0.945354335734203
1	0.690419596114415
1	0.984601101418058
1	0.153189401965253
1	0.841238326424895
1	0.878549844433276
1	0.337305363033313
1	0.324358051516165
1	0.980227947968869
1	0.936440762455892
1	0.481624718982836
1	0.967363413406103
1	0.999349527357691
1	0.823813962901545
1	0.140805539403138
1	0.941978849003263
1	0.924446093278474
1	0.708365536420759
1	0.732296951821219
1	0.813755820837396
1	0.653228528699699
1	0.978784996877679
1	0.795387446247533
1	0.82717995891788
1	0.246479670548868
1	0.823307900555384
1	0.969860367261889
1	0.0298250211137494
1	0.0146265103343087
1	0.788211172936218
1	0.979685187781866
1	0.401083072314195
1	0.955275769543367
1	0.113216335720234
1	0.825160815097234
1	0.944429969250885
1	0.926903632354213
1	0.832251447427764
1	0.761691767039732
1	0.945562420968459
1	0.958696227605792
1	0.893386308659916
1	0.972763981831622
1	0.918780969204125
1	0.841164347327038
1	0.811842463354459
1	0.962276835234079
1	0.936258242210133
1	0.481624718982836
1	0.026179350880698
1	0.944291145942548
1	0.0142531870295387
1	0.725276005899563
1	0.780124447005125
1	0.898820041221143
1	0.761794601420908
1	0.0372444857784154
1	0.60478418577141
1	0.595433708014863
1	0.880673813181103
1	0.810454811028761
1	0.0701433304000412
1	0.878773515678716
1	0.931349507211426
1	0.0247453701764948
1	0.951255449801336
1	0.833315133081572
1	0.0267078852456626
1	0.00693215534122287
1	0.696946209939147
1	0.97575902290685
1	0.804466428128025
1	0.951176909111581
1	0.635375280514765
1	0.694303439676764
1	0.966598639835926
1	0.367891557379932
1	0.0142531870295387
1	0.996240190505031
1	0.0240353423476049
1	0.679087812927122
1	0.741152806740899
1	0.986157530532491
1	0.927806259224961
1	0.0648256475569906
1	0.950540045989074
1	0.921847952402565
1	0.0184215523303002
1	0.974724179627212
1	0.0359367534702698
1	0.844467689723481
1	0.0109256432656777
1	0.890632336374826
1	0.835085249032759
1	0.975288227460341
1	0.971655458123886
1	0.094842625089698
1	0.771698425082329
1	0.706825321576274
1	0.835440050231693
1	0.59533483676033
1	0.324917889435543
1	0.934617388292419
1	0.0545763322835385
1	0.874856526439833
1	0.731059864213746
1	0.613316289886673
1	0.832809365602624
1	0.620929075501822
1	0.899053762080971
1	0.962637405268388
1	0.79460576625797
1	0.933858473374234
1	0.975092719446736
1	0.761221182369151
1	0.983387753609024
1	0.414009483569942
1	0.95477286831841
1	0.935828491297069
1	0.014352476960729
1	0.0816748704837106
1	0.0545763322835385
1	0.549726322133849
1	0.64278919184154
1	0.677847859720776
1	0.305647405348815
1	0.968164091581245
1	0.979010794816577
1	0.801957777265042
1	0.0247453701764948
1	0.398673975376126
1	0.0156564275424284
1	0.993200348308245
1	0.458099119270913
1	0.0688141454349288
1	0.929765667923517
1	0.884290795200732
1	0.331874042603873
1	0.972874352934329
1	0.826697404592817
1	0.825288389691925
1	0.903958531644677
1	0.672054445632286
1	0.968235437861402
0	0.105677328260344
0	0.0107143570867403
0	0.0466963947618994
0	0.0142531870295387
0	0.0531355731873014
0	0.0243266480438786
0	0.0254252320227532
0	0.0142531870295387
0	0.0221148827102006
0	0.0142531870295387
0	0.00571049111593816
0	0.0142531870295387
0	0.0150073623664442
0	0.0142531870295387
0	0.0142531870295387
0	0.0163949742350034
0	0.0142531870295387
0	0.00235456856782153
0	0.0196700522444919
0	0.0255756854571266
0	0.0142531870295387
0	0.0132744689440205
0	0.0332298751695741
0	0.0142531870295387
0	0.0104140919566943
0	0.0102169541298436
0	0.0142531870295387
0	0.00997174562550608
0	0.0142531870295387
0	0.0228562858422961
0	0.018346294154626
0	0.0448312100898639
0	0.0109256432656777
0	0.0109256432656777
0	0.0142531870295387
0	0.00850016717665012
0	0.0142531870295387
0	0.0110543810600406
0	0.0412964541897211
0	0.014352476960729
0	0.0243035170772212
0	0.0132685891874709
0	0.0145408622708147
0	0.025338888432623
0	0.0142531870295387
0	0.0142531870295387
0	0.0134409118462298
0	0.0125791870304444
0	0.0142531870295387
0	0.00701921217136091
0	0.0142531870295387
0	0.0142531870295387
0	0.0142531870295387
0	0.0311822075711439
0	0.0142531870295387
0	0.0159947172036237
0	0.0112227595708594
0	0.0476131044026677
0	0.0162871955143742
0	0.0142531870295387
0	0.0171181801505765
0	0.0142531870295387
0	0.0142531870295387
0	0.0280022680094241
0	0.0142531870295387
0	0.0142531870295387
0	0.0131822376949395
0	0.0142531870295387
0	0.0142531870295387
0	0.0142531870295387
0	0.0132290803099666
0	0.0142531870295387
0	0.0142531870295387
0	0.0221148827102006
0	0.0313608167179192
0	0.00711009907603423
0	0.0132290803099666
0	0.0142531870295387
0	0.00968927205611324
0	0.0142531870295387
0	0.0142531870295387
0	0.0289304889107005
0	0.0142531870295387
0	0.0346226018864164
0	0.0142531870295387
0	0.0134365018588034
0	0.0070621506219905
0	0.0142531870295387
0	0.0613966593665044
0	0.0142531870295387
0	0.0585633932347106
0	0.0265819077026033
0	0.0206490508566551
0	0.0108799899093907
0	0.0142531870295387
0	0.00936952400078045
0	0.0142531870295387
0	0.0142531870295387
0	0.0457996741544463
0	0.0271227672991368
0	0.215462951622116
0	0.0142531870295387
0	0.015547603538007
0	0.269976732585836
0	0.0142531870295387
0	0.0145011331830311
0	0.00843382270662184
0	0.0142531870295387
0	0.0114901028323728
0	0.0345275607471183
0	0.00556518346347087
0	0.0119835726906828
0	0.0575323871387242
0	0.671180537468874
0	0.0142531870295387
0	0.0119835726906828
0	0.0119835726906828
0	0.0142531870295387
0	0.0142531870295387
0	0.0142531870295387
0	0.0142531870295387
0	0.0165261862466682
0	0.0142531870295387
0	0.00997174562550608
0	0.0142531870295387
0	0.0292924354237369
0	0.0706489451588637
0	0.0142531870295387
0	0.0142531870295387
0	0.0107143570867403
0	0.0142531870295387
0	0.00693215534122287
0	0.00537851314771095
0	0.0102345604227124
0	0.0142531870295387
0	0.0142531870295387
0	0.0142531870295387
0	0.014352476960729
0	0.0165261862466682
0	0.0142531870295387
0	0.0119849071873589
0	0.0150073623664442
0	0.0145253525873271
0	0.0142531870295387
0	0.0142531870295387
0	0.0142531870295387
0	0.0142531870295387
0	0.0142531870295387
0	0.0150073623664442
0	0.0142531870295387
0	0.0142531870295387
0	0.0142531870295387
0	0.0142531870295387
0	0.0142531870295387
0	0.00997174562550608
0	0.0130891176099148
0	0.0613966593665044
0	0.0142531870295387
0	0.989912075736726
0	0.0119835726906828
0	0.0142531870295387
0	0.0142531870295387
0	0.0142531870295387
0	0.0756468019935929
0	0.0142531870295387
0	0.0323734789376161
0	0.0142531870295387
0	0.0142531870295387
0	0.0100432971910499
0	0.0142531870295387
0	0.136443500648768
0	0.0313608167179192
0	0.0930298069205394
0	0.0142531870295387
0	0.0123540359887561
0	0.0142531870295387
0	0.0139836741424776
0	0.0166671799250143
0	0.0142531870295387
0	0.0109014231278939
0	0.0133859601518779
0	0.0202232847198577
0	0.0119835726906828
0	0.00815533554123835
0	0.0206490508566551
0	0.0170768445328772
0	0.0081988938315433
0	0.0142531870295387
0	0.0124968642005614
0	0.935790663940916
0	0.617460166036856
0	0.0162251052864106
0	0.0170000871815376
0	0.0092068017352219
0	0.0261814137280837
0	0.0142531870295387
0	0.0142531870295387
0	0.0142531870295387
0	0.0142531870295387
0	0.0260980290808697
0	0.00997174562550608
0	0.0142531870295387
0	0.0142531870295387
0	0.0107143570867403
0	0.0140233913093569
0	0.0142531870295387
0	0.014352476960729
0	0.0164912337485519
0	0.0286289647860914
0	0.00684288039816699
0	0.0332298751695741
0	0.0142531870295387
0	0.0169033322716719
0	0.570293188515917
0	0.0239626923014872
0	0.0117564640052474
0	0.0142531870295387
0	0.0142531870295387
0	0.0142594967891917
0	0.0107143570867403
0	0.0214043423298953
0	0.0102427800498521
0	0.0142531870295387
0	0.0239213574181545
0	0.0142531870295387
0	0.0142531870295387
0	0.0142531870295387
0	0.0305500372234748
0	0.0280244046938291
0	0.0142531870295387
0	0.0289201065336985
0	0.0142531870295387
0	0.0142531870295387
0	0.0142531870295387
0	0.0107143570867403
0	0.0313608167179192
0	0.0545763322835385
0	0.0142531870295387
0	0.0142531870295387
0	0.00906716966397185
0	0.0142531870295387
0	0.0300524623942297
0	0.0330274354325248
0	0.0142531870295387
0	0.0313608167179192
0	0.0165261862466682
0	0.0203450924468113
0	0.0269092885679574
0	0.00812869047369795
0	0.0142531870295387
0	0.0165261862466682
0	0.0096397952362529
0	0.0181658896103671
0	0.0142531870295387
0	0.0150073623664442
0	0.0135252703239605
0	0.0196700522444919
0	0.0201941563284555
0	0.011339704506002
0	0.0142531870295387
0	0.104951467908059
0	0.0206397036307036
0	0.0142531870295387
0	0.0142531870295387
0	0.0142531870295387
0	0.00750115418629831
0	0.00997174562550608
0	0.0142531870295387
0	0.0142531870295387
0	0.0142531870295387
0	0.0142531870295387
0	0.00997617921078659
0	0.0194778366824541
0	0.0142531870295387
0	0.0142531870295387
0	0.0142531870295387
0	0.0142531870295387
0	0.0260400500935291
0	0.0159637514508867
0	0.0200691382320431
0	0.0711400836528033
0	0.0142531870295387
0	0.0142531870295387
0	0.0168396231126394
0	0.0181269667711932
0	0.0270863600989483
0	0.0142531870295387
0	0.0142531870295387
0	0.0142531870295387
0	0.0142531870295387
0	0.0142531870295387
0	0.0142531870295387
0	0.0142531870295387
0	0.0142531870295387
0	0.0142531870295387
0	0.0112227595708594
0	0.0206490508566551
0	0.0142531870295387
0	0.0142531870295387
0	0.0171891380972878
0	0.0142531870295387
0	0.0142531870295387
0	0.0142531870295387
0	0.0142531870295387
0	0.0112227595708594
0	0.0142531870295387
0	0.0142531870295387
0	0.0142531870295387
0	0.0200361006806975
0	0.0142531870295387
0	0.0174271473805074
0	0.0142531870295387
0	0.031374458826816
0	0.0142531870295387
0	0.0462617692912672
0	0.0142531870295387
0	0.312236314922507
0	0.0247453701764948
0	0.0745896944093281
0	0.00959293228058894
0	0.0142531870295387
0	0.0142531870295387
0	0.0150073623664442
0	0.0104140919566943
0	0.0412124318098274
0	0.0447438933940603
0	0.0107143570867403
0	0.0119835726906828
0	0.0149230639531255
0	0.0142594967891917
0	0.0142531870295387
0	0.0152542892715538
0	0.0192823618085017
0	0.0646073910295074
0	0.0142531870295387
0	0.0142531870295387
0	0.0142531870295387
0	0.0119835726906828
0	0.0142531870295387
0	0.0111207004653551
0	0.0112588162363937
0	0.0150073623664442
0	0.0142531870295387
0	0.0142531870295387
0	0.0164414026107829
0	0.0142531870295387
0	0.0142531870295387
0	0.0142531870295387
0	0.0142531870295387
0	0.0142531870295387
0	0.0142531870295387
0	0.0142531870295387
0	0.0150073623664442
0	0.0344861167907939
0	0.0175538512757406
0	0.0142531870295387
0	0.0142531870295387
0	0.0132685891874709
0	0.525337554406012
0	0.0161517785149194
0	0.00997174562550608
0	0.0171181801505765
0	0.0483990076544754
0	0.0152542892715538
0	0.0142531870295387
0	0.0142531870295387
0	0.0132290803099666
0	0.0142531870295387
0	0.0142531870295387
0	0.0142531870295387
0	0.0372928010412062
0	0.00986636526074762
0	0.0142531870295387
0	0.0152542892715538
0	0.0112638155616164
0	0.0142531870295387
0	0.0142531870295387
0	0.0142531870295387
0	0.0131542819168942
0	0.0142531870295387
0	0.0142531870295387
0	0.0142531870295387
0	0.00997174562550608
0	0.0142531870295387
0	0.0112373027147405
0	0.398165560236696
0	0.0142531870295387
0	0.0423810695423561
0	0.0158764306851326
0	0.0171140951851333
0	0.0142531870295387
0	0.0142531870295387
0	0.0142531870295387
0	0.0170242461158259
0	0.0142531870295387
0	0.0142531870295387
0	0.0142531870295387
0	0.0142531870295387
0	0.0142531870295387
0	0.0144311062431105
0	0.0273197223577784
0	0.0206293062550486
0	0.839435683515763
0	0.0146911377911487
0	0.012139603700729
0	0.0142531870295387
0	0.00968927205611324
0	0.0105517585869866
0	0.0142531870295387
0	0.0142531870295387
0	0.0105970802203456
0	0.0142531870295387
0	0.0142531870295387
0	0.774441683741777
0	0.0301352723969645
0	0.0204149367322741
0	0.0142531870295387
0	0.0116092138956635
0	0.0142531870295387
0	0.0142531870295387
0	0.0166673996483185
0	0.0142531870295387
0	0.0171891380972878
0	0.0112385369591623
0	0.0146193448131649
0	0.0142531870295387
0	0.0142531870295387
0	0.0142531870295387
0	0.0280848117780965
0	0.0142531870295387
0	0.0142531870295387
0	0.0241066737993743
0	0.0142531870295387
0	0.00796211215834407
0	0.0243035170772212
0	0.014352476960729
0	0.00542395697633728
0	0.0142531870295387
0	0.0142531870295387
0	0.0142531870295387
0	0.0293970433241564
0	0.0150083828155651
0	0.0118225907167535
0	0.0145862025817915
0	0.0142531870295387
0	0.0315410578958223
0	0.0119835726906828
0	0.014352476960729
0	0.0142531870295387
0	0.0127557914240771
0	0.0142531870295387
0	0.0206490508566551
0	0.0313608167179192
0	0.0142531870295387
0	0.0142531870295387
0	0.0142531870295387
0	0.021760042149753
0	0.00862105030113498
0	0.00898818546873393
0	0.00624066774254005
0	0.0142531870295387
0	0.057722153304768
0	0.0180699017245053
0	0.0142531870295387
0	0.0142531870295387
0	0.024503590622764
0	0.0142531870295387
0	0.0142531870295387
0	0.0142594967891917
0	0.0142531870295387
0	0.0142531870295387
0	0.0142531870295387
0	0.00285750624609395
0	0.0132685891874709
0	0.0282114730156053
0	0.0170000871815376
0	0.022723914348147
0	0.0142531870295387
0	0.0142531870295387
0	0.0231212436706049
0	0.0142531870295387
0	0.0247453701764948
0	0.0206490508566551
0	0.0142531870295387
0	0.0142531870295387
0	0.0201305595014227
0	0.0091378178897021
0	0.0206490508566551
0	0.0132290803099666
0	0.0142531870295387
0	0.0134654176984437
0	0.0142531870295387
0	0.0142531870295387
0	0.0279459000439009
0	0.0326807889241948
0	0.0142531870295387
0	0.0218773334207603
0	0.00997174562550608
0	0.00760343797885611
0	0.0142531870295387
0	0.0125791870304444
0	0.0142531870295387
0	0.0155057715008851
0	0.0142531870295387
0	0.0142531870295387
0	0.0460964409091245
0	0.0086296012516951
0	0.0150073623664442
0	0.0435801026081047
0	0.0142531870295387
0	0.0338519578539135
0	0.0173985094389114
0	0.0203496636010934
0	0.0384279003587694
0	0.0243035170772212
0	0.0316731754338007
0	0.0142531870295387
0	0.0891493416872063
0	0.0142531870295387
0	0.0142531870295387
0	0.0250235661918395
0	0.0142531870295387
0	0.0576667534429632
0	0.0107892647980547
0	0.0255017544156297
0	0.062651202081018
0	0.348699284478113
0	0.0142531870295387
0	0.0132685891874709
0	0.0133697133858715
0	0.0142531870295387
0	0.0142531870295387
0	0.0142531870295387
0	0.024916650572693
0	0.0142531870295387
0	0.657430937574639
0	0.0421566940890444
0	0.976338439392291
0	0.0126191938599452
0	0.0100415141864013
0	0.0142531870295387
0	0.057520295071311
0	0.0206490508566551
0	0.0142531870295387
0	0.0100415141864013
0	0.0142531870295387
0	0.0142531870295387
0	0.00128699831089336
0	0.0550524834125401
0	0.00924160180003549
0	0.00997174562550608
0	0.0142531870295387
0	0.0142531870295387
0	0.0142531870295387
0	0.0142531870295387
0	0.0142531870295387
0	0.0142531870295387
0	0.0934221631567256
0	0.0142531870295387
0	0.0142531870295387
0	0.0132290803099666
0	0.0119804754182355
0	0.0142531870295387
0	0.0142531870295387
0	0.0125381793912171
0	0.0142531870295387
0	0.0142531870295387
0	0.0229759027124659
0	0.0219630893219214
0	0.00923240642893782
0	0.0204900987014862
0	0.0142531870295387
0	0.00524614526471039
0	0.0130891176099148
0	0.0953003498694582
0	0.0173789429958562
0	0.0177548160124529
0	0.0096660331161013
0	0.0142531870295387
0	0.0140225355315233
0	0.0152785096924089
0	0.0160586932225243
0	0.00967536360195502
0	0.0184740126892499
0	0.0142531870295387
0	0.0142531870295387
0	0.0429047789922911
0	0.0107143570867403
0	0.0142531870295387
0	0.0128434054528398
0	0.0142531870295387
0	0.0142531870295387
0	0.0125806989057274
0	0.0313608167179192
0	0.0142531870295387
0	0.0142531870295387
0	0.0142531870295387
0	0.0142531870295387
0	0.0142531870295387
0	0.035355271205476
0	0.0130782715276402
0	0.0142531870295387
0	0.0170000871815376
0	0.0248253795830445
0	0.0173841553504037
0	0.0142531870295387
0	0.00980754406862969
0	0.0142531870295387
0	0.0142531870295387
0	0.0122468555473064
0	0.0247453701764948
0	0.0142531870295387
0	0.0196700522444919
0	0.0352433864188115
0	0.0142531870295387
0	0.0142531870295387
0	0.070638124960155
0	0.00595897571679154
0	0.0150073623664442
0	0.0142531870295387
0	0.0142531870295387
0	0.0142531870295387
0	0.0142531870295387
0	0.0091795803309748
0	0.0107143570867403
0	0.0142531870295387
0	0.0407655396988852
0	0.0142531870295387
0	0.035247053954108
0	0.0142531870295387
0	0.0136193360967292
0	0.0159580706923705
0	0.0142531870295387
0	0.0396326293426325
0	0.0174271473805074
0	0.0206490508566551
0	0.0410188657056964
0	0.0142531870295387
0	0.0119835726906828
0	0.0210359781890666
0	0.0192823618085017
0	0.0112227595708594
0	0.0177392160384757
0	0.0142531870295387
0	0.011339704506002
0	0.0243035170772212
0	0.0142531870295387
0	0.0171891380972878
0	0.0192823618085017
0	0.0142531870295387
0	0.0152542892715538
0	0.0119835726906828
0	0.0142531870295387
0	0.0142594967891917
0	0.0142531870295387
0	0.0142531870295387
0	0.119600628935891
0	0.0196372123838285
0	0.0142594967891917
0	0.0142531870295387
0	0.0145419585961694
0	0.0313608167179192
0	0.0142531870295387
0	0.0142531870295387
0	0.0142531870295387
0	0.00951791566674901
0	0.0142531870295387
0	0.0206490508566551
0	0.0142531870295387
0	0.0340263062942218
0	0.0142531870295387
0	0.0142531870295387
0	0.0142531870295387
0	0.0142531870295387
0	0.00941184428388476
0	0.0146976385369896
0	0.0142531870295387
0	0.0192823618085017
0	0.0197860898323596
0	0.0375922670903252
0	0.0150073623664442
0	0.00857195828592639
0	0.0142531870295387
0	0.0142531870295387
0	0.0165261862466682
0	0.0142531870295387
0	0.0142531870295387
0	0.0247453701764948
0	0.856651704558684
0	0.0150073623664442
0	0.0142531870295387
0	0.0272028374659713
0	0.0301352723969645
0	0.0369967934892405
0	0.0142531870295387
0	0.100720730402082
0	0.01594779072871
0	0.0096476262869376
0	0.0562272030780135
0	0.0227441669940246
0	0.0221148827102006
0	0.0142531870295387
0	0.0142531870295387
0	0.0186112545834987
0	0.0372575670973782
0	0.0142531870295387
0	0.00834863436169342
0	0.0206490508566551
0	0.0142531870295387
0	0.0150073623664442
0	0.0142531870295387
0	0.0220554817212656
0	0.0142531870295387
0	0.010719117273194
0	0.0142531870295387
0	0.0221148827102006
0	0.0269256416496358
0	0.0142531870295387
0	0.011694699218632
0	0.0142531870295387
0	0.0269304564493507
0	0.0333015066237021
0	0.0142531870295387
0	0.0091769764764387
0	0.017809152463058
0	0.00899311414138771
0	0.0142531870295387
0	0.0132290803099666
0	0.0142531870295387
0	0.0206490508566551
0	0.0107143570867403
0	0.0124968642005614
0	0.010457668855862
0	0.0142531870295387
0	0.0133169764718755
0	0.46537286435103
0	0.0141155444036992
0	0.0142531870295387
0	0.309884425472644
0	0.0138857010106542
0	0.0142531870295387
0	0.0107143570867403
0	0.0528277463291105
0	0.0424199092059245
0	0.0142531870295387
0	0.0142531870295387
0	0.0142531870295387
0	0.0208877093642079
0	0.0438954999195065
0	0.0142531870295387
0	0.0196700522444919
0	0.91903849517054
0	0.0119835726906828
0	0.0247453701764948
0	0.00958133572602086
0	0.0142531870295387
0	0.0102454327401728
0	0.0177819785290203
0	0.0142531870295387
0	0.0171891380972878
0	0.0142531870295387
0	0.0215185843835235
0	0.0121839387649547
0	0.0313608167179192
0	0.0142531870295387
0	0.0142531870295387
0	0.0185180682508325
0	0.0150073623664442
0	0.0151107794151815
0	0.0142531870295387
0	0.0170000871815376
0	0.00968927205611324
0	0.0139836741424776
0	0.0132290803099666
0	0.0313608167179192
0	0.0142531870295387
0	0.0119835726906828
0	0.273606045280294
0	0.0218523397034513
0	0.0170000871815376
0	0.0109650529893538
0	0.0109256432656777
0	0.0142531870295387
0	0.0142531870295387
0	0.922925162403494
0	0.0137811819517372
0	0.0142531870295387
0	0.0142531870295387
0	0.0157086478029313
0	0.0142531870295387
0	0.0179016129952063
0	0.0173985094389114
0	0.0109680256444148
0	0.0211165662027442
0	0.0125806989057274
0	0.0111941995065103
0	0.0119835726906828
0	0.0138610014577783
0	0.036456793287957
0	0.0145801036511115
0	0.0107099426784281
0	0.0145011331830311
0	0.034883530693477
0	0.0235908558435442
0	0.00555503297868031
0	0.0150073623664442
0	0.0545763322835385
0	0.0213321629960723
0	0.0128434054528398
0	0.0192998122340252
0	0.0142531870295387
0	0.821398898145387
0	0.00889119451112906
0	0.0142531870295387
0	0.0142531870295387
0	0.0142531870295387
0	0.00958133572602086
0	0.0142594967891917
0	0.0379275230682368
0	0.0142531870295387
0	0.0142531870295387
0	0.0142531870295387
0	0.0142531870295387
0	0.0194159957023216
0	0.0206490508566551
0	0.273567993723472
0	0.031621868977638
0	0.0117883150649026
0	0.0334103398785704
0	0.0142531870295387
0	0.0124072609680823
0	0.0142531870295387
0	0.0142531870295387
0	0.010719117273194
0	0.0142531870295387
0	0.66073201791266
0	0.0142531870295387
0	0.0314446840906402
0	0.423330396423285
0	0.0228562858422961
0	0.0170000871815376
0	0.0119835726906828
0	0.0142531870295387
0	0.0142531870295387
0	0.0142531870295387
0	0.0107143570867403
0	0.0142531870295387
0	0.0118162074514252
0	0.0142531870295387
0	0.0114245957670879
0	0.0142531870295387
0	0.0142531870295387
0	0.0257314572129875
0	0.0142531870295387
0	0.0197629624210454
0	0.0196700522444919
0	0.0142531870295387
0	0.0142531870295387
0	0.0142531870295387
0	0.0139825092228674
0	0.0142531870295387
0	0.0126435370455479
0	0.0180777671222874
0	0.0142531870295387
0	0.0142531870295387
0	0.0142594967891917
0	0.0142531870295387
0	0.0199383528344737
0	0.0142531870295387
0	0.0142531870295387
0	0.0142531870295387
0	0.0142531870295387
0	0.00922399205244471
0	0.0142531870295387
0	0.0372928010412062
0	0.0142531870295387
0	0.0142531870295387
0	0.0183687456097433
0	0.0142531870295387
0	0.0142531870295387
0	0.0142531870295387
0	0.0122675786865587
0	0.0142531870295387
0	0.0142531870295387
0	0.0442649845674944
0	0.0173841553504037
0	0.0109256432656777
0	0.0142531870295387
0	0.0204900987014862
0	0.0130397362942542
0	0.0142531870295387
0	0.0142531870295387
0	0.0133686098528966
0	0.0142531870295387
0	0.0142531870295387
0	0.00997174562550608
0	0.0142531870295387
0	0.0142531870295387
0	0.0142531870295387
0	0.113661786130049
0	0.0170000871815376
0	0.0142594967891917
0	0.0165261862466682
0	0.716085442564597
0	0.0210407390114416
0	0.0142531870295387
0	0.205431554300518
0	0.0142531870295387
0	0.01594779072871
0	0.0159580706923705
0	0.484994287586722
0	0.00958133572602086
0	0.0128703712170547
0	0.0142531870295387
0	0.020782584606068
0	0.0065900074491254
0	0.0142531870295387
0	0.0159785005200275
0	0.0119804754182355
0	0.0192823618085017
0	0.0168958470387777
0	0.00954782947398322
0	0.0128754921536067
0	0.0142531870295387
0	0.0122468555473064
0	0.0142531870295387
0	0.0217440279828552
0	0.0142531870295387
0	0.0173841553504037
0	0.0304477772384478
0	0.0142531870295387
0	0.0145168563817755
0	0.863650657561479
0	0.0142531870295387
0	0.0142531870295387
0	0.0301483979810958
0	0.0142293389216548
0	0.0142531870295387
0	0.0142531870295387
0	0.0635268619267402
0	0.0142531870295387
0	0.0122468555473064
0	0.0142531870295387
0	0.0142531870295387
0	0.0125791870304444
0	0.0142531870295387
0	0.0142594967891917
0	0.0142531870295387
0	0.0119491743451715
0	0.0260400500935291
0	0.123754031665457
0	0.0142531870295387
0	0.0142531870295387
0	0.0234627594180033
0	0.0142531870295387
0	0.0142531870295387
0	0.00748603102334413
0	0.0142531870295387
0	0.0142531870295387
0	0.0142531870295387
0	0.0120086321515667
0	0.0142531870295387
0	0.0142531870295387
0	0.0497080588527945
0	0.0142531870295387
0	0.0141546735371611
0	0.0296001095306695
0	0.0142594967891917
0	0.0142531870295387
0	0.0150073623664442
0	0.0142531870295387
0	0.0196700522444919
0	0.0142531870295387
0	0.0296001095306695
0	0.0128754921536067
0	0.0243141662863896
0	0.0142531870295387
0	0.0142531870295387
0	0.008977182903988
0	0.0142531870295387
0	0.012502406312937
0	0.0142531870295387
0	0.0767993870633525
0	0.0142531870295387
0	0.0148080476690206
0	0.0128754921536067
0	0.00762595184766692
0	0.0142531870295387
0	0.0218178104438539
0	0.525060321022421
0	0.0106753886013919
0	0.0134594545172738
0	0.0194583794913871
0	0.0143051945888779
0	0.0142531870295387
0	0.0119939044183498
0	0.0142531870295387
0	0.0178969696963403
0	0.0247453701764948
0	0.0171262086664849
0	0.0313608167179192
0	0.0111892307299689
0	0.017842342729317
0	0.00842990009603641
0	0.0142531870295387
0	0.0142531870295387
0	0.0142594967891917
0	0.010457668855862
0	0.0187170096845689
0	0.00824912863135355
0	0.0219630893219214
0	0.0145011331830311
0	0.0142531870295387
0	0.0152072176587477
0	0.0304186238488747
0	0.0142531870295387
0	0.0142531870295387
0	0.0193010664938951
0	0.0142531870295387
0	0.00929627525964849
0	0.0142531870295387
0	0.0142531870295387
0	0.0142531870295387
0	0.0142531870295387
0	0.00899311414138771
0	0.0142531870295387
0	0.0142531870295387
0	0.0120148629310718
0	0.0173985094389114
0	0.0142562968553775
0	0.0142531870295387
0	0.0152542892715538
0	0.0115058042208582
0	0.0196700522444919
0	0.0142531870295387
0	0.0142531870295387
0	0.0537596141641746
0	0.0228096322319732
0	0.0156665457868423
0	0.246357586232443
0	0.0154110296299785
0	0.0142531870295387
0	0.0142531870295387
0	0.0121526678676308
0	0.0142531870295387
0	0.0142531870295387
0	0.0142531870295387
0	0.0119835726906828
0	0.0270604365060805
0	0.0192259975906472
0	0.00997174562550608
0	0.0107414848218443
0	0.0231494570561697
0	0.0142531870295387
0	0.0142531870295387
0	0.0142531870295387
0	0.0142531870295387
0	0.0898436239397401
0	0.0150073623664442
0	0.0150073623664442
0	0.00873831880295148
0	0.0142531870295387
0	0.0142531870295387
0	0.17331990721435
0	0.0810522563126789
0	0.0142531870295387
0	0.0142594967891917
0	0.0541453555230309
0	0.0142531870295387
0	0.0142531870295387
0	0.0142531870295387
0	0.0142531870295387
0	0.0156805450804689
0	0.0462944549726439
0	0.0142531870295387
0	0.0173985094389114
0	0.0142531870295387
0	0.0189967298041562
0	0.0142531870295387
0	0.00731352220449535
0	0.0142531870295387
0	0.0142531870295387
0	0.0142531870295387
0	0.0142531870295387
0	0.0177797759493909
0	0.0142531870295387
0	0.0289201065336985
0	0.0142531870295387
0	0.0142531870295387
0	0.136613999365523
0	0.0142531870295387
0	0.114834815946475
0	0.0142531870295387
0	0.0173985094389114
0	0.0142531870295387
0	0.0132290803099666
0	0.0142531870295387
0	0.0112473162151855
0	0.0121839387649547
0	0.0142531870295387
0	0.0179034664961552
0	0.0142531870295387
0	0.00997174562550608
0	0.0106197072509263
0	0.0107143570867403
0	0.0115562579126375
0	0.00958133572602086
0	0.0142531870295387
0	0.0234082804515509
0	0.0425801933034702
0	0.0142531870295387
0	0.0142531870295387
0	0.0142531870295387
0	0.0142531870295387
0	0.153189401965253
0	0.0177782131267001
0	0.0313608167179192
0	0.0634944363837442
0	0.00970107584964955
0	0.107686446528313
0	0.0230479384310655
0	0.0142531870295387
0	0.0372800403794821
0	0.0142531870295387
0	0.0132685891874709
0	0.010457668855862
0	0.0313608167179192
0	0.0162509769783945
0	0.0132290803099666
0	0.0142531870295387
0	0.0142531870295387
0	0.0142531870295387
0	0.0134803335752104
0	0.0142531870295387
0	0.0170000871815376
0	0.00693215534122287
0	0.00822173062043061
0	0.0142531870295387
0	0.091981772564546
0	0.0142531870295387
0	0.0142531870295387
0	0.267433333894942
0	0.015261035349137
0	0.0142531870295387
0	0.0119835726906828
0	0.00997174562550608
0	0.422107427954156
0	0.0185661824524838
0	0.0125791870304444
0	0.0173985094389114
0	0.0572188161607851
0	0.0142531870295387
0	0.0142531870295387
0	0.0142531870295387
0	0.0142531870295387
0	0.0142531870295387
0	0.0151228623661526
0	0.0124968642005614
0	0.275209203701053
0	0.0142531870295387
0	0.0125791870304444
0	0.012575937775053
0	0.0142531870295387
0	0.0101629149878596
0	0.491685474087302
0	0.0192823618085017
0	0.0107373256141849
0	0.0142531870295387
0	0.00777813767035725
0	0.0313608167179192
0	0.0177502278966748
0	0.0142531870295387
0	0.0119835726906828
0	0.00938994624650238
0	0.019571294830632
0	0.0142531870295387
0	0.0363748067597807
0	0.0142531870295387
0	0.0142531870295387
0	0.0142531870295387
0	0.0112227595708594
0	0.0464576317614979
0	0.0175048687809062
0	0.0260400500935291
0	0.027585026722411
0	0.00724112508402886
0	0.0166177609534792
0	0.0142531870295387
0	0.0243035170772212
0	0.0192823618085017
0	0.0395799282844905
0	0.0142531870295387
0	0.0162742219503493
0	0.0142531870295387
0	0.0160586932225243
0	0.0142531870295387
0	0.0197334954706644
0	0.0116321599407833
0	0.0162351862649683
0	0.0192823618085017
0	0.0127880952035056
0	0.0142531870295387
0	0.0142531870295387
0	0.0142531870295387
0	0.0169475835491257
0	0.0162924278757397
0	0.0150073623664442
0	0.0150073623664442
0	0.0142531870295387
0	0.0247453701764948
0	0.0142531870295387
0	0.0119835726906828
0	0.0142531870295387
0	0.0107143570867403
0	0.0174271473805074
0	0.0142531870295387
0	0.0142531870295387
0	0.0196700522444919
0	0.0138265642523588
0	0.0119835726906828
0	0.0263498590986908
0	0.0142531870295387
0	0.0126191938599452
0	0.0240545665098623
0	0.0142531870295387
0	0.0142531870295387
0	0.0142531870295387
0	0.0192823618085017
0	0.0138795543249319
0	0.0152542892715538
0	0.013099790639378
0	0.02616235221652
0	0.0142531870295387
0	0.0141341600394475
0	0.0329704177430656
0	0.0142531870295387
0	0.0142531870295387
0	0.0080706735217347
0	0.0113365406868981
0	0.0142531870295387
0	0.0142531870295387
0	0.0142531870295387
0	0.0142531870295387
0	0.0107143570867403
0	0.014352476960729
0	0.0142531870295387
0	0.0205730812749157
0	0.0109090504352155
0	0.0171891380972878
0	0.0142531870295387
0	0.0142531870295387
0	0.0208442469452384
0	0.0243035170772212
0	0.0142531870295387
0	0.0124968642005614
0	0.0142531870295387
0	0.0170254206075673
0	0.0152072176587477
0	0.0142531870295387
0	0.0133686098528966
0	0.0142531870295387
0	0.0142531870295387
0	0.0172676622798073
0	0.0142531870295387
0	0.00997174562550608
0	0.214172751663758
0	0.0142531870295387
0	0.0142531870295387
0	0.0264942163613352
0	0.0142531870295387
0	0.0236319663559102
0	0.0142531870295387
0	0.0142531870295387
0	0.0196700522444919
0	0.0142531870295387
0	0.0142531870295387
0	0.0142531870295387
0	0.0128754921536067
0	0.0295218760424027
0	0.0142531870295387
0	0.0142531870295387
0	0.0133179955646951
0	0.0128754921536067
0	0.0142531870295387
0	0.0142531870295387
0	0.0403443226761668
0	0.0142531870295387
0	0.0142531870295387
0	0.0117929129584236
0	0.0134021949462716
0	0.918934898595864
0	0.0142531870295387
0	0.0207679850550393
0	0.90616449133866
0	0.0142531870295387
0	0.0142531870295387
0	0.0186671446340963
0	0.00833433886735358
0	0.0313542535392463
0	0.0196700522444919
0	0.019678712130553
0	0.0119835726906828
0	0.00997174562550608
0	0.0637085845829536
0	0.0142531870295387
0	0.0544221943135557
0	0.0142531870295387
0	0.0165261862466682
0	0.0142531870295387
0	0.0142531870295387
0	0.503872317244215
0	0.0142531870295387
0	0.0142531870295387
0	0.0117883150649026
0	0.0162011245362894
0	0.0114779211204454
0	0.0170768445328772
0	0.0446532097248299
0	0.0207679850550393
0	0.0196700522444919
0	0.00976137718006976
0	0.0150073623664442
0	0.0134015646849123
0	0.0132290803099666
0	0.0464515970491752
0	0.0142531870295387
0	0.0142531870295387
0	0.0142531870295387
0	0.0159580706923705
0	0.0142531870295387
0	0.0172481353427846
0	0.0142531870295387
0	0.0144737588185359
0	0.012192525341352
0	0.0142531870295387
0	0.0537090231129734
0	0.0142531870295387
0	0.0192823618085017
0	0.0301977423202855
0	0.0142531870295387
0	0.0202682382386051
0	0.0142531870295387
0	0.0377250110234831
0	0.0217095245603312
0	0.0475337897121309
0	0.0237344760370433
0	0.0142531870295387
0	0.0142531870295387
0	0.188347526526274
0	0.0142531870295387
0	0.0206490508566551
0	0.0243035170772212
0	0.0142531870295387
0	0.0196700522444919
0	0.0142531870295387
0	0.0157086478029313
0	0.0142531870295387
0	0.0107143570867403
0	0.0142531870295387
0	0.085177104470525
0	0.0142531870295387
0	0.0173985094389114
0	0.0825095489907184
0	0.0196700522444919
0	0.0137086423923173
0	0.0142531870295387
0	0.0152072176587477
0	0.0128754921536067
0	0.0125791870304444
0	0.0462617692912672
0	0.0260400500935291
0	0.0188939624606239
0	0.0142531870295387
0	0.0142531870295387
0	0.0112227595708594
0	0.0142531870295387
0	0.0142531870295387
0	0.0142531870295387
0	0.0363409855055487
0	0.0206490508566551
0	0.0247453701764948
0	0.0142531870295387
0	0.0171866819667475
0	0.0292264174637385
0	0.0133686098528966
0	0.0125791870304444
0	0.0158669713239253
0	0.0142531870295387
0	0.0142531870295387
0	0.0142531870295387
0	0.0133686098528966
0	0.0142531870295387
0	0.0142531870295387
0	0.0247453701764948
0	0.0142531870295387
0	0.0119835726906828
0	0.0142531870295387
0	0.0142531870295387
0	0.0142531870295387
0	0.0142531870295387
0	0.0142531870295387
0	0.0116101739055428
0	0.0142531870295387
0	0.0142531870295387
0	0.0204667607151715
0	0.0208403491117191
0	0.0113344408754578
0	0.0165261862466682
0	0.0107143570867403
0	0.0699049047217928
0	0.0142531870295387
0	0.0142531870295387
0	0.0142531870295387
0	0.506215330088879
0	0.0142531870295387
0	0.0147983348540426
0	0.0142531870295387
0	0.0145408622708147
0	0.0142531870295387
0	0.0313608167179192
0	0.0142531870295387
0	0.0211550498591052
0	0.0142531870295387
0	0.00773966921346717
0	0.0110274548490706
0	0.0152072176587477
0	0.0178495580782782
0	0.20040203563584
0	0.0359367534702698
0	0.0128754921536067
0	0.0142531870295387
0	0.0142531870295387
0	0.0271601110916651
0	0.0142531870295387
0	0.0142531870295387
0	0.0392845753417325
0	0.015261035349137
0	0.0249159028573345
0	0.0142531870295387
0	0.01416133107426
0	0.0128754921536067
0	0.010488910655352
0	0.0142531870295387
0	0.0348840717579233
0	0.0119835726906828
0	0.0142531870295387
0	0.0142531870295387
0	0.0142531870295387
0	0.0142531870295387
0	0.0142531870295387
0	0.0142531870295387
0	0.0142531870295387
0	0.00997174562550608
0	0.0410559276266469
0	0.0192259975906472
0	0.111144437303491
0	0.0142531870295387
0	0.0132290803099666
0	0.0142531870295387
0	0.0142531870295387
0	0.0142531870295387
0	0.0482949925116522
0	0.0313312570729717
0	0.609616606661221
0	0.0233958540791
0	0.0142531870295387
0	0.0142531870295387
0	0.353608384326695
0	0.0142531870295387
0	0.0142531870295387
0	0.0142531870295387
0	0.0107143570867403
0	0.0142531870295387
0	0.0142531870295387
0	0.0142531870295387
0	0.0142531870295387
0	0.0121839387649547
0	0.048547430686906
0	0.0142531870295387
0	0.0142531870295387
0	0.0163245716920836
0	0.0096397952362529
0	0.0174477109854499
0	0.0142531870295387
0	0.0645427353661573
0	0.0158350646717636
0	0.0150073623664442
0	0.0107143570867403
0	0.0150073623664442
0	0.0142531870295387
0	0.0142531870295387
0	0.0107143570867403
0	0.0142531870295387
0	0.0896542298606355
0	0.0142531870295387
0	0.0183521104492033
0	0.00997174562550608
0	0.0142531870295387
0	0.0201884365589738
0	0.0142531870295387
0	0.0142531870295387
0	0.0100036588189708
0	0.0132290803099666
0	0.0142531870295387
0	0.020791955604328
0	0.0142531870295387
0	0.0142531870295387
0	0.0142531870295387
0	0.0142531870295387
0	0.0142531870295387
0	0.0427078278272797
0	0.0142531870295387
0	0.0142531870295387
0	0.0142531870295387
0	0.0159580706923705
0	0.0142531870295387
0	0.0153678104870215
0	0.0142531870295387
0	0.0372945280086073
0	0.0165261862466682
0	0.0142531870295387
0	0.0132290803099666
0	0.014352476960729
0	0.0242163341860494
0	0.00788853559896028
0	0.0142531870295387
0	0.0247453701764948
0	0.0142531870295387
0	0.0117883150649026
0	0.0134120066480081
0	0.0142531870295387
0	0.0170000871815376
0	0.00937358421955961
0	0.0142531870295387
0	0.0333412378427279
0	0.0107143570867403
0	0.608962422712238
0	0.00787588609065369
0	0.00792271682039064
0	0.0128434054528398
0	0.0162251052864106
0	0.0142531870295387
0	0.0142531870295387
0	0.0107397346389252
0	0.0138509757159425
0	0.0142531870295387
0	0.0142531870295387
0	0.00849048535784577
0	0.0201747077877676
0	0.0192823618085017
0	0.0124968642005614
0	0.0142531870295387
0	0.0142531870295387
0	0.039703773581264
0	0.0412318384249919
0	0.0149623895797894
0	0.0142531870295387
0	0.0142531870295387
0	0.00912438909085699
0	0.0142531870295387
0	0.0142531870295387
0	0.0171891380972878
0	0.0119835726906828
0	0.0142531870295387
0	0.281355312358404
0	0.0142531870295387
0	0.0150869741067151
0	0.0128753415487308
0	0.0142531870295387
0	0.0142531870295387
0	0.024503590622764
0	0.0145011331830311
0	0.0142531870295387
0	0.0103583115879397
0	0.0142531870295387
0	0.363141629759145
0	0.0142531870295387
0	0.0142531870295387
0	0.0142531870295387
0	0.0142531870295387
0	0.0127623840198132
0	0.0142531870295387
0	0.0188322728841948
0	0.00958133572602086
0	0.0142531870295387
0	0.0107143570867403
0	0.0142531870295387
0	0.615882346485272
0	0.0142495116131075
0	0.0117883150649026
0	0.0116062122433361
0	0.0142531870295387
0	0.0180155924974278
0	0.0107143570867403
0	0.0142531870295387
0	0.0142531870295387
0	0.0247453701764948
0	0.0119378143076449
0	0.0280024377517889
0	0.0128092629483088
0	0.0132290803099666
0	0.0157352314049897
0	0.0136391046903314
0	0.0170000871815376
0	0.0100283381547823
0	0.0138571110830162
0	0.0206490508566551
0	0.0343950141854615
0	0.0142725464021703
0	0.0150073623664442
0	0.0142531870295387
0	0.0653442491242364
0	0.0150073623664442
0	0.0142531870295387
0	0.0142531870295387
0	0.0146233755611002
0	0.019893825110738
0	0.0142531870295387
0	0.0142531870295387
0	0.0240961834806727
0	0.0142531870295387
0	0.0142531870295387
0	0.0145891793719168
0	0.344333577475165
0	0.0119835726906828
0	0.0244631466272732
0	0.0791085574579897
0	0.0142531870295387
0	0.00387051893341851
0	0.0152542892715538
0	0.259778799407482
0	0.0142531870295387
0	0.0142531870295387
0	0.0142531870295387
0	0.0133584920751358
0	0.0142531870295387
0	0.0328833329756152
0	0.0101459791030982
0	0.0142531870295387
0	0.0142531870295387
0	0.0142531870295387
0	0.0142531870295387
0	0.0109256432656777
0	0.0219630893219214
0	0.0142531870295387
0	0.0142531870295387
0	0.0288186665294732
0	0.0172949795851987
0	0.0125794660371358
0	0.0142531870295387
0	0.0195096028737507
0	0.0152542892715538
0	0.0206490508566551
0	0.00832830568967546
0	0.0132290803099666
0	0.0119835726906828
0	0.0132685891874709
0	0.0142531870295387
0	0.0342723563030687
0	0.0290432883071949
0	0.0142531870295387
0	0.0102259020613828
0	0.0568235782786896
0	0.0196160537207643
0	0.019694542114327
0	0.00601797561913826
0	0.00822306717563724
0	0.0286429708679305
0	0.0189698709273008
0	0.00786824375410929
0	0.0395348122722569
0	0.0142531870295387
0	0.0173631664412607
0	0.0192908543696774
0	0.0142531870295387
0	0.00914559899820154
0	0.0142531870295387
0	0.0236727522425602
0	0.0142531870295387
0	0.0142531870295387
0	0.0137876372080361
0	0.0131512116034204
0	0.0142531870295387
0	0.00922399205244471
0	0.0196700522444919
0	0.0142531870295387
0	0.0192259975906472
0	0.0107143570867403
0	0.0142531870295387
0	0.0142531870295387
0	0.0168763798257455
0	0.0169724045251154
0	0.0119835726906828
0	0.0142531870295387
0	0.0418416925233534
0	0.0142531870295387
0	0.0110104073929493
0	0.187752696487738
0	0.0313608167179192
0	0.0142531870295387
0	0.0150073623664442
0	0.0831329646665233
0	0.0149959017935278
0	0.0142994136965589
0	0.0152542892715538
0	0.0142531870295387
0	0.0142531870295387
0	0.0258624400201562
0	0.019665007866924
0	0.0142531870295387
0	0.022273891474465
0	0.0142531870295387
0	0.021820332563641
0	0.0128754921536067
0	0.0142594967891917
0	0.0142531870295387
0	0.0142531870295387
0	0.0142531870295387
0	0.0142531870295387
0	0.0142531870295387
0	0.0264401273863603
0	0.0142531870295387
0	0.0119835726906828
0	0.0474489264087933
0	0.0142531870295387
0	0.0153164604352343
0	0.0112227595708594
0	0.0121992241902576
0	0.0301818076676756
0	0.0202275912540684
0	0.00968927205611324
0	0.0278711704457616
0	0.018912314085223
0	0.0389201096973678
0	0.0171891380972878
0	0.0150073623664442
0	0.0215509774951526
0	0.00575461364774709
0	0.0132290803099666
0	0.0142531870295387
0	0.0142531870295387
0	0.0109652965920863
0	0.012260148495037
0	0.0142531870295387
0	0.0142531870295387
0	0.0142531870295387
0	0.0142531870295387
0	0.0142531870295387
0	0.372734136357877
0	0.00859532859892091
0	0.0142531870295387
0	0.00585681011088249
0	0.168590878753923
0	0.0204900987014862
0	0.0405570998798763
0	0.104160720216771
0	0.0327381972152216
0	0.0142531870295387
0	0.0192259975906472
0	0.09442183890229
0	0.0119835726906828
0	0.0142531870295387
0	0.0126191938599452
0	0.0115929556787922
0	0.0249619084607167
0	0.0124968642005614
0	0.0086724951049655
0	0.233295791622839
0	0.0142531870295387
0	0.0142531870295387
0	0.0142531870295387
0	0.00967536360195502
0	0.0142531870295387
0	0.0142531870295387
0	0.0142531870295387
0	0.0142531870295387
0	0.0142531870295387
0	0.0142531870295387
0	0.0349246404991747
0	0.0142531870295387
0	0.0860873713529763
0	0.0142531870295387
0	0.0142531870295387
0	0.0142531870295387
0	0.0593977573242733
0	0.0142531870295387
0	0.0155060398194747
0	0.0124968642005614
0	0.0148808527224226
0	0.0142531870295387
0	0.0159580706923705
0	0.0211856256905425
0	0.0142531870295387
0	0.0142531870295387
0	0.0142531870295387
0	0.0142531870295387
0	0.010457668855862
0	0.0142531870295387
0	0.0407324703417449
0	0.0395465400254395
0	0.011941587005366
0	0.0142531870295387
0	0.0181269667711932
0	0.0142531870295387
0	0.0152072176587477
0	0.0374875347268131
0	0.0119835726906828
0	0.0142531870295387
0	0.0142531870295387
0	0.0424976479134128
0	0.0133584920751358
0	0.0152542892715538
0	0.0142531870295387
0	0.0142531870295387
0	0.0056436971087021
0	0.0142531870295387
0	0.0146233755611002
0	0.0142531870295387
0	0.0247219124334647
0	0.884324098576268
0	0.0121687033502767
0	0.0142594967891917
0	0.0142531870295387
0	0.0142531870295387
0	0.0160969894511447
0	0.0173985094389114
0	0.0142531870295387
0	0.0116026143983956
0	0.0142531870295387
0	0.00997174562550608
0	0.0313608167179192
0	0.0107143570867403
0	0.0150073623664442
0	0.0142531870295387
0	0.0150073623664442
0	0.728553339742611
0	0.00933253125216667
0	0.0142531870295387
0	0.0142531870295387
0	0.0142531870295387
0	0.0152139432409319
0	0.0500489109917609
0	0.0142531870295387
0	0.0101685380949713
0	0.0142531870295387
0	0.0107143570867403
0	0.0142531870295387
0	0.331612272967918
0	0.0142531870295387
0	0.0142531870295387
0	0.0142531870295387
0	0.0142531870295387
0	0.865530800034516
0	0.00993877052147599
0	0.0112227595708594
0	0.0142531870295387
0	0.0206490508566551
0	0.0142015324633193
0	0.144375097334236
0	0.0145259940952605
0	0.0165334853657904
0	0.0685342740102892
0	0.0142531870295387
0	0.0177782131267001
0	0.0142531870295387
0	0.033803498370117
0	0.0109256432656777
0	0.0142531870295387
0	0.0120672456809613
0	0.0142531870295387
0	0.0142531870295387
0	0.0101459791030982
0	0.0142531870295387
0	0.0119835726906828
0	0.0170000871815376
0	0.0106422938382002
0	0.0128754921536067
0	0.0372444857784154
0	0.0142531870295387
0	0.0142531870295387
0	0.0150073623664442
0	0.014352476960729
0	0.0142531870295387
0	0.00820263663533339
0	0.0128754921536067
0	0.0145253525873271
0	0.0165261862466682
0	0.00727837496160358
0	0.0142531870295387
0	0.0133686098528966
0	0.0168793537535144
0	0.0292391591252486
0	0.0171470404074153
0	0.0142531870295387
0	0.0274993431329584
0	0.0115974664647026
0	0.0101381651641731
0	0.011988889932038
0	0.0142531870295387
0	0.0379749662382349
0	0.0142531870295387
0	0.00791910307128331
0	0.0186771106114058
0	0.0383880966171042
0	0.0142531870295387
0	0.0142531870295387
0	0.0142531870295387
0	0.0142531870295387
0	0.0142531870295387
0	0.0204667607151715
0	0.0142531870295387
0	0.5530335308743
0	0.0313608167179192
0	0.0142531870295387
0	0.0037308439584199
0	0.0109256432656777
0	0.0204878163239378
0	0.0142531870295387
0	0.0142531870295387
0	0.0588926066131826
0	0.0142531870295387
0	0.0490933986240417
0	0.0142531870295387
0	0.905350704207396
0	0.0170000871815376
0	0.0110111591010531
0	0.00938994624650238
0	0.00888987923421034
0	0.0142531870295387
0	0.0142531870295387
0	0.0115037649064164
0	0.0150073623664442
0	0.0191743334532527
0	0.0381694317250511
0	0.0142531870295387
0	0.0142531870295387
0	0.0142531870295387
0	0.0142531870295387
0	0.0142531870295387
0	0.0142531870295387
0	0.0142531870295387
0	0.0142531870295387
0	0.0313608167179192
0	0.0165261862466682
0	0.0142531870295387
0	0.0142531870295387
0	0.0152542892715538
0	0.0142531870295387
0	0.0142531870295387
0	0.011434265330046
0	0.0186170497474728
0	0.656967683522389
0	0.011091665564313
0	0.010597728817219
0	0.0142531870295387
0	0.010162999657696
0	0.0142531870295387
0	0.0142531870295387
0	0.0142531870295387
0	0.0142531870295387
0	0.0142531870295387
0	0.0120824686412896
0	0.0154597171443368
0	0.0127983906348797
0	0.0142531870295387
0	0.0142531870295387
0	0.035831736484228
0	0.0142531870295387
0	0.0152072176587477
0	0.0150073623664442
0	0.0142531870295387
0	0.0481226569711307
0	0.0142531870295387
0	0.0142531870295387
0	0.0142531870295387
0	0.0142531870295387
0	0.0142495116131075
0	0.0473347381595019
0	0.00900410928656294
0	0.011259066291159
0	0.0634596271426667
0	0.0142531870295387
0	0.0142531870295387
0	0.0423918647831387
0	0.0254122071290704
0	0.0142531870295387
0	0.0142531870295387
0	0.0142531870295387
0	0.0109256432656777
0	0.0170000871815376
0	0.0387012840261478
0	0.0303338894607725
0	0.0211856256905425
0	0.38213579352114
0	0.152961468602895
0	0.0142531870295387
0	0.0243557283300689
0	0.074162669824333
0	0.0321850261172011
0	0.0247453701764948
