1	0.834360921859838
1	0.0783061295271909
1	0.985861592734865
1	0.312558524260916
1	0.806215863824523
1	0.978823177552065
1	0.964265257810394
1	0.879562769175039
1	0.586012570077834
1	0.143706023215472
1	0.930255961547572
1	0.962449827161621
1	0.679228460617118
1	0.318554057983754
1	0.956456508147262
1	0.617025300267361
1	0.921697672175606
1	0.968543933232809
1	0.782456617390081
1	0.99263481490368
1	0.57860940082027
1	0.983068642580913
1	0.778795050765955
1	0.941303837230291
1	0.899527408077982
1	0.856605307840774
1	0.951602637970182
1	0.0221037058196483
1	0.909736360340323
1	0.90851846985308
1	0.646309920005125
1	0.946344034848635
1	0.0170705891148962
1	0.934166274610105
1	0.882102756499241
1	0.96541619260853
1	0.389779083807272
1	0.0387795985325641
1	0.850819180037098
1	0.704929001794582
1	0.738131848082468
1	0.797021763793745
1	0.894771299175192
1	0.970313153868995
1	0.374792904378434
1	0.858427438538088
1	0.956794374614377
1	0.900280091725778
1	0.983869841951216
1	0.815878410738084
1	0.795795352281906
1	0.975538943859492
1	0.951136209239081
1	0.933030287364653
1	0.503561590855257
1	0.533767601751836
1	0.0115259747494283
1	0.930070652904655
1	0.840874498065361
1	0.0531146853088484
1	0.0427373345423945
1	0.94635032625942
1	0.551218290198257
1	0.921501409360005
1	0.871848465046941
1	0.786067883280555
1	0.510800901630014
1	0.217098332971197
1	0.997256619415864
1	0.0149176695045834
1	0.878291417882219
1	0.858167110875165
1	0.971056477228555
1	0.854682271682236
1	0.891593076590904
1	0.963180749560928
1	0.697155515942868
1	0.952016075333769
1	0.757726412992044
1	0.809263230221711
1	0.941661066620328
1	0.0248526377454937
1	0.821090548613994
1	0.951762788982104
1	0.962364831581919
1	0.767550897470144
1	0.94165055045447
1	0.865184033642415
1	0.490903234020771
1	0.00810860482055163
1	0.841113226174927
1	0.913668876095003
1	0.885648872432692
1	0.392621592232533
1	0.989192815237127
1	0.769163873600509
1	0.914424104933391
1	0.0221037058196483
1	0.909959094440911
1	0.47938258986707
1	0.840106477929532
1	0.212457837131014
1	0.91407297909625
1	0.918703317641578
1	0.893515283432195
1	0.955395742070047
1	0.703758974407969
1	0.781636462007724
1	0.989131866684446
1	0.578597423309895
1	0.243794819519973
1	0.866040616311411
1	0.96033389338636
1	0.0354677241725569
1	0.938318731199917
1	0.0158945133176923
1	0.734568257292945
1	0.78827656090296
1	0.487980163643033
1	0.957812797687087
1	0.975284253395449
1	0.649214054005849
1	0.69377140534698
1	0.876177265588768
1	0.882070994770364
1	0.958370778598035
1	0.854657917476194
1	0.0129683173408479
1	0.960360324450335
1	0.912571335575655
1	0.919161485870862
1	0.807597120848463
1	0.758437167656082
1	0.651168284352613
1	0.899190883235856
1	0.08903799312237
1	0.942366741234776
1	0.887016866883286
1	0.974357769161414
1	0.571592589992552
1	0.853568275080805
1	0.80262286929017
1	0.988669746059402
1	0.730477739437937
1	0.991862839488053
1	0.934991044300284
1	0.987841437092551
1	0.839896140931697
1	0.802361591680521
1	0.537495893552444
1	0.508835193920429
1	0.920714633067621
1	0.770896442583007
1	0.120595625524026
1	0.956363672569888
1	0.718081497462766
1	0.532468322647571
1	0.982137190882756
1	0.972054056546442
1	0.964231248214015
1	0.0607937929720851
1	0.130445607546185
1	0.573820700863037
1	0.660847348164911
1	0.983788959633677
1	0.925999598538854
1	0.960739397225456
1	0.831786142882733
1	0.980632208665292
1	0.954644166280663
1	0.876805037362791
1	0.0240400532020055
1	0.842103460719223
1	0.852422538139008
1	0.916647779124854
1	0.944730625539612
1	0.465198822719421
1	0.0808695510546566
1	0.894176712641399
1	0.376503297155783
1	0.85383858583458
1	0.90213143360221
1	0.968581509370806
1	0.0157068333309717
1	0.972562778734685
1	0.869174547846936
1	0.93895088641269
1	0.0149176695045834
1	0.944531367279415
1	0.0200587349188571
1	0.951055624837093
1	0.20337774948051
1	0.886962451653054
1	0.810680161620982
1	0.986190218134213
1	0.919541768078291
1	0.973984040862488
1	0.491193493561707
1	0.89522925673252
1	0.971857641729178
0	0.0149176695045834
0	0.0221037058196483
0	0.012667987652046
0	0.0203413845879138
0	0.01136766662232
0	0.0122144096144462
0	0.0149176695045834
0	0.0278482987358001
0	0.243179249530274
0	0.0149176695045834
0	0.0148259024242889
0	0.015235160487909
0	0.0149176695045834
0	0.0115259747494283
0	0.0238173262872681
0	0.024366359084315
0	0.0149176695045834
0	0.0386391040279417
0	0.0149176695045834
0	0.0157068333309717
0	0.0162073550582247
0	0.0137273953913356
0	0.0306795181460528
0	0.0149176695045834
0	0.0149176695045834
0	0.0149176695045834
0	0.0149176695045834
0	0.0149176695045834
0	0.00285650837112918
0	0.0149176695045834
0	0.0149176695045834
0	0.0149176695045834
0	0.0139207121302527
0	0.0149176695045834
0	0.0149176695045834
0	0.0149176695045834
0	0.0264552673387441
0	0.0115259747494283
0	0.0149176695045834
0	0.0228907649763531
0	0.0149176695045834
0	0.0586919786650755
0	0.0637612875805322
0	0.0149176695045834
0	0.0126119857456675
0	0.0149176695045834
0	0.0149176695045834
0	0.0149176695045834
0	0.0149176695045834
0	0.0276298960595285
0	0.0149176695045834
0	0.0204647942007447
0	0.0148259024242889
0	0.0101949157424056
0	0.0183965419495545
0	0.0149176695045834
0	0.0169113226214939
0	0.0149176695045834
0	0.0114466342313411
0	0.0159755564270459
0	0.0149176695045834
0	0.0149176695045834
0	0.288483655214981
0	0.011129860832195
0	0.0215479286934065
0	0.0149176695045834
0	0.015588224873983
0	0.0149176695045834
0	0.0149176695045834
0	0.015235160487909
0	0.0152345948515719
0	0.019402390001214
0	0.0126119857456675
0	0.423613087131498
0	0.00832461679432134
0	0.0149176695045834
0	0.0165942551326834
0	0.0149176695045834
0	0.0498627622706598
0	0.0149176695045834
0	0.0161715158002815
0	0.0238173262872681
0	0.015919756570385
0	0.0149176695045834
0	0.0169470254979301
0	0.00315814151016976
0	0.11268317679452
0	0.0149176695045834
0	0.0202472294910247
0	0.0152345948515719
0	0.012667987652046
0	0.0202169378874165
0	0.016262130232198
0	0.0149176695045834
0	0.0149176695045834
0	0.0149176695045834
0	0.0168897229356551
0	0.0149176695045834
0	0.0149176695045834
0	0.00912899409690855
0	0.0149176695045834
0	0.0149176695045834
0	0.0236931424099349
0	0.0190407202840595
0	0.923617505430991
0	0.0149176695045834
0	0.0149176695045834
0	0.0941483231928295
0	0.0149176695045834
0	0.0149176695045834
0	0.0149176695045834
0	0.0299062840190248
0	0.0149176695045834
0	0.164690532765901
0	0.0125183454270202
0	0.320200119340344
0	0.0159755564270459
0	0.0139207121302527
0	0.0149176695045834
0	0.0115259747494283
0	0.0152345948515719
0	0.0126119857456675
0	0.0149176695045834
0	0.0111781927148662
0	0.0149176695045834
0	0.0155515657009363
0	0.0160994935609138
0	0.0203413845879138
0	0.0104298579971247
0	0.651940246081444
0	0.0149176695045834
0	0.0149176695045834
0	0.00874186516435758
0	0.0131104175485278
0	0.0402573800562714
0	0.0149176695045834
0	0.0172863942678466
0	0.0149176695045834
0	0.0149176695045834
0	0.0149176695045834
0	0.015235160487909
0	0.0149176695045834
0	0.0149176695045834
0	0.0167222366244216
0	0.0240322019805681
0	0.015235160487909
0	0.02064238197569
0	0.0149176695045834
0	0.0300814160755391
0	0.0149176695045834
0	0.0270228285243126
0	0.0248363594963479
0	0.0259540196422022
0	0.0149176695045834
0	0.0172863942678466
0	0.0221616033924501
0	0.0149176695045834
0	0.0431231034064213
0	0.0204647942007447
0	0.0478882624821377
0	0.0149176695045834
0	0.0142455058356203
0	0.0149176695045834
0	0.0149176695045834
0	0.0149176695045834
0	0.0104298579971247
0	0.0149176695045834
0	0.0149176695045834
0	0.0149176695045834
0	0.0149176695045834
0	0.0109765166928149
0	0.0149176695045834
0	0.0149176695045834
0	0.00400292399408173
0	0.0238173262872681
0	0.0225929904852903
0	0.0149176695045834
0	0.0149176695045834
0	0.0149176695045834
0	0.0755742628738625
0	0.0149176695045834
0	0.105889927916093
0	0.0149176695045834
0	0.0203413845879138
0	0.0149176695045834
0	0.0322733307804246
0	0.0396610638549816
0	0.00466423297375184
0	0.0149176695045834
0	0.0123490340005927
0	0.0149176695045834
0	0.0251371175347695
0	0.0148897455218042
0	0.0149176695045834
0	0.00777847251554275
0	0.0181461732579149
0	0.0177679426374637
0	0.0238173262872681
0	0.0181554379129643
0	0.0149176695045834
0	0.0149176695045834
0	0.00794305886693805
0	0.0101949157424056
0	0.0149176695045834
0	0.03400191944779
0	0.0149176695045834
0	0.0149176695045834
0	0.0104298579971247
0	0.0149176695045834
0	0.0114466342313411
0	0.0104298579971247
0	0.0168377255562772
0	0.0149176695045834
0	0.0149176695045834
0	0.0120788433731442
0	0.0149176695045834
0	0.0114466342313411
0	0.0149176695045834
0	0.0135968105423903
0	0.0149176695045834
0	0.0141906593715186
0	0.00732008031144015
0	0.0210673496116843
0	0.0149176695045834
0	0.0185091031600386
0	0.0149176695045834
0	0.011129860832195
0	0.00760169353906634
0	0.0126119857456675
0	0.0315115320894658
0	0.0146200326373747
0	0.0149176695045834
0	0.0149176695045834
0	0.0149176695045834
0	0.0139575092070761
0	0.00281820403788598
0	0.0149176695045834
0	0.0149176695045834
0	0.0149176695045834
0	0.0149176695045834
0	0.0149176695045834
0	0.0149176695045834
0	0.0170671024966934
0	0.0149176695045834
0	0.0149176695045834
0	0.0149176695045834
0	0.0149176695045834
0	0.0149176695045834
0	0.0149176695045834
0	0.00918367839481537
0	0.0341707925057649
0	0.0149176695045834
0	0.0268999269502408
0	0.0149176695045834
0	0.0209962223385952
0	0.0397846978901727
0	0.0122409437998673
0	0.0149176695045834
0	0.0149176695045834
0	0.0149176695045834
0	0.0149176695045834
0	0.370171741102472
0	0.0200206769434822
0	0.0135968105423903
0	0.0149176695045834
0	0.0342320374728244
0	0.0149176695045834
0	0.0219073073360306
0	0.0147738653788534
0	0.0149176695045834
0	0.0149176695045834
0	0.0149176695045834
0	0.0106791335905791
0	0.0170570096404714
0	0.0149176695045834
0	0.0149176695045834
0	0.0149176695045834
0	0.840038214968684
0	0.0149176695045834
0	0.0159755564270459
0	0.0149176695045834
0	0.0231003640801289
0	0.0149176695045834
0	0.0149176695045834
0	0.0149176695045834
0	0.0126119857456675
0	0.0149176695045834
0	0.0585094861212656
0	0.0149176695045834
0	0.0169470254979301
0	0.0279107686168197
0	0.0149176695045834
0	0.0149176695045834
0	0.0201595931298599
0	0.0126119857456675
0	0.0149176695045834
0	0.0149176695045834
0	0.0149176695045834
0	0.0149176695045834
0	0.0149176695045834
0	0.0149176695045834
0	0.0308467213364707
0	0.0100368840506729
0	0.0149176695045834
0	0.0149176695045834
0	0.0149176695045834
0	0.0169470254979301
0	0.0181861706779645
0	0.0386192135889732
0	0.0101949157424056
0	0.0149176695045834
0	0.0149176695045834
0	0.0339574144808341
0	0.0211630629142085
0	0.0139207121302527
0	0.0158254404926832
0	0.0149176695045834
0	0.0149176695045834
0	0.0149176695045834
0	0.0149176695045834
0	0.0159755564270459
0	0.0149176695045834
0	0.0149176695045834
0	0.0149176695045834
0	0.0149176695045834
0	0.0149176695045834
0	0.0149176695045834
0	0.0149176695045834
0	0.017251089313694
0	0.0149176695045834
0	0.0149176695045834
0	0.0149176695045834
0	0.0149176695045834
0	0.0149176695045834
0	0.0258110034813187
0	0.0149176695045834
0	0.0238173262872681
0	0.0149176695045834
0	0.0149176695045834
0	0.0149176695045834
0	0.0228399371185373
0	0.0200816781709461
0	0.0203413845879138
0	0.0185681689912888
0	0.0223541323172185
0	0.0446891780972229
0	0.404797635893419
0	0.0149176695045834
0	0.0126119857456675
0	0.0181461732579149
0	0.0149176695045834
0	0.015235160487909
0	0.0270756878793644
0	0.0149176695045834
0	0.0128805674235355
0	0.0149176695045834
0	0.025185999711453
0	0.0169470254979301
0	0.0127711230189981
0	0.0149176695045834
0	0.015588224873983
0	0.0130938189149751
0	0.0126119857456675
0	0.0169470254979301
0	0.0149176695045834
0	0.0307787578205835
0	0.0259041163819268
0	0.0149176695045834
0	0.0149176695045834
0	0.0149176695045834
0	0.0126119857456675
0	0.0115892158818857
0	0.0149176695045834
0	0.0149176695045834
0	0.0149176695045834
0	0.0201595931298599
0	0.011129860832195
0	0.0284688505990302
0	0.0149176695045834
0	0.0149176695045834
0	0.0149176695045834
0	0.0265998521226136
0	0.0114466342313411
0	0.0149176695045834
0	0.0149176695045834
0	0.024366359084315
0	0.0149176695045834
0	0.0149176695045834
0	0.0149176695045834
0	0.0305814100162375
0	0.0149176695045834
0	0.0149176695045834
0	0.0210673496116843
0	0.0163427722824415
0	0.0149176695045834
0	0.0259960439819309
0	0.0149176695045834
0	0.0148259024242889
0	0.037770113322457
0	0.0135968105423903
0	0.0154803533893266
0	0.0204647942007447
0	0.0149176695045834
0	0.0149176695045834
0	0.0149176695045834
0	0.0094040340787722
0	0.0221037058196483
0	0.0149176695045834
0	0.0101949157424056
0	0.0149176695045834
0	0.0149176695045834
0	0.011129860832195
0	0.0140331288452024
0	0.00617528606949125
0	0.0115259747494283
0	0.0211265565030858
0	0.0149176695045834
0	0.0586004108232593
0	0.0407784148485193
0	0.011442281045242
0	0.0278169481121551
0	0.0782252762113691
0	0.473737110592867
0	0.0278660258082349
0	0.149288336702132
0	0.0211630629142085
0	0.0104298579971247
0	0.0142779098071416
0	0.0123425093216944
0	0.0149176695045834
0	0.0221037058196483
0	0.0149176695045834
0	0.0149176695045834
0	0.0149176695045834
0	0.025471822143295
0	0.0377167356043211
0	0.0149176695045834
0	0.0149176695045834
0	0.0149176695045834
0	0.0240369858283373
0	0.0149176695045834
0	0.0114900519518572
0	0.0177909014623839
0	0.0185566732416674
0	0.0238173262872681
0	0.0149176695045834
0	0.0274840663471495
0	0.0104298579971247
0	0.0149176695045834
0	0.0149176695045834
0	0.0152345948515719
0	0.0149176695045834
0	0.0149176695045834
0	0.019357319844789
0	0.024366359084315
0	0.0149176695045834
0	0.0149176695045834
0	0.105889927916093
0	0.0149176695045834
0	0.0207711069358641
0	0.0126119857456675
0	0.0370773820834757
0	0.0149176695045834
0	0.0105518332413935
0	0.0149176695045834
0	0.0149176695045834
0	0.0149176695045834
0	0.015588224873983
0	0.0184388947054068
0	0.0204647942007447
0	0.0149176695045834
0	0.0238173262872681
0	0.0149176695045834
0	0.021223018357853
0	0.0104298579971247
0	0.0149176695045834
0	0.577555600291114
0	0.0114466342313411
0	0.0149176695045834
0	0.0149176695045834
0	0.0149176695045834
0	0.0149176695045834
0	0.0331494423218663
0	0.0126737190180439
0	0.0149176695045834
0	0.0149176695045834
0	0.0149176695045834
0	0.0149176695045834
0	0.0149176695045834
0	0.0229047175275273
0	0.0131104175485278
0	0.0149176695045834
0	0.0149176695045834
0	0.0294931447296448
0	0.0149176695045834
0	0.0299105615573034
0	0.0149176695045834
0	0.0149176695045834
0	0.0149176695045834
0	0.0259960439819309
0	0.0149176695045834
0	0.0222277601742292
0	0.0149176695045834
0	0.0151223421506881
0	0.0149176695045834
0	0.0303447428158969
0	0.0187683968319983
0	0.0135968105423903
0	0.0149176695045834
0	0.0698465469293764
0	0.011129860832195
0	0.0149176695045834
0	0.0149176695045834
0	0.704466080345648
0	0.0149176695045834
0	0.286349551717063
0	0.0169470254979301
0	0.0139207121302527
0	0.0149176695045834
0	0.0795039727445657
0	0.0149176695045834
0	0.0094040340787722
0	0.0111890471190894
0	0.0126119857456675
0	0.0149176695045834
0	0.0206308657927881
0	0.0100556001642018
0	0.561095625949097
0	0.0149176695045834
0	0.0149176695045834
0	0.0149176695045834
0	0.0943353741451337
0	0.0422009202510798
0	0.0254515256239834
0	0.0149176695045834
0	0.0273891504837331
0	0.0199755037773345
0	0.0149176695045834
0	0.011129860832195
0	0.0149176695045834
0	0.0149176695045834
0	0.0267720124447645
0	0.0149176695045834
0	0.0195863074715801
0	0.0149176695045834
0	0.0149176695045834
0	0.0149176695045834
0	0.0159755564270459
0	0.0303278968656562
0	0.0149176695045834
0	0.0149176695045834
0	0.0149176695045834
0	0.0203873679546117
0	0.0149176695045834
0	0.0149176695045834
0	0.0149176695045834
0	0.0149176695045834
0	0.0262214649996175
0	0.0148259024242889
0	0.0158306539218011
0	0.0309325141840781
0	0.0149176695045834
0	0.0248026288721027
0	0.0149176695045834
0	0.0126119857456675
0	0.0105392183408365
0	0.0149176695045834
0	0.0149176695045834
0	0.0165667902673685
0	0.0240213062227041
0	0.0149176695045834
0	0.0149176695045834
0	0.0149176695045834
0	0.0238173262872681
0	0.0149176695045834
0	0.0149176695045834
0	0.0295706353976282
0	0.0145831248977749
0	0.0149176695045834
0	0.0142254077340566
0	0.0149176695045834
0	0.0149176695045834
0	0.0149176695045834
0	0.0149176695045834
0	0.0149176695045834
0	0.0149176695045834
0	0.0136828087397639
0	0.0257079298037078
0	0.0173168152892791
0	0.0114466342313411
0	0.0275511633292215
0	0.0149176695045834
0	0.024366359084315
0	0.0149176695045834
0	0.0149176695045834
0	0.0143609706813989
0	0.0149176695045834
0	0.0149176695045834
0	0.0161319202401904
0	0.0149176695045834
0	0.3582855878895
0	0.0262214649996175
0	0.0149176695045834
0	0.0149176695045834
0	0.025185999711453
0	0.0375485402900308
0	0.0149176695045834
0	0.0149176695045834
0	0.0149176695045834
0	0.0149176695045834
0	0.0149176695045834
0	0.0274840663471495
0	0.0438714297319607
0	0.0149176695045834
0	0.0149176695045834
0	0.00888548763328751
0	0.0207718737981485
0	0.0149176695045834
0	0.0149176695045834
0	0.0149176695045834
0	0.0149176695045834
0	0.03534622523301
0	0.0232309688624495
0	0.0277645845383583
0	0.00732008031144015
0	0.024366359084315
0	0.0139207121302527
0	0.0169470254979301
0	0.0271740820114623
0	0.0114697174467215
0	0.0149176695045834
0	0.015588224873983
0	0.0218549572451035
0	0.0378918383419574
0	0.0149176695045834
0	0.0145877698558255
0	0.0284776140622177
0	0.0149176695045834
0	0.0101130887213524
0	0.0159755564270459
0	0.0149176695045834
0	0.0221037058196483
0	0.0149176695045834
0	0.0216097607457249
0	0.0149176695045834
0	0.0105859482874378
0	0.0149176695045834
0	0.0259960439819309
0	0.0149176695045834
0	0.0149176695045834
0	0.0149176695045834
0	0.0973097877159893
0	0.0139207121302527
0	0.0149176695045834
0	0.0149176695045834
0	0.0149176695045834
0	0.0149176695045834
0	0.0135968105423903
0	0.0641071789132454
0	0.0168897229356551
0	0.0149176695045834
0	0.011129860832195
0	0.0149176695045834
0	0.0149176695045834
0	0.0204647942007447
0	0.0149176695045834
0	0.0149176695045834
0	0.011129860832195
0	0.0149176695045834
0	0.0115959415710381
0	0.0149176695045834
0	0.0149176695045834
0	0.317566080941548
0	0.0149176695045834
0	0.0149176695045834
0	0.0149176695045834
0	0.0149176695045834
0	0.0149176695045834
0	0.0149176695045834
0	0.0149176695045834
0	0.0149176695045834
0	0.0149176695045834
0	0.0149176695045834
0	0.0204647942007447
0	0.011129860832195
0	0.0149176695045834
0	0.015588224873983
0	0.011129860832195
0	0.0149176695045834
0	0.0149176695045834
0	0.0149176695045834
0	0.0263850826516878
0	0.0149176695045834
0	0.0149176695045834
0	0.0504258772004363
0	0.0149176695045834
0	0.0149176695045834
0	0.0149176695045834
0	0.0165942551326834
0	0.0692471571363875
0	0.0194247698790887
0	0.0149176695045834
0	0.0114312098569896
0	0.0149176695045834
0	0.0149176695045834
0	0.0149176695045834
0	0.0159755564270459
0	0.0149176695045834
0	0.0351601005422747
0	0.0149176695045834
0	0.0149176695045834
0	0.0204647942007447
0	0.0149176695045834
0	0.015235160487909
0	0.0149176695045834
0	0.0149176695045834
0	0.0149176695045834
0	0.0149176695045834
0	0.0149176695045834
0	0.011129860832195
0	0.0149176695045834
0	0.0216097607457249
0	0.0149176695045834
0	0.0289993355496724
0	0.0149176695045834
0	0.0120788433731442
0	0.0149176695045834
0	0.0149176695045834
0	0.0149176695045834
0	0.0149176695045834
0	0.0149176695045834
0	0.0149176695045834
0	0.324210817181491
0	0.0126119857456675
0	0.016133726206293
0	0.0128805674235355
0	0.871890600000786
0	0.0135968105423903
0	0.0149176695045834
0	0.011129860832195
0	0.0149176695045834
0	0.0302269658332563
0	0.0101949157424056
0	0.0149176695045834
0	0.0554081065471886
0	0.0117375377724925
0	0.664142841756815
0	0.0149176695045834
0	0.0149176695045834
0	0.0149176695045834
0	0.0149176695045834
0	0.0132869814095448
0	0.0149176695045834
0	0.0173273290741856
0	0.0149176695045834
0	0.0149176695045834
0	0.0149176695045834
0	0.0149176695045834
0	0.0172118260043565
0	0.0126119857456675
0	0.0289153701042948
0	0.0149176695045834
0	0.0149176695045834
0	0.0288556133643889
0	0.0149176695045834
0	0.0158665878259167
0	0.0149176695045834
0	0.614329986346989
0	0.0275596609526555
0	0.0569425668234027
0	0.0203494168952833
0	0.053555042022162
0	0.0149176695045834
0	0.0165942551326834
0	0.0151907208559762
0	0.0149176695045834
0	0.0257476512032861
0	0.0149176695045834
0	0.0149176695045834
0	0.0149176695045834
0	0.0149176695045834
0	0.0133857762454309
0	0.0135968105423903
0	0.022250229031589
0	0.0232414655652954
0	0.0149176695045834
0	0.0149176695045834
0	0.0149176695045834
0	0.155054230045624
0	0.0121189393311603
0	0.0203873679546117
0	0.0149176695045834
0	0.024366359084315
0	0.0149176695045834
0	0.143706023215472
0	0.0145624134165767
0	0.00822056240841287
0	0.0226135442426788
0	0.0149176695045834
0	0.0149176695045834
0	0.0149176695045834
0	0.0149176695045834
0	0.0114156595377744
0	0.0274840663471495
0	0.0149176695045834
0	0.247863082373238
0	0.0149176695045834
0	0.0360556638328106
0	0.0367364838810846
0	0.0149176695045834
0	0.0149176695045834
0	0.020489801946539
0	0.0149176695045834
0	0.0126119857456675
0	0.0149176695045834
0	0.0149176695045834
0	0.0149176695045834
0	0.00813662370866547
0	0.0149176695045834
0	0.0149176695045834
0	0.0121189393311603
0	0.0149176695045834
0	0.0149176695045834
0	0.0149176695045834
0	0.0149176695045834
0	0.0159755564270459
0	0.0148259024242889
0	0.0149176695045834
0	0.0152345948515719
0	0.0165942551326834
0	0.0158306539218011
0	0.0149176695045834
0	0.0242769580106208
0	0.0101949157424056
0	0.011129860832195
0	0.00966816355670823
0	0.0149176695045834
0	0.0221037058196483
0	0.961991058019508
0	0.0132914879245269
0	0.0126119857456675
0	0.0149176695045834
0	0.0149176695045834
0	0.0126119857456675
0	0.0149176695045834
0	0.2354790706261
0	0.0149176695045834
0	0.0149176695045834
0	0.0149176695045834
0	0.0149176695045834
0	0.0327965943734005
0	0.0197409377535295
0	0.0171712679505355
0	0.0149176695045834
0	0.0149176695045834
0	0.53625258797122
0	0.0170705891148962
0	0.0425801366550625
0	0.0149176695045834
0	0.024366359084315
0	0.0149176695045834
0	0.0145831248977749
0	0.015235160487909
0	0.0204647942007447
0	0.0227781545505906
0	0.0149176695045834
0	0.0216097607457249
0	0.0135086072529632
0	0.0149176695045834
0	0.0149176695045834
0	0.0169367418828728
0	0.0135968105423903
0	0.0149176695045834
0	0.0149176695045834
0	0.0259960439819309
0	0.0149176695045834
0	0.0111274191201323
0	0.0142254077340566
0	0.132295309215846
0	0.0149176695045834
0	0.016133726206293
0	0.0149176695045834
0	0.0218824712954945
0	0.0212618586201898
0	0.0307636102840841
0	0.0149176695045834
0	0.0247698661971069
0	0.0149176695045834
0	0.0126119857456675
0	0.0149176695045834
0	0.0216097607457249
0	0.0249441687531583
0	0.0276176020487366
0	0.0149176695045834
0	0.0159755564270459
0	0.0149176695045834
0	0.0149176695045834
0	0.0149176695045834
0	0.0149176695045834
0	0.00710521680334184
0	0.0149176695045834
0	0.0116080054033004
0	0.0142254077340566
0	0.0149176695045834
0	0.0504384511995446
0	0.0199044859874397
0	0.0149176695045834
0	0.011129860832195
0	0.0218570827703247
0	0.0149176695045834
0	0.0254745138148822
0	0.0149176695045834
0	0.047249784685957
0	0.0149176695045834
0	0.0685981034819258
0	0.0203873679546117
0	0.0149176695045834
0	0.0096721681673898
0	0.0149176695045834
0	0.0149176695045834
0	0.0149176695045834
0	0.0149176695045834
0	0.0144034686980419
0	0.00544270915516296
0	0.0367702841505875
0	0.0169153680478818
0	0.0149176695045834
0	0.00750690721043322
0	0.00900526361351373
0	0.0149176695045834
0	0.0238173262872681
0	0.357370684953532
0	0.0172863942678466
0	0.0149176695045834
0	0.0346393383870451
0	0.203126983511135
0	0.0135968105423903
0	0.0206548683538909
0	0.0149176695045834
0	0.0149176695045834
0	0.0149176695045834
0	0.0149176695045834
0	0.0833761976995006
0	0.0238173262872681
0	0.0149176695045834
0	0.0053020466763584
0	0.015588224873983
0	0.0149176695045834
0	0.00470317126724394
0	0.0149176695045834
0	0.0166635391752899
0	0.015235160487909
0	0.0114466342313411
0	0.00532393773534923
0	0.0158665878259167
0	0.0149176695045834
0	0.0145471156378163
0	0.0135968105423903
0	0.0149176695045834
0	0.0150049119729669
0	0.0262552458671342
0	0.0163551903235405
0	0.0149176695045834
0	0.0149176695045834
0	0.0130383779015072
0	0.0149176695045834
0	0.0237700534860311
0	0.0597088622452139
0	0.0204647942007447
0	0.0169470254979301
0	0.0142254077340566
0	0.0203494168952833
0	0.0431661266365805
0	0.0149176695045834
0	0.0149176695045834
0	0.0209221449317566
0	0.0152345948515719
0	0.0149176695045834
0	0.0149176695045834
0	0.0149176695045834
0	0.0126119857456675
0	0.0106791335905791
0	0.0149176695045834
0	0.0169470254979301
0	0.0149176695045834
0	0.0149176695045834
0	0.0126119857456675
0	0.0277130684708841
0	0.024366359084315
0	0.0221037058196483
0	0.0149176695045834
0	0.0175600006141815
0	0.0169470254979301
0	0.0293553051035863
0	0.0281746924459561
0	0.0149176695045834
0	0.0149176695045834
0	0.0149176695045834
0	0.0149176695045834
0	0.0221037058196483
0	0.0149176695045834
0	0.0149176695045834
0	0.0193181118998238
0	0.0238173262872681
0	0.0149176695045834
0	0.0149176695045834
0	0.0182352778089898
0	0.0149176695045834
0	0.0479902237006832
0	0.0162352458735199
0	0.0149176695045834
0	0.0149176695045834
0	0.0149176695045834
0	0.0261851663094312
0	0.228471914127041
0	0.011632163172318
0	0.0158306539218011
0	0.0149176695045834
0	0.0168203905985952
0	0.0149176695045834
0	0.0149176695045834
0	0.0187306265724075
0	0.0106535183384303
0	0.0149176695045834
0	0.0149176695045834
0	0.0149176695045834
0	0.0149176695045834
0	0.0149176695045834
0	0.0169470254979301
0	0.0250857347508543
0	0.0149176695045834
0	0.011129860832195
0	0.0149176695045834
0	0.0149176695045834
0	0.0211630629142085
0	0.0212504788920711
0	0.0149176695045834
0	0.0167029854277335
0	0.0149176695045834
0	0.0179000200308893
0	0.0386816134996757
0	0.0149176695045834
0	0.0149176695045834
0	0.0114849018029298
0	0.0149176695045834
0	0.0149176695045834
0	0.0149176695045834
0	0.0128492685962654
0	0.0149176695045834
0	0.0215612094192247
0	0.0166098435645727
0	0.0159755564270459
0	0.0294330134843407
0	0.0256214928991531
0	0.0221037058196483
0	0.00620034107934047
0	0.0149176695045834
0	0.0149176695045834
0	0.0149176695045834
0	0.334101928110691
0	0.0204647942007447
0	0.0149176695045834
0	0.0235248011296715
0	0.0149176695045834
0	0.0149176695045834
0	0.805895308502388
0	0.0149176695045834
0	0.0179096373086091
0	0.0221037058196483
0	0.0159755564270459
0	0.0149176695045834
0	0.0142254077340566
0	0.0230912715153778
0	0.0149176695045834
0	0.453167479683012
0	0.0149176695045834
0	0.0221037058196483
0	0.0181237511224016
0	0.034496683339714
0	0.0149176695045834
0	0.137088741708141
0	0.0135968105423903
0	0.0149176695045834
0	0.0443159554964471
0	0.00732008031144015
0	0.0141757778853052
0	0.0149176695045834
0	0.0149176695045834
0	0.0238908424478351
0	0.0349423138215209
0	0.0149176695045834
0	0.0149176695045834
0	0.016290946767005
0	0.0149176695045834
0	0.0149176695045834
0	0.0149176695045834
0	0.0149176695045834
0	0.0126119857456675
0	0.0149176695045834
0	0.0149176695045834
0	0.0170826027013148
0	0.0438313883722347
0	0.0149176695045834
0	0.0139207121302527
0	0.0149176695045834
0	0.0203494168952833
0	0.519776911313991
0	0.0104298579971247
0	0.0221080508343333
0	0.0149176695045834
0	0.0149176695045834
0	0.00732008031144015
0	0.691105094004601
0	0.0194204125538573
0	0.0206256503762302
0	0.0149176695045834
0	0.0149176695045834
0	0.0274840663471495
0	0.0056541524170205
0	0.0174908483996813
0	0.0311688282246358
0	0.0149176695045834
0	0.00562721821850442
0	0.0104298579971247
0	0.0148259024242889
0	0.0149176695045834
0	0.0149176695045834
0	0.0237491465727884
0	0.0193500785085664
0	0.0149176695045834
0	0.0149176695045834
0	0.0182474555658596
0	0.0149176695045834
0	0.0149176695045834
0	0.0366935916825284
0	0.0926708387752127
0	0.0149176695045834
0	0.0405947234120874
0	0.015588224873983
0	0.0112842685632629
0	0.0149176695045834
0	0.0157068333309717
0	0.0322614519131628
0	0.0128805674235355
0	0.0149176695045834
0	0.0149176695045834
0	0.0149176695045834
0	0.0149176695045834
0	0.0149176695045834
0	0.0203413845879138
0	0.0149176695045834
0	0.0149176695045834
0	0.0149176695045834
0	0.0477588716445038
0	0.0149176695045834
0	0.0149176695045834
0	0.0149176695045834
0	0.0126119857456675
0	0.0149176695045834
0	0.0143322467922239
0	0.0126119857456675
0	0.0149176695045834
0	0.167142279465332
0	0.0206308657927881
0	0.0149176695045834
0	0.0085887705694349
0	0.0149176695045834
0	0.0149176695045834
0	0.0115259747494283
0	0.0149176695045834
0	0.0151414703599238
0	0.0149176695045834
0	0.0157216637106351
0	0.0130924166000218
0	0.00851824762678244
0	0.0149176695045834
0	0.0121189393311603
0	0.0351471977302498
0	0.0149176695045834
0	0.0133857762454309
0	0.0149176695045834
0	0.0149176695045834
0	0.115733607516889
0	0.0149176695045834
0	0.015583369013276
0	0.0148259024242889
0	0.00871136173710741
0	0.0231299402713885
0	0.0159501487907394
0	0.0805250118192198
0	0.0149176695045834
0	0.024366359084315
0	0.0051820082663423
0	0.0149176695045834
0	0.0165942551326834
0	0.0149176695045834
0	0.0149176695045834
0	0.0149176695045834
0	0.0308496776527008
0	0.0124572448238771
0	0.0111262497046158
0	0.0149176695045834
0	0.0149176695045834
0	0.0149176695045834
0	0.0171899584333016
0	0.0149176695045834
0	0.0149176695045834
0	0.0149176695045834
0	0.0686697145695405
0	0.0149176695045834
0	0.015235160487909
0	0.00732008031144015
0	0.0149176695045834
0	0.0149176695045834
0	0.0112868172170366
0	0.0102073837244158
0	0.0149176695045834
0	0.0149176695045834
0	0.0248778219670991
0	0.0149176695045834
0	0.0149176695045834
0	0.0686709810080128
0	0.0200213831065202
0	0.020020764604467
0	0.0149176695045834
0	0.0149176695045834
0	0.0149176695045834
0	0.0126119857456675
0	0.0324889314576087
0	0.563759438934109
0	0.0210696854202694
0	0.0149176695045834
0	0.0149176695045834
0	0.0149176695045834
0	0.0577659415766384
0	0.0149176695045834
0	0.0149176695045834
0	0.0149176695045834
0	0.0149176695045834
0	0.0149176695045834
0	0.0149176695045834
0	0.0149176695045834
0	0.0149176695045834
0	0.0188912884621846
0	0.0149176695045834
0	0.0112952329333508
0	0.016901692564041
0	0.490637264929515
0	0.0149176695045834
0	0.0104298579971247
0	0.0149176695045834
0	0.71401462126029
0	0.0148259024242889
0	0.00750868081482278
0	0.0149176695045834
0	0.0149176695045834
0	0.0149176695045834
0	0.0159755564270459
0	0.0149176695045834
0	0.0149176695045834
0	0.0149176695045834
0	0.0149176695045834
0	0.0149176695045834
0	0.0149176695045834
0	0.0149176695045834
0	0.0149176695045834
0	0.0149176695045834
0	0.0149176695045834
0	0.0149176695045834
0	0.0115259747494283
0	0.0165942551326834
0	0.0135968105423903
0	0.0599653539994628
0	0.0149176695045834
0	0.0149176695045834
0	0.0149176695045834
0	0.0135968105423903
0	0.0149176695045834
0	0.0149176695045834
0	0.0149176695045834
0	0.0149176695045834
0	0.0315091488820148
0	0.0251480150089135
0	0.0169153680478818
0	0.0149176695045834
0	0.0149176695045834
0	0.0225742349237303
0	0.0203413845879138
0	0.0126119857456675
0	0.0135968105423903
0	0.0149176695045834
0	0.0203413845879138
0	0.0211630629142085
0	0.0149176695045834
0	0.0149176695045834
0	0.0149176695045834
0	0.0153492653265233
0	0.0175584998567287
0	0.0149176695045834
0	0.0149176695045834
0	0.0149176695045834
0	0.0149176695045834
0	0.015418311988818
0	0.0149176695045834
0	0.0149176695045834
0	0.0104298579971247
0	0.0203413845879138
0	0.0351601005422747
0	0.0203873679546117
0	0.0169470254979301
0	0.0149176695045834
0	0.0165401293503122
0	0.0181461732579149
0	0.0139207121302527
0	0.0222390265755864
0	0.0114466342313411
0	0.0135968105423903
0	0.0152345948515719
0	0.0405028590051714
0	0.0149176695045834
0	0.0158665878259167
0	0.0149176695045834
0	0.568017245572506
0	0.0159755564270459
0	0.0211630629142085
0	0.0101949157424056
0	0.0433620281726334
0	0.0149176695045834
0	0.0120947280776667
0	0.0109303040829684
0	0.0149176695045834
0	0.0103620117561673
0	0.0178079327144557
0	0.0149176695045834
0	0.0149176695045834
0	0.0149176695045834
0	0.0210166037142029
0	0.047100167219196
0	0.024366359084315
0	0.0126119857456675
0	0.0341707925057649
0	0.0149176695045834
0	0.0119674065172353
0	0.0149176695045834
0	0.0156641599167437
0	0.0333081721194531
0	0.0149176695045834
0	0.0107329985860222
0	0.0136082164954219
0	0.0149176695045834
0	0.0246406828383321
0	0.0311688282246358
0	0.0149176695045834
0	0.0149176695045834
0	0.0149176695045834
0	0.0102173942008252
0	0.0159755564270459
0	0.0149176695045834
0	0.0518897134716903
0	0.0134455226503198
0	0.0149176695045834
0	0.0149176695045834
0	0.0135968105423903
0	0.0121189393311603
0	0.0149176695045834
0	0.0149176695045834
0	0.00795643955949591
0	0.0149176695045834
0	0.0388565141739585
0	0.0149176695045834
0	0.0149176695045834
0	0.0104298579971247
0	0.0203413845879138
0	0.0115259747494283
0	0.0169470254979301
0	0.0149176695045834
0	0.0820876911250277
0	0.0149176695045834
0	0.0149176695045834
0	0.0149176695045834
0	0.0336973433605473
0	0.0290806487504903
0	0.0149176695045834
0	0.015588224873983
0	0.0149176695045834
0	0.0159755564270459
0	0.0149176695045834
0	0.0149176695045834
0	0.0123463540909778
0	0.0149176695045834
0	0.0149176695045834
0	0.00993768394686832
0	0.0967923663349176
0	0.0204647942007447
0	0.0149176695045834
0	0.0162637193617547
0	0.0149176695045834
0	0.0234189724418479
0	0.0159755564270459
0	0.0149176695045834
0	0.015588224873983
0	0.0149176695045834
0	0.0114466342313411
0	0.0213792835462173
0	0.0159482944891607
0	0.0100095581579444
0	0.0169470254979301
0	0.0228369705706234
0	0.0135968105423903
0	0.00732008031144015
0	0.0149176695045834
0	0.0440724555387462
0	0.0149176695045834
0	0.0149176695045834
0	0.0149176695045834
0	0.0149176695045834
0	0.0410097579060012
0	0.0119537637934782
0	0.0149176695045834
0	0.00570844273903086
0	0.0149176695045834
0	0.011988202366986
0	0.0100978391783794
0	0.0201558794671563
0	0.011129860832195
0	0.0104298579971247
0	0.782710782176439
0	0.0149176695045834
0	0.0149176695045834
0	0.0181461732579149
0	0.0149176695045834
0	0.0111932309228381
0	0.0149176695045834
0	0.0135968105423903
0	0.00813662370866547
0	0.0203413845879138
0	0.0142254077340566
0	0.0775911022878018
0	0.0168876711969898
0	0.0149176695045834
0	0.0149176695045834
0	0.0149176695045834
0	0.0149176695045834
0	0.024366359084315
0	0.0148259024242889
0	0.0374413605176479
0	0.0149176695045834
0	0.0295948306876873
0	0.0179635370181646
0	0.0135968105423903
0	0.0126119857456675
0	0.0149176695045834
0	0.0149176695045834
0	0.0140239850341109
0	0.0444934664869659
0	0.0139207121302527
0	0.0149176695045834
0	0.0172171602586192
0	0.0343625516865348
0	0.0230737075466758
0	0.0132914879245269
0	0.0149176695045834
0	0.015588224873983
0	0.0149176695045834
0	0.00508306030588522
0	0.024366359084315
0	0.0149176695045834
0	0.0165790795859175
0	0.140319650904408
0	0.0383688984652728
0	0.0159755564270459
0	0.0149176695045834
0	0.0149176695045834
0	0.0230912715153778
0	0.0149176695045834
0	0.0149176695045834
0	0.0149176695045834
0	0.0375836762978863
0	0.0149176695045834
0	0.0341707925057649
0	0.0261309008461137
0	0.0149176695045834
0	0.00732008031144015
0	0.00525845580319483
0	0.0282567338381581
0	0.0149176695045834
0	0.0149176695045834
0	0.0211630629142085
0	0.0126119857456675
0	0.0238173262872681
0	0.0149176695045834
0	0.0188403825940853
0	0.0534873234419774
0	0.0126119857456675
0	0.0589020854703295
0	0.0378469084267245
0	0.0159191659279029
0	0.0149176695045834
0	0.0149176695045834
0	0.0149176695045834
0	0.0149176695045834
0	0.0149176695045834
0	0.0149176695045834
0	0.0100095581579444
0	0.0221037058196483
0	0.0149176695045834
0	0.0149176695045834
0	0.0149176695045834
0	0.0169470254979301
0	0.0149176695045834
0	0.0211630629142085
0	0.0113343133943171
0	0.0149176695045834
0	0.0149176695045834
0	0.00732008031144015
0	0.0149176695045834
0	0.0270756878793644
0	0.00802697244298229
0	0.0356728761179944
0	0.0149176695045834
0	0.0078684137211435
0	0.0195322797585724
0	0.0204647942007447
0	0.0149176695045834
0	0.011129860832195
0	0.0227087292866854
0	0.0149176695045834
0	0.065778222867569
0	0.0149485261455277
0	0.0690958885049848
0	0.639784842898078
0	0.0149176695045834
0	0.015235160487909
0	0.0149176695045834
0	0.0149176695045834
0	0.0104298579971247
0	0.0152903541014311
0	0.0149176695045834
0	0.0254968945844974
0	0.0149176695045834
0	0.0221037058196483
0	0.562870398371415
0	0.015235160487909
0	0.0149176695045834
0	0.0142254077340566
0	0.0149176695045834
0	0.0207019630415427
0	0.0149176695045834
0	0.0149176695045834
0	0.0149176695045834
0	0.00822845032712143
0	0.0211630629142085
0	0.0127542384048327
0	0.0149176695045834
0	0.0286888734192843
0	0.0149176695045834
0	0.106612910375807
0	0.0259960439819309
0	0.0149176695045834
0	0.0149176695045834
0	0.0319155657754004
0	0.0149176695045834
0	0.0149176695045834
0	0.0149176695045834
0	0.0149176695045834
0	0.0149176695045834
0	0.0371579823021188
0	0.0377860316873384
0	0.0149176695045834
0	0.0282665363676472
0	0.0149176695045834
0	0.0149176695045834
0	0.0149176695045834
0	0.0260009085910068
0	0.0149176695045834
0	0.0126119857456675
0	0.0149176695045834
0	0.0149176695045834
0	0.0149176695045834
0	0.02488909723474
0	0.0221037058196483
0	0.0203873679546117
0	0.0149176695045834
0	0.0340160531164393
0	0.015235160487909
0	0.0149176695045834
0	0.0149176695045834
0	0.0149176695045834
0	0.0149176695045834
0	0.0149176695045834
0	0.0195441955841716
0	0.0149176695045834
0	0.0149176695045834
0	0.0149176695045834
0	0.014555566095408
0	0.0394671100242112
0	0.0149176695045834
0	0.0193601552265354
0	0.0149176695045834
0	0.0160153323450048
0	0.0276739264376498
0	0.0169470254979301
0	0.00919975808877704
0	0.0149176695045834
0	0.0203413845879138
0	0.0282360552256843
0	0.0175106573904958
0	0.0149176695045834
0	0.0259960439819309
0	0.0221037058196483
0	0.095794173841418
0	0.0149176695045834
0	0.0149176695045834
0	0.0139207121302527
0	0.0192332841933488
0	0.0149176695045834
0	0.010753212167895
0	0.0149176695045834
0	0.0149176695045834
0	0.0149176695045834
0	0.0149176695045834
0	0.0169470254979301
0	0.0149176695045834
0	0.0149176695045834
0	0.0142254077340566
0	0.0110763595666252
0	0.0149176695045834
0	0.0135968105423903
0	0.0261851663094312
0	0.0162033413063908
0	0.0149176695045834
0	0.0149176695045834
0	0.0135968105423903
0	0.0126119857456675
0	0.017516160951894
0	0.140499718371919
0	0.0192988919087132
0	0.0232309688624495
0	0.0149176695045834
0	0.0149176695045834
0	0.0149176695045834
0	0.0149176695045834
0	0.0149176695045834
0	0.0107611420465967
0	0.0149176695045834
0	0.0204647942007447
0	0.0214294631876404
0	0.0342544691689225
0	0.0135968105423903
0	0.0392912717936089
0	0.0149176695045834
0	0.027882072216704
0	0.0149176695045834
0	0.0149176695045834
0	0.0149176695045834
0	0.0149176695045834
0	0.0474670143542631
0	0.0312621108852918
0	0.0501194887782667
0	0.0203494168952833
0	0.0169470254979301
0	0.05147236922148
0	0.0149176695045834
0	0.0145471156378163
0	0.0276450148450751
0	0.0149176695045834
0	0.0149176695045834
0	0.0235633694236486
0	0.00702320825419005
0	0.013123111739752
0	0.0183161380011327
0	0.0149176695045834
0	0.0149176695045834
0	0.0145471156378163
0	0.0149176695045834
0	0.0149176695045834
0	0.0149176695045834
0	0.0225069459732666
0	0.0149176695045834
0	0.0165942551326834
0	0.0104298579971247
0	0.0151414703599238
0	0.0149176695045834
0	0.0114126358276521
0	0.0190930282507959
0	0.0149176695045834
0	0.0135968105423903
0	0.0132914879245269
0	0.0492307529986463
0	0.0162637193617547
0	0.0211630629142085
0	0.015235160487909
0	0.0139207121302527
0	0.0221037058196483
0	0.034370454919731
0	0.0149176695045834
0	0.0139207121302527
0	0.0149176695045834
0	0.0149176695045834
0	0.0149176695045834
0	0.0159644254096055
0	0.0149176695045834
0	0.0154934464291486
0	0.0097974204426236
0	0.0115453387934073
0	0.0153876944197625
0	0.0201747261596451
0	0.0260749909520833
0	0.0149176695045834
0	0.0149176695045834
0	0.0106122952441881
0	0.010652868324492
0	0.0149176695045834
0	0.0149176695045834
0	0.0129550587691873
0	0.0126119857456675
0	0.0139207121302527
0	0.130217280730665
0	0.0351091370139176
0	0.140695850835404
0	0.0149176695045834
0	0.0149176695045834
0	0.0126119857456675
0	0.0504258772004363
0	0.0377899266777238
0	0.0463196133205516
0	0.0221037058196483
0	0.0242178966980599
0	0.0149176695045834
0	0.0345149669603096
0	0.0114466342313411
0	0.0139207121302527
0	0.0149176695045834
0	0.0149176695045834
0	0.0139207121302527
0	0.028937552838788
0	0.00851475268243855
0	0.0149176695045834
0	0.015588224873983
0	0.0147728894845771
0	0.0159755564270459
0	0.0149176695045834
0	0.0166975364025069
0	0.0149176695045834
0	0.0187084377871935
0	0.0149176695045834
0	0.0209973516152968
0	0.035071897348972
0	0.0126234275661983
0	0.0218344553973094
0	0.0149176695045834
0	0.0149176695045834
0	0.0152345948515719
0	0.0132914879245269
0	0.0149176695045834
0	0.0149176695045834
0	0.0222085502965785
0	0.0149176695045834
0	0.0221498735755968
0	0.0149176695045834
0	0.0206071011134165
0	0.0117829851011663
0	0.0149176695045834
0	0.0230368670996364
0	0.0149176695045834
0	0.0166928584408707
0	0.0238173262872681
0	0.0208295703617716
0	0.0149176695045834
0	0.0149176695045834
0	0.0149176695045834
0	0.0149176695045834
0	0.014723629511846
0	0.0221037058196483
0	0.0111636716663388
0	0.0149176695045834
0	0.0149176695045834
0	0.0122618316618513
0	0.0149176695045834
0	0.0226949061539268
0	0.0149176695045834
0	0.0149176695045834
0	0.0149176695045834
0	0.0149176695045834
0	0.031466032718192
0	0.0159755564270459
0	0.0177402031277263
0	0.014598723091708
0	0.0149176695045834
0	0.0263606536122748
0	0.0039871549652546
0	0.0145831248977749
0	0.0149176695045834
0	0.0149176695045834
0	0.0366935916825284
0	0.0149176695045834
0	0.0149176695045834
0	0.0148259024242889
0	0.0149176695045834
0	0.0149176695045834
0	0.0221037058196483
0	0.0375835634162811
0	0.0238173262872681
0	0.0149176695045834
0	0.0169470254979301
0	0.0149176695045834
0	0.0200034656223595
0	0.0149176695045834
0	0.0416159389375323
0	0.0122144096144462
0	0.0164162462294762
0	0.0178494952596079
0	0.0149176695045834
0	0.0126119857456675
0	0.0169470254979301
0	0.0149176695045834
0	0.0216123218156336
0	0.0154934464291486
0	0.0149176695045834
0	0.0149176695045834
0	0.00879417117548258
0	0.0221037058196483
0	0.0180932324773037
0	0.0104298579971247
0	0.305685332980676
0	0.0142455058356203
0	0.0300731406734045
0	0.0204647942007447
0	0.0149176695045834
0	0.0149176695045834
0	0.0165677358480424
0	0.00676638407856923
0	0.0212374929648673
0	0.01433247328896
0	0.0348779706605236
0	0.0149176695045834
0	0.0149176695045834
0	0.032452091315668
0	0.0238173262872681
0	0.0149176695045834
0	0.0149176695045834
0	0.0158215714799142
0	0.0238173262872681
0	0.424363110349774
0	0.0149176695045834
0	0.0100655566861467
0	0.0284290159879781
0	0.0149176695045834
0	0.0149176695045834
0	0.0341707925057649
0	0.0232591214510867
0	0.0148562873071592
0	0.0196909892857927
0	0.0149176695045834
0	0.00906646399260107
0	0.0126119857456675
0	0.00736899948138381
0	0.0149176695045834
0	0.0152199514539048
0	0.0149176695045834
0	0.0149176695045834
0	0.0149176695045834
0	0.0149176695045834
0	0.0135968105423903
0	0.024366359084315
0	0.00732008031144015
0	0.0149176695045834
0	0.0273242182859905
0	0.0149176695045834
0	0.186103386611674
0	0.0149176695045834
0	0.024366359084315
0	0.042541633351245
0	0.0170482249537527
0	0.0272200551892198
0	0.0246055473885493
0	0.0149176695045834
0	0.26592932584471
0	0.0149176695045834
0	0.0273860047836059
0	0.0149176695045834
0	0.0149176695045834
0	0.0149176695045834
0	0.0149176695045834
0	0.0149176695045834
0	0.0149176695045834
0	0.015588224873983
0	0.0100775240975339
0	0.0149176695045834
0	0.00964829030949276
0	0.0203413845879138
0	0.0204647942007447
0	0.0149176695045834
0	0.0149176695045834
0	0.0228907649763531
0	0.0206478246545647
0	0.0149176695045834
0	0.0149176695045834
0	0.0104298579971247
0	0.0149176695045834
0	0.0149176695045834
0	0.0149176695045834
0	0.0149176695045834
0	0.00805017769103303
0	0.0149176695045834
0	0.0245725996359684
0	0.0251371175347695
0	0.0262858679329143
0	0.0560729894119501
0	0.0196706583344478
0	0.0140331288452024
0	0.0118560531158162
0	0.0149176695045834
0	0.0149176695045834
0	0.0149176695045834
0	0.0135968105423903
0	0.0149176695045834
0	0.0261851663094312
0	0.0149176695045834
0	0.0149176695045834
0	0.0375836762978863
0	0.0125676201410247
0	0.02488909723474
0	0.0120459363583724
0	0.0149176695045834
0	0.0149176695045834
0	0.0149176695045834
0	0.0149176695045834
0	0.0155941702429223
0	0.0149176695045834
0	0.0136082164954219
0	0.143706023215472
0	0.0221037058196483
0	0.0149176695045834
0	0.015588224873983
0	0.0828777559155101
0	0.0135968105423903
0	0.0149176695045834
0	0.0158477628285796
0	0.0149176695045834
0	0.0149176695045834
0	0.0149176695045834
0	0.0211630629142085
0	0.037756821154958
0	0.0149176695045834
0	0.012336213235333
0	0.0149176695045834
0	0.111176019738542
0	0.0548092769384221
0	0.0145471156378163
0	0.0149176695045834
0	0.0149176695045834
0	0.0165942551326834
0	0.0295950278379947
0	0.383297902559666
0	0.0149176695045834
0	0.0149176695045834
0	0.0149176695045834
0	0.0149176695045834
0	0.0159443553080312
0	0.0149176695045834
0	0.0149176695045834
0	0.0148259024242889
0	0.0167756994644423
0	0.0203521309923222
0	0.0149176695045834
0	0.0149176695045834
0	0.0159755564270459
0	0.0135968105423903
0	0.0149176695045834
0	0.0135968105423903
0	0.0149176695045834
0	0.015588224873983
0	0.0149176695045834
0	0.0149176695045834
0	0.0151907208559762
0	0.0149176695045834
0	0.011129860832195
0	0.0149176695045834
0	0.0399477047475588
0	0.0149176695045834
0	0.0149176695045834
0	0.0149176695045834
0	0.0149176695045834
0	0.0391403524011159
0	0.0149176695045834
0	0.0149176695045834
0	0.0149176695045834
0	0.34842712665466
0	0.0149176695045834
0	0.0149176695045834
0	0.0149176695045834
0	0.0149176695045834
0	0.0173324504907176
0	0.0149176695045834
0	0.0149176695045834
0	0.0149176695045834
0	0.0181461732579149
0	0.0169470254979301
0	0.015197663978259
