1	0.834163662078701
1	0.994853546033664
1	0.847985582902128
1	0.997086490816178
1	0.989997164751101
1	0.79817162032815
1	0.204965519783113
1	0.997564335353598
1	0.96439703485707
1	0.999250459596475
1	0.897823459302682
1	0.0123106975921967
1	0.994426145269726
1	0.885499573535251
1	0.988494207997436
1	0.99326478978637
1	0.997391004540677
1	0.946942076167512
1	0.0192734255550983
1	0.0109634002634786
1	0.0139138057750201
1	0.724325306290776
1	0.990840211818145
1	0.852943970380631
1	0.922184168202308
1	0.0352987494763576
1	0.999789754216914
1	0.983373264003448
1	0.823284211906932
1	0.502797650813203
1	0.957548406982435
1	0.990762609908216
1	0.997224663274943
1	0.99816652952176
1	0.952949049390251
1	0.998026404837126
1	0.987569376584219
1	0.999190396854113
1	0.990047267583936
1	0.999357605536916
1	0.899148105241224
1	0.988084628595843
1	0.989828521277736
1	0.976683481793804
1	0.994048568090763
1	0.933635430459911
1	0.995376613119042
1	0.995775423255009
1	0.671753189772
1	0.390598417787481
1	0.99669409057657
1	0.832690583875704
1	0.999894190281367
1	0.99798693703287
1	0.862116326388865
1	0.987068762445637
1	0.999553557838349
1	0.984164876129975
1	0.0118891003267026
1	0.85878701010513
1	0.998334156914734
1	0.997798124640316
1	0.0558853084529368
1	0.005855761500456
1	0.247468973396146
1	0.992530151338326
1	0.100630503668849
1	0.92244934534924
1	0.92755434709133
1	0.997995220701871
1	0.0118374257794165
1	0.0118867371375412
1	0.989143401120444
1	0.999167260066296
1	0.928916741595115
1	0.881244419899987
1	0.999121304237811
1	0.925720301047417
1	0.0478582874237789
1	0.999806491950852
1	0.99996839696257
1	0.0184613462427165
1	0.99817197287497
1	0.917618739996667
1	0.01234098781722
1	0.0349327663964406
1	0.995392593652182
1	0.983644744224161
1	0.015978952966653
1	0.996795575520274
1	0.011892444230651
1	0.937738816187864
1	0.994288846531277
1	0.947428913991944
1	0.951686275178277
1	0.995926033730367
1	0.997049028359378
1	0.998000906731937
1	0.976546780446618
1	0.9777276366074
1	0.0118930701844164
1	0.999208431945391
1	0.969209053307198
1	0.00699520017933753
1	0.998246963612618
1	0.998984718044448
1	0.0117654381603067
1	0.880804194536249
1	0.995019961505127
1	0.988744821402288
1	0.992670192660176
1	0.999987446632305
1	0.011915514777293
1	0.996563515634225
1	0.999621524392054
1	0.986170947682835
1	0.937845810542079
1	0.981741356472382
1	0.999912679671267
1	0.99559573591723
1	0.938963708691424
1	0.99937806478618
1	0.930151216070891
1	0.0138016073053454
1	0.75856056162218
1	0.7352773020052
1	0.981497403863256
1	0.930991194286016
1	0.972336562806131
1	0.975053888271644
1	0.975316255502471
1	0.999336120547748
1	0.171548374231608
1	0.991850781726534
1	0.200581181824857
1	0.868589207077031
1	0.923422605115889
1	0.848184391615739
1	0.977730095647156
1	0.999226073548908
1	0.279197551623085
1	0.011889720934713
1	0.994303704745225
1	0.996966918271167
1	0.99744156718963
1	0.998646162052562
1	0.999223476877373
1	0.999986044956162
1	0.988509241408773
1	0.960342536651785
1	0.949675026407626
1	0.987512176806387
1	0.999975104117508
1	0.997269819878092
1	0.939367704524878
1	0.996836441748063
1	0.987532657479916
1	0.991548787140021
1	0.992570973985736
1	0.935367435071222
1	0.935732153462546
1	0.98786493661909
1	0.958855701230743
1	0.692226003681348
1	0.99590321665004
1	0.997757776658338
1	0.999961609402873
1	0.0040921735407452
1	0.999898442263898
1	0.999277478813676
1	0.0120408948463823
1	0.987187748867233
1	0.997663988990309
1	0.995481261180792
1	0.997687712510958
1	0.627113332063991
1	0.993114516132292
1	0.96482667332822
1	0.712997326880835
1	0.98715891277438
1	0.952120708310849
1	0.98294451366992
1	0.977243145589194
1	0.981195393860357
1	0.867817229737268
1	0.950939956903099
1	0.850452394500845
1	0.0562462834557994
1	0.979843942823965
1	0.988754671680355
1	0.970130537434807
1	0.9062029625151
1	0.472079286447146
1	0.959922131415768
1	0.0307341690017702
1	0.974456141671865
1	0.874820743624703
1	0.0105707235042002
1	0.930150411953741
1	0.99115561739679
0	0.00402242767953084
0	0.0120006457553498
0	0.0124972292477122
0	0.0108332332234684
0	0.0131161178183493
0	0.0119774071685393
0	0.0123320344617229
0	0.0119198839777408
0	0.0123739606009199
0	0.0118885805921195
0	0.0138072047932778
0	0.0118385638490112
0	0.0118314797081019
0	0.0118063766306883
0	0.0124949929970362
0	0.0120956103412173
0	0.0119725788803433
0	0.0787886387258039
0	0.0335460903271314
0	0.0218899605078902
0	0.027139329451719
0	0.00635731226513812
0	0.0128618452944736
0	0.0120297365008688
0	0.0123612302375234
0	0.0123906385164772
0	0.0117725190800877
0	0.0288442184108006
0	0.01178162344982
0	0.0351302601661062
0	0.012797429937723
0	0.0118030129938692
0	0.0155973172934246
0	0.0120374337971412
0	0.00981450018209326
0	0.0132370921333823
0	0.0118228721465757
0	0.0118255520206767
0	0.014962467047132
0	0.0121503194560783
0	0.0105371559156906
0	0.011836184840309
0	0.013419221881126
0	0.0118129731342701
0	0.0107780801364049
0	0.00767166368963683
0	0.0118046998292298
0	0.0164830816699929
0	0.0119179821145207
0	0.00523411335398063
0	0.0153702157638338
0	0.0109554466442066
0	0.00489211695031695
0	0.0124173029606351
0	0.0111821155380775
0	0.0164809381679335
0	0.0234750345424743
0	0.0137495818371736
0	0.00487024211045192
0	0.0119226719645145
0	0.014205100897759
0	0.016267774487432
0	0.0120203680885951
0	0.0117911451293713
0	0.011841244661791
0	0.0120858571470789
0	0.0106355615535161
0	0.0109598667647077
0	0.00973541744416763
0	0.0105160549964324
0	0.0118162804619685
0	0.010387191069405
0	0.0119947986778346
0	0.0122017087010159
0	0.0114502796913029
0	0.0119676900503139
0	0.00590166855656352
0	0.0116127418617327
0	0.0120423664827686
0	0.011200598196313
0	0.00801507782265103
0	0.0119624753907176
0	0.0119687051402832
0	0.00433270139912953
0	0.00962370463129607
0	0.0126685734204289
0	0.0124883959108997
0	0.0118209641951007
0	0.034536620500816
0	0.00686816244587412
0	0.0182446144717297
0	0.0118570971383876
0	0.012083660277877
0	0.0126138801700742
0	0.011985635833925
0	0.0224743062334253
0	0.0123220960315054
0	0.0119353469258816
0	0.0110285940436525
0	0.0119673543085043
0	0.0120135631293485
0	0.0121373412954427
0	0.0119360930807485
0	0.00951025123023142
0	0.0120586868360367
0	0.0049859928374512
0	0.0189886313356151
0	0.0320766446516579
0	0.0118879393584931
0	0.0118610100024357
0	0.0120946590895611
0	0.011940727645878
0	0.014426193999741
0	0.011932005234386
0	0.0119548552027302
0	0.0119227808715745
0	0.0101743789995142
0	0.0122679760937336
0	0.00492458842275279
0	0.011769150683798
0	0.0107213561273507
0	0.0175541065628918
0	0.0111388239400386
0	0.028993841767366
0	0.0102772095163295
0	0.0135390398104241
0	0.011877759183691
0	0.0207475303618318
0	0.0130676366201382
0	0.0119420053847371
0	0.0118919941848352
0	0.0120035351096153
0	0.0159155988752633
0	0.0112661456745261
0	0.0139303604968443
0	0.0123080884218716
0	0.0122789155025254
0	0.0103275926259626
0	0.0109153426728974
0	0.0120355649251156
0	0.0101872921507889
0	0.0161360573341521
0	0.0220864867328487
0	0.0125504789859114
0	0.0130050549247312
0	0.00626079416577784
0	0.012765093509917
0	0.0123642636053491
0	0.0123923955815241
0	0.00360476842324988
0	0.0118207173664631
0	0.0118529921950517
0	0.0122301305688152
0	0.00268612213888068
0	0.0119375520630484
0	0.00951669700727044
0	0.0119050437615993
0	0.0124395454250907
0	0.0118117116053876
0	0.0118729757471766
0	0.00939396614031583
0	0.0120675046988677
0	0.0118787279838717
0	0.0225736266378131
0	0.00678860550960207
0	0.0118087856792181
0	0.0107315097211064
0	0.0119196022269663
0	0.0103184583310337
0	0.0110976979279666
0	0.00697587003561058
0	0.00704958484945066
0	0.0244439285806423
0	0.010558488178298
0	0.0120344447862899
0	0.013962993735791
0	0.0120666313377352
0	0.0127917928470444
0	0.00805668969968247
0	0.0137124344960551
0	0.0117828151663777
0	0.0122889845440068
0	0.0052153699042869
0	0.0133494899198829
0	0.0114890943485002
0	0.0414722932649594
0	0.0051992943087664
0	0.012337629334056
0	0.0119332560982563
0	0.0117706165973611
0	0.00774302773181628
0	0.00495584572518932
0	0.0121945769758597
0	0.0119084473030375
0	0.0121103278908301
0	0.0162197724002298
0	0.00684665729751747
0	0.0118200231882209
0	0.011989637534429
0	0.00865882825384364
0	0.00501519927387668
0	0.0118582783432833
0	0.00353015540561031
0	0.0305774787956849
0	0.0107667077453864
0	0.0149248302665831
0	0.0118466621970149
0	0.0441957615658586
0	0.0119408704758336
0	0.0206857363948431
0	0.0119877108181235
0	0.012082740653128
0	0.0117718405015948
0	0.0073478633723243
0	0.00529211004131851
0	0.0106449417076208
0	0.0143817070478033
0	0.0143248269770454
0	0.00773075809730149
0	0.00773955707481501
0	0.0120006483651158
0	0.010613443792722
0	0.00685696278742391
0	0.0127921097239517
0	0.0118457732751311
0	0.0158247809978381
0	0.0124274075625902
0	0.0118351628355424
0	0.0118351345192714
0	0.0124557636972958
0	0.0117966426537951
0	0.00456303337173301
0	0.00840090377811182
0	0.0123049893945627
0	0.00932494456357911
0	0.0117761482104533
0	0.0193003485832098
0	0.0118342387299798
0	0.00508868663167615
0	0.0161334367428137
0	0.00183013335072061
0	0.00752807918484376
0	0.0132987001302189
0	0.0114276064387594
0	0.0117977306581862
0	0.0118658170647607
0	0.0120801844595433
0	0.0118422826398764
0	0.005869153142586
0	0.00976170681960311
0	0.0118332941052277
0	0.0105029177405377
0	0.0117885139863247
0	0.0270352458761887
0	0.0112997568430012
0	0.0118304915563662
0	0.0112991999329225
0	0.0125783651472328
0	0.0127449942395416
0	0.0120875129431509
0	0.014075323786846
0	0.0118406909385406
0	0.0120960259143038
0	0.0120093446078695
0	0.00767507040991142
0	0.0118142322265655
0	0.0120446225998989
0	0.0127998855639215
0	0.011779132762435
0	0.0113115683277557
0	0.00770748146728667
0	0.0117624135410646
0	0.0151885113316782
0	0.0089780891998878
0	0.00827452587851689
0	0.0121952504547092
0	0.0120114758884279
0	0.0123026737952694
0	0.0119862457798939
0	0.0401395134350984
0	0.0187971526979009
0	0.0144148881923784
0	0.0118668081316558
0	0.0123757549149012
0	0.0284865625702926
0	0.00829847929791126
0	0.00793841894396289
0	0.0122230719533184
0	0.00432375448561238
0	0.00975667281557144
0	0.0243304691805216
0	0.0121111337150196
0	0.0068267624602855
0	0.0120853893595767
0	0.993482573647778
0	0.0107943239604377
0	0.00310055683934112
0	0.0120351351183962
0	0.0123683385869718
0	0.00442796570711374
0	0.019472289736809
0	0.0108049702434342
0	0.00847544950498374
0	0.00345272205054188
0	0.017414502848144
0	0.0148584631243011
0	0.0120697917997273
0	0.0122251139507204
0	0.00370839014441129
0	0.0153287394200771
0	0.0117918376318716
0	0.0127070877688608
0	0.0128624601235537
0	0.0122083137779572
0	0.0122208433192213
0	0.00488740658769856
0	0.0118200463268467
0	0.0121258189915259
0	0.0118060967194429
0	0.0117699918913712
0	0.0118241682871384
0	0.0118137594090144
0	0.0165521625122872
0	0.0120370542411118
0	0.0109566138825386
0	0.0501424789048627
0	0.00984946139782875
0	0.0118612989394708
0	0.457070724691915
0	0.0079810433394694
0	0.0163190093152795
0	0.00558666282556841
0	0.011787147354437
0	0.0122077297128561
0	0.0119620331326727
0	0.0172787314834332
0	0.00403806610984394
0	0.0110366530310231
0	0.0117780105856992
0	0.01203095179162
0	0.0108367943069636
0	0.012020255687003
0	0.00476848516600614
0	0.0121263489702099
0	0.00474290390406407
0	0.00866711389622056
0	0.0121037534074912
0	0.0129335391231184
0	0.012127029274888
0	0.0206593776937951
0	0.0185410536721322
0	0.0124969467461803
0	0.012073273726893
0	0.0121716581946181
0	0.0117782052937226
0	0.0129559625604954
0	0.0118614227717575
0	0.0579181345193043
0	0.0121019725628781
0	0.0117948235471874
0	0.0118007360155705
0	0.00495655421606512
0	0.0212968178009641
0	0.0120396171282851
0	0.0118612834605248
0	0.0257634034849574
0	0.00501493237934784
0	0.0080685344574739
0	0.0119756490739895
0	0.016039756360142
0	0.0121221387757293
0	0.00670778905100123
0	0.0118132275116174
0	0.012920706525452
0	0.728870585543643
0	0.0120959180743631
0	0.0118281038596334
0	0.0120411881120569
0	0.010631181243133
0	0.0122221878644001
0	0.0121543093944063
0	0.00480214308095774
0	0.0118566458353348
0	0.0116247445601951
0	0.0118364319880546
0	0.00497290683706407
0	0.0118041452269401
0	0.0293494557344016
0	0.0118705589245012
0	0.00953668913182287
0	0.00787560774302189
0	0.0118345373189668
0	0.0152507813821746
0	0.0117809059145018
0	0.011931052080129
0	0.0121613411754889
0	0.0153051420821567
0	0.00689414881126311
0	0.00795635466093841
0	0.00151586854882786
0	0.0185218076280432
0	0.0119383153730882
0	0.0119410340831295
0	0.0229423645360184
0	0.00521788196699305
0	0.0439555447276055
0	0.00967299611036682
0	0.0119114201220508
0	0.0049203588270881
0	0.00433322162488594
0	0.0120937675654213
0	0.0119256906097375
0	0.0121069945535124
0	0.00763854638681557
0	0.0031346308018847
0	0.0118771314428564
0	0.0129143357178961
0	0.00388782532304056
0	0.0142413167987131
0	0.0104639380193894
0	0.0118398462379368
0	0.00488263443057452
0	0.012605146243012
0	0.0229698908329409
0	0.0117980257708091
0	0.00499310235972913
0	0.0118767155503149
0	0.00795383288020346
0	0.0340663247615264
0	0.144438112674143
0	0.00918454990432585
0	0.0118304606779384
0	0.012157618589474
0	0.00972510703329787
0	0.0119063832839172
0	0.00567909305965116
0	0.0122440904866107
0	0.0141716761866754
0	0.012167588553606
0	0.0118645680240201
0	0.0121964622788484
0	0.0127413904224321
0	0.004150328137351
0	0.00783303679373499
0	0.0132292033005113
0	0.0028627266105451
0	0.00489638459111683
0	0.0121006542366365
0	0.012167855764479
0	0.010836766945979
0	0.00806183421713961
0	0.00815490336837544
0	0.00329949643546045
0	0.0118173162779156
0	0.0163662751698964
0	0.0221271995746944
0	0.00542439968731041
0	0.0119913872265303
0	0.00862599557315607
0	0.0125949354170978
0	0.00914443338386015
0	0.00718906067384887
0	0.013329002625878
0	0.0116523488551792
0	0.0124778029588809
0	0.0122544581849349
0	0.00800985033345739
0	0.0075576954459439
0	0.011860434728867
0	0.0118636622926788
0	0.0118427617370048
0	0.0118425943084122
0	0.0242071712158753
0	0.0117946285677229
0	0.00997728672643726
0	0.0118741688452541
0	0.0119681195010749
0	0.01798387633654
0	0.0121106833949735
0	0.0118461597548088
0	0.0121134909231065
0	0.00850228090618274
0	0.0114182592031673
0	0.0136659444624347
0	0.012000554413891
0	0.0123596018999045
0	0.0118801257771572
0	0.0123339580320464
0	0.0124586114447337
0	0.00593853213504904
0	0.0120863407214987
0	0.0119793661163548
0	0.0186501853843921
0	0.0123461506965001
0	0.0123795515292486
0	0.0079262874600186
0	0.0116030633814215
0	0.0121488242231541
0	0.0316612347688713
0	0.0122898314987247
0	0.010560115139485
0	0.0120218163322043
0	0.0123638550585529
0	0.0132201696237139
0	0.0118736394256448
0	0.0124067102203794
0	0.0109767836011586
0	0.0118299383299354
0	0.0115560614891676
0	0.00535698565145769
0	0.0113825918525169
0	0.0118235844921679
0	0.0122404360288765
0	0.0114419487364518
0	0.0118828727463807
0	0.0112127331981603
0	0.0118513026449185
0	0.00786039494456888
0	0.0121993151331471
0	0.0120910163053152
0	0.0118275558886698
0	0.0139393332735545
0	0.0119171008647161
0	0.0119376325458467
0	0.0120598713146555
0	0.0047932288969279
0	0.0107729951153556
0	0.0105023568110992
0	0.011788816563894
0	0.0112945887260322
0	0.0134340958807544
0	0.0237039262993433
0	0.0118837463262145
0	0.01316653279458
0	0.0117883879737787
0	0.027966064173336
0	0.0119296024859331
0	0.0123108073231207
0	0.00892103621927016
0	0.00112139079800385
0	0.0117898653879151
0	0.00849409987233386
0	0.0118695752929291
0	0.0121528876653527
0	0.0118413373807427
0	0.0123273636625718
0	0.0118370962228861
0	0.0121515532921829
0	0.0121461477452943
0	0.0118623412344181
0	0.0118815702481317
0	0.00832365743874642
0	0.0119420157734115
0	0.0189544326667974
0	0.0122917782566996
0	0.0120030487626663
0	0.0110457285343956
0	0.00789294041247533
0	0.0119736073997323
0	0.0118774259344749
0	0.0118410901317986
0	0.00715509702453977
0	0.0109080237030347
0	0.00915819841179986
0	0.0113043777092583
0	0.0119914069280563
0	0.0122040408647708
0	0.0160725312334207
0	0.0147194221685182
0	0.0122238700801792
0	0.0118827331862497
0	0.011888575420744
0	0.0118321513890344
0	0.0119543222291752
0	0.00402288839324241
0	0.0131389785202911
0	0.011953932263397
0	0.0141465030402808
0	0.00797747592603577
0	0.0119602018360046
0	0.0120856992738606
0	0.0120171585167752
0	0.0106912946817622
0	0.0230334585256363
0	0.0487743350395337
0	0.00399719172650393
0	0.00801027384469194
0	0.00496025651851891
0	0.0100901177300602
0	0.0119440183571105
0	0.0143922800963804
0	0.0124467677017237
0	0.0100469328206816
0	0.0128848501291835
0	0.00818594165551755
0	0.00497590969493297
0	0.0164232942308274
0	0.0164236320130275
0	0.0132586608408917
0	0.0106750172075069
0	0.00449595378172231
0	0.0120203628605911
0	0.0121329584862835
0	0.0109262841994526
0	0.0061310421029932
0	0.012233356421153
0	0.0193286447978648
0	0.0119890761323713
0	0.0283088128612103
0	0.0117551084946254
0	0.0120699650258213
0	0.0196289026547847
0	0.0114204778101232
0	0.0122938853892427
0	0.0145972257790842
0	0.00661100161672046
0	0.0119336428023044
0	0.0120680176859652
0	0.0128222485471507
0	0.00412584207306555
0	0.0118814410397265
0	0.0118840409798754
0	0.0149277887288611
0	0.0230355689471255
0	0.0145135707430887
0	0.154439603820729
0	0.0142557853216937
0	0.0118446190633246
0	0.0283659596607345
0	0.011867138505461
0	0.00528686534271169
0	0.0114786098644427
0	0.0111432703324491
0	0.0153541840892734
0	0.012425584245773
0	0.0118047486149224
0	0.0120003108853465
0	0.0118372198055227
0	0.0120287279251869
0	0.011838118392607
0	0.0121434776240652
0	0.0122353088289114
0	0.0118299203183417
0	0.0119814530564923
0	0.0118238133775508
0	0.0119417300881205
0	0.0119069322733186
0	0.00506136147095196
0	0.00488133733445328
0	0.0124038652463212
0	0.0410580715073373
0	0.00990270552156936
0	0.0118419143147824
0	0.0125975773621767
0	0.00871351026885683
0	0.00911638947056794
0	0.0179039640914445
0	0.0104514401526778
0	0.0118671772217362
0	0.0100680939058722
0	0.0120321210884089
0	0.0129747119009516
0	0.011977217021574
0	0.0112102064120414
0	0.0124293121977684
0	0.0118360561195442
0	0.00813626798540966
0	0.012120295273075
0	0.0118080048682942
0	0.00663154132650599
0	0.00824446116355778
0	0.0119336713514161
0	0.0118359948811084
0	0.0116297205739866
0	0.0116393197899987
0	0.0122597159179185
0	0.0123229854245795
0	0.0117946465262247
0	0.0117968222703287
0	0.0120395281119332
0	0.061607165340553
0	0.00786396276255013
0	0.00648934854593701
0	0.0119461148020194
0	0.0119020129774477
0	0.0119896610010597
0	0.012216218243123
0	0.0120367157500167
0	0.0115977054741757
0	0.0119781886257346
0	0.0119136723787884
0	0.0118417958349904
0	0.011903271090403
0	0.00789209723971882
0	0.0119213158946276
0	0.0163916086746661
0	0.0372340513287602
0	0.0123839926859577
0	0.0154625848125225
0	0.0122526039863878
0	0.0109515225668197
0	0.0124289268918864
0	0.0148375481233382
0	0.0117653127589624
0	0.0122288374960155
0	0.0118418318939335
0	0.0108217579605104
0	0.0176638270831039
0	0.0124707856771736
0	0.0179873226610276
0	0.0109620426873841
0	0.0120214895473796
0	0.0108367079602714
0	0.0118978849083525
0	0.00761750925618552
0	0.00835038894336449
0	0.0119046613803505
0	0.0121757548172709
0	0.0122160243517949
0	0.0198636852282505
0	0.0119909100127614
0	0.0121662279423318
0	0.0121597044738077
0	0.00485639161125513
0	0.0292783953547714
0	0.0162539696497362
0	0.0118246363723994
0	0.0181554590245459
0	0.00491402390104798
0	0.00188196185610283
0	0.0119134140389773
0	0.012204194765916
0	0.0119104883620667
0	0.0121626739656733
0	0.00962703780626743
0	0.0118731384353945
0	0.0107481750661694
0	0.00690268460184362
0	0.0120233954801221
0	0.0147690089944148
0	0.00806831603076372
0	0.0120367191945791
0	0.00305969661341862
0	0.012014380882094
0	0.0400095853145712
0	0.011799424447217
0	0.0118205733854428
0	0.0120365255000048
0	0.00284900276596263
0	0.015479511085924
0	0.00499536418566933
0	0.0178507209967945
0	0.0118583660356186
0	0.00447172188571106
0	0.00503565302064228
0	0.0448054494230753
0	0.0117912861914363
0	0.141602497317209
0	0.0122765113331395
0	0.0287096659600503
0	0.0120258247350791
0	0.0179856353559756
0	0.0122940056632467
0	0.00684062993749225
0	0.012145715460264
0	0.0125333897893761
0	0.0120409079384495
0	0.0119595455605452
0	0.0119098640928622
0	0.0181758864044113
0	0.0121090586934684
0	0.0990023589763704
0	0.0120371170633623
0	0.017085857533746
0	0.0118761266090948
0	0.0118762040997121
0	0.0118648880138159
0	0.0104094428597012
0	0.944483123391824
0	0.0128594266459546
0	0.0119155381005971
0	0.0414577887127445
0	0.011970860536364
0	0.0118202314374642
0	0.0123281328262382
0	0.011885886606459
0	0.010315562673022
0	0.0121940758677957
0	0.0128933618494846
0	0.0206389509308137
0	0.0308207312662083
0	0.00815714820239654
0	0.0121430510545435
0	0.0118151933372578
0	0.0161228458659421
0	0.00949749168272498
0	0.0121010331422266
0	0.606894746597589
0	0.0101103283373785
0	0.0118989277916147
0	0.0122775496223558
0	0.0118320561676065
0	0.00889946012151458
0	0.00773298127889274
0	0.00336600673288882
0	0.0130717727087334
0	0.00434396413705482
0	0.0122066229428166
0	0.0123977406268943
0	0.00600769634258866
0	0.00567919476475901
0	0.0119799340619965
0	0.0118673295069626
0	0.00686030218039821
0	0.0127930926199764
0	0.0100683220614258
0	0.0110284698847199
0	0.0118882005019343
0	0.0154065668867123
0	0.00362789070587482
0	0.00301693193229447
0	0.00764772609572941
0	0.012357651398075
0	0.00362750002718935
0	0.0118154503318156
0	0.00249831693630001
0	0.0122860693454806
0	0.00672497878158358
0	0.381855572996077
0	0.0121678954497564
0	0.0121432728462685
0	0.0118205733854428
0	0.0118054906955437
0	0.00445847138006876
0	0.0120498845497483
0	0.0121050465769833
0	0.0049253162001313
0	0.0148375016306886
0	0.0120148564057776
0	0.00828435046445862
0	0.0222825670588296
0	0.011946717564731
0	0.0192034213787319
0	0.00945792052428502
0	0.00487824087544147
0	0.00646528832865135
0	0.00356538716421737
0	0.00727171709080111
0	0.00589514511330424
0	0.011949895556245
0	0.00836920870066186
0	0.0118411622455471
0	0.0122466063803404
0	0.0173041326822028
0	0.0120076576090351
0	0.0118480304925242
0	0.010281326373193
0	0.0110768488753498
0	0.0120284049021427
0	0.00959161253312396
0	0.0108704455606362
0	0.00517899725909251
0	0.0118765269826612
0	0.011871318002338
0	0.0125191994501269
0	0.0118529277442008
0	0.0120553832684683
0	0.0090443256619187
0	0.0122504331146972
0	0.0130349399119933
0	0.0154704330634195
0	0.0146608387821578
0	0.0119189386026019
0	0.0119041021382926
0	0.0120111598293601
0	0.0110972413872528
0	0.00990480050034277
0	0.00757769017763078
0	0.0325432017935903
0	0.00232582562786522
0	0.00491512939704425
0	0.0108733031119563
0	0.0120697366828487
0	0.00808886672634024
0	0.00573331960711888
0	0.0118583041350801
0	0.0120474976507526
0	0.0107352782442715
0	0.0119517019006673
0	0.011801310995054
0	0.00523440697212781
0	0.0117694901020903
0	0.00912672541643098
0	0.00819415843619821
0	0.00240295129823367
0	0.0120756671095182
0	0.014551459607812
0	0.0104863730515304
0	0.0148246002993156
0	0.0185259188066902
0	0.0118007052138793
0	0.0106379120722061
0	0.416539134525267
0	0.0118152601553115
0	0.00981331726732647
0	0.0111835687714927
0	0.0158890739169021
0	0.00371436023440233
0	0.0118383449810784
0	0.0118427334027708
0	0.00754467994518025
0	0.0121124057609775
0	0.0121172923816582
0	0.0130608861750849
0	0.00342872651665132
0	0.0123356318583305
0	0.0120147858598808
0	0.036082519071605
0	0.0120719205512944
0	0.0121897311327002
0	0.0119112007419356
0	0.0121419685571198
0	0.0118282530767291
0	0.0118497752313244
0	0.011977623366657
0	0.00613686205597996
0	0.0123426459316314
0	0.0116654348927504
0	0.0119783918128554
0	0.0114664930262713
0	0.0282034342698203
0	0.00828532921320876
0	0.0118196169840795
0	0.0124166065767938
0	0.0132355220313496
0	0.00714860556573003
0	0.0120657689208905
0	0.0120636963302335
0	0.00474843264682758
0	0.0118916243321924
0	0.0119398395411216
0	0.0145753388467612
0	0.0123632753641891
0	0.00391864810219331
0	0.0144936354078532
0	0.0126423824516277
0	0.00886999511418236
0	0.0121408219637263
0	0.00427947209382723
0	0.00989793336419431
0	0.0118347689879639
0	0.0161516252833393
0	0.0123511681496418
0	0.00757148980862235
0	0.0145004979230312
0	0.00317868922325784
0	0.00605510510794015
0	0.0118297196195596
0	0.0057071102310905
0	0.0122564272421787
0	0.0118385097753854
0	0.00787497226143183
0	0.0119719460007205
0	0.0119576062394782
0	0.00933295041351706
0	0.0120818130259254
0	0.0118386513973038
0	0.00505350331459613
0	0.0118290069087638
0	0.00498404539680364
0	0.011124647355282
0	0.0073010953053382
0	0.0120232019973435
0	0.00250939910448923
0	0.0111492188766402
0	0.00966658915208275
0	0.0119280614497102
0	0.0130642297183889
0	0.0118342567480697
0	0.0118866569937488
0	0.0122900345626813
0	0.0115845577469399
0	0.012020255687003
0	0.0042903029401859
0	0.0127029518278154
0	0.0128968276040093
0	0.0118741301064431
0	0.0178788709356457
0	0.00703890494072103
0	0.0177355607404305
0	0.0122763778832315
0	0.0117603029042372
0	0.00393147910212514
0	0.0120963265980285
0	0.012968638949389
0	0.0114901093168717
0	0.0118458428405537
0	0.00297378451572981
0	0.00196739820426321
0	0.011844572691065
0	0.0102505283309675
0	0.0189920658058546
0	0.0119709724816579
0	0.0199673771927513
0	0.041883301938986
0	0.0138116301329236
0	0.012789497090368
0	0.0119409016389573
0	0.0118397947337283
0	0.0118076623065252
0	0.0200642926766798
0	0.0169107037749531
0	0.0176427471939516
0	0.0114195493132047
0	0.0119159760687929
0	0.00393571351518429
0	0.011843936378733
0	0.0116219735799515
0	0.011797838437603
0	0.0215151050308508
0	0.0118280112430612
0	0.0121077948930545
0	0.0121196797623544
0	0.00305837192374853
0	0.0135422949611025
0	0.0119382764275312
0	0.00814315900224242
0	0.0117643991604587
0	0.00682809778354617
0	0.0124778110955497
0	0.0119604749521659
0	0.0119551905981228
0	0.0275850087162611
0	0.013913809679519
0	0.0118391895758599
0	0.0123729223296717
0	0.0118799449075056
0	0.00672816682663146
0	0.0125175913784057
0	0.0162477358800647
0	0.0344239680656935
0	0.0122800616266315
0	0.0102089139901262
0	0.0119663679580992
0	0.0117100879877758
0	0.00344453146501112
0	0.0196817498619898
0	0.0118071907217594
0	0.00672958489247745
0	0.0125462654753869
0	0.0139941692055619
0	0.0103453761444757
0	0.0119368666828743
0	0.0120976549809731
0	0.0118509608707669
0	0.0111181138714851
0	0.00491617484042827
0	0.0112358626717195
0	0.00884970134332832
0	0.00762793550356237
0	0.0127292327293195
0	0.00788682546966422
0	0.0119761152697784
0	0.00927538270191985
0	0.0122386956827057
0	0.0117773265708828
0	0.0120148381160613
0	0.0121560167433733
0	0.0199083660792567
0	0.0119103044453737
0	0.0234222527574429
0	0.0122650052106313
0	0.0162662246803996
0	0.0119018706066847
0	0.00458679090885009
0	0.0119097682535646
0	0.0120590198642775
0	0.00494043918115447
0	0.0119006980533062
0	0.0121316922221237
0	0.0118697714964717
0	0.00578477806504021
0	0.0636882611667179
0	0.0118295034861719
0	0.022462316240578
0	0.00631991438481667
0	0.035351776766114
0	0.0121159645034105
0	0.0128204948938684
0	0.0162404900054764
0	0.0170529601271054
0	0.0117780054618468
0	0.0121290296810464
0	0.0120076993894606
0	0.0122317890892616
0	0.0118744012807422
0	0.00525779605603968
0	0.0111032922541759
0	0.0121454408070189
0	0.0120006144382008
0	0.012066355827108
0	0.0130985742995251
0	0.0127198242068767
0	0.0121457867654749
0	0.0118690538201418
0	0.0104010594429151
0	0.0165338168267052
0	0.011824276305189
0	0.00252981927416194
0	0.0108777441782333
0	0.0120176393758907
0	0.00483376612897993
0	0.0120283146360501
0	0.0144812630129165
0	0.0121680956878298
0	0.00318494309354922
0	0.0119812341844905
0	0.0118432357013936
0	0.0120824306237956
0	0.0102129106534425
0	0.0090001625052443
0	0.0102855671010184
0	0.0116292799423379
0	0.00158742712325214
0	0.0117995604740304
0	0.0119172382317736
0	0.0236396817658637
0	0.0119745969437992
0	0.0121588690201607
0	0.00908999544084871
0	0.00963024529258707
0	0.0118758657276884
0	0.0121506259220177
0	0.0120831992873782
0	0.0119829930890225
0	0.00709437414142386
0	0.0117513401883306
0	0.0130662152870488
0	0.0111588556405766
0	0.0121047351506551
0	0.0123768499223638
0	0.456992416895289
0	0.0118858736809185
0	0.0129782718402598
0	0.0118781079427629
0	0.0125160460204477
0	0.0115532557755619
0	0.00701038670189648
0	0.0124396103215222
0	0.011926393512638
0	0.0123320758690514
0	0.0118739054238017
0	0.00645562926169502
0	0.0146515506268485
0	0.0118654970502098
0	0.0111791712288338
0	0.0122331409835628
0	0.0176969345723258
0	0.0117870063412954
0	0.0120125939153551
0	0.0119273428855806
0	0.0102917913117213
0	0.0122272803912001
0	0.00487955532234299
0	0.0122770691692654
0	0.0116383026469113
0	0.011868016105009
0	0.0120494731628214
0	0.0119857713748238
0	0.0101189341209537
0	0.0125242511264464
0	0.0170172734009612
0	0.00282676340695504
0	0.011955523402739
0	0.0117797681970177
0	0.0118621348321939
0	0.00952909672264085
0	0.0131764774624906
0	0.012109077124855
0	0.01195567160774
0	0.00664555305219168
0	0.0121082187782551
0	0.0119511794625426
0	0.0118334305178236
0	0.0119561136334339
0	0.00740394516268321
0	0.0116920097732058
0	0.0187870839761645
0	0.0118393775577979
0	0.0187311095845967
0	0.0120394129152664
0	0.00802985926318562
0	0.0120020216472773
0	0.012079682741204
0	0.0121114358429479
0	0.0118650815601692
0	0.0121489105613943
0	0.00479262309556595
0	0.0120540167025453
0	0.0119665032837442
0	0.0118081692453021
0	0.0128911766061148
0	0.0119706262356078
0	0.00505935970172844
0	0.0558161945043461
0	0.0128747092914228
0	0.0124912301616715
0	0.0065352759133377
0	0.0139886305168827
0	0.0147888570533782
0	0.0442439114754444
0	0.0130071842285085
0	0.0118118452029587
0	0.0128720076683909
0	0.0131843792468264
0	0.0057031576657792
0	0.00437302987051289
0	0.0119310191674657
0	0.0121056835838874
0	0.0123640091112939
0	0.00749655535544002
0	0.0111760286333615
0	0.0111174556501015
0	0.0319723933528911
0	0.0300163751617753
0	0.014750393097628
0	0.0170413961613887
0	0.0283489637563423
0	0.011121553220764
0	0.0118098670838538
0	0.0122213614566825
0	0.0120299234037446
0	0.0117822128861349
0	0.0138495199318517
0	0.00828735459728116
0	0.0120644859720365
0	0.0119899008847754
0	0.0114225096978679
0	0.0122422138824789
0	0.0125532916778374
0	0.0105997754923111
0	0.0162308047587
0	0.0121638460050602
0	0.0119887171568161
0	0.00812687082876128
0	0.0138517862289904
0	0.012014811987943
0	0.0115740441698111
0	0.114001431418018
0	0.0118420868852704
0	0.0125607772140956
0	0.00939605880293653
0	0.011944124859178
0	0.00486428782870805
0	0.00793617784123692
0	0.029059083751438
0	0.0120309018477034
0	0.0122149885455065
0	0.0154426159442663
0	0.0120508252891868
0	0.0077659101001285
0	0.0162700949987994
0	0.0123540547821806
0	0.01225938369419
0	0.0128725560193458
0	0.0122047520102348
0	0.0118860313734608
0	0.00484232255691337
0	0.0120658948617835
0	0.0117967427255304
0	0.0177130085470027
0	0.0118441064022033
0	0.0118474403798326
0	0.0121360218024899
0	0.0158871823710293
0	0.011832287788615
0	0.0118248575619142
0	0.00965675400489521
0	0.0118630817315959
0	0.0137391334066958
0	0.00419219184924503
0	0.00763537692853132
0	0.0122421851455554
0	0.0124432098928546
0	0.0117532141733829
0	0.0118874222594907
0	0.00764949051475253
0	0.0124431233396309
0	0.0119408159405604
0	0.0164646461666146
0	0.0105923915490939
0	0.00538479888535262
0	0.0104769246121976
0	0.012047492411093
0	0.00835482671138518
0	0.0118685736721465
0	0.0163613682467277
0	0.0119734998152072
0	0.0119113950346599
0	0.0119416599663993
0	0.0118391509497995
0	0.0117583742373974
0	0.0120843408447013
0	0.0119414703800786
0	0.0166957001838636
0	0.00344941357648591
0	0.0119604533212277
0	0.0124653157805359
0	0.0129027764686981
0	0.0119104538684927
0	0.0161894230728564
0	0.0120995096971687
0	0.012037216532588
0	0.00269462960493744
0	0.0112564012621727
0	0.00597070689438571
0	0.0126405623093258
0	0.0117910271514701
0	0.000920832691445314
0	0.0119202918128278
0	0.00839034029795512
0	0.00507366869905443
0	0.0119399270088389
0	0.012039475749677
0	0.012013226116262
0	0.0114730833543555
0	0.0119798637186619
0	0.0120027676802231
0	0.0118301827756715
0	0.0168428958645607
0	0.00216722171622138
0	0.0130432139708048
0	0.0131559552443959
0	0.0536540173845164
0	0.0118921079879348
0	0.0131511750038103
0	0.011786816617153
0	0.0123984602226326
0	0.0118320021233492
0	0.00327252284251849
0	0.00896501499525985
0	0.0118455671577301
0	0.00854485300144251
0	0.00907324084333561
0	0.0121882629102872
0	0.0118920922822351
0	0.0122271501282381
0	0.0118899847028091
0	0.0130310421745289
0	0.00362150260613906
0	0.0155969091516072
0	0.00490032182412249
0	0.0231484286346546
0	0.00596247792962567
0	0.0120447916662239
0	0.0150509718629368
0	0.0127053965839572
0	0.0130709553112856
0	0.011814034360424
0	0.022380956302328
0	0.0118391895758599
0	0.0121979076075438
0	0.0141881162838539
0	0.0162529417682444
0	0.0082564565212098
0	0.0141040680553358
0	0.0137130423533872
0	0.00522846177151263
0	0.00897917422305759
0	0.00475205948751086
0	0.170273460178282
0	0.00457769487286694
0	0.0103248444603291
0	0.00807721515117433
0	0.0071804712708314
0	0.0116240515040494
0	0.0118114444147243
0	0.014392063346612
0	0.012881753973028
0	0.0062399538070712
0	0.01313820097801
0	0.016744203432725
0	0.011778066948221
0	0.00605363578602946
0	0.0120768330563562
0	0.0254075251195259
0	0.0169345195817112
0	0.0122288064308258
0	0.0123858845150591
0	0.0122489221522384
0	0.0127457686015024
0	0.00486112759680218
0	0.0224708619486751
0	0.0118760155400811
0	0.00735024720800293
0	0.0125678479495885
0	0.0104803633609335
0	0.00997597822062814
0	0.0146842310499615
0	0.0123749241325371
0	0.00623863165138421
0	0.0187224485155594
0	0.0118565220523206
0	0.0125699623413732
0	0.0118932564248774
0	0.0118297607882663
0	0.0189051869079908
0	0.00811619670130011
0	0.00803049075554106
0	0.00138713812667155
0	0.0273239316443821
0	0.0122170204011872
0	0.157151097550594
0	0.0119141102792345
0	0.0127080294471708
0	0.0163456581173583
0	0.0664259543857743
0	0.0122663057086885
0	0.0118043223887619
0	0.0108442984892989
0	0.0108953438763494
0	0.0117600929551952
0	0.0152480309261104
0	0.025302155582862
0	0.0117714077679464
0	0.0120830743375453
0	0.0123697972759022
0	0.0118806761544025
0	0.012109166649127
0	0.10817844146922
0	0.0119648144239085
0	0.032185300539151
0	0.011866606814574
0	0.0120947616584488
0	0.0102123211593203
0	0.0122392065846797
0	0.0155913520699074
0	0.0119372690794009
0	0.00814542788670236
0	0.0118363238602885
0	0.705217951953474
0	0.0114400119323641
0	0.00316461459043181
0	0.00214510061063444
0	0.0164689613617932
0	0.0102267853479755
0	0.0119119416616531
0	0.0121499654445829
0	0.0119576634510381
0	0.0120864169387757
0	0.0116856475745226
0	0.00668644485931519
0	0.0051974147318993
0	0.140779670671134
0	0.0084167057649919
0	0.0113263082712035
0	0.0119772665115929
0	0.0117873037527801
0	0.0119999411390251
0	0.0121418832393411
0	0.0120794699768147
0	0.00806451540697423
0	0.293739676483617
0	0.0115929149572048
0	0.0119228871865573
0	0.0120811590602705
0	0.0123240865381596
0	0.0236135050794326
0	0.0119570679439518
0	0.0118982756555216
0	0.0174286327627544
0	0.011902781808642
0	0.0118160131691897
0	0.0121399320171473
0	0.00677188792554844
0	0.00874453417977621
0	0.0117872704218137
0	0.00427085036427479
0	0.013392688974437
0	0.0122852046761084
0	0.018096059128464
0	0.0118337548257044
0	0.0290830914693486
0	0.0118703833623062
0	0.011836058693946
0	0.0244909597347681
0	0.0151401334667453
0	0.0118772115231964
0	0.0121222283953831
0	0.0177407817145042
0	0.0115619512598821
0	0.0118729395945384
0	0.00985209071013083
0	0.01234292950741
0	0.012455876556985
0	0.0118929511989638
0	0.0121754009102844
0	0.011843405714926
0	0.0123544871809447
0	0.0118069210639999
0	0.0150384829972269
0	0.0120513022377284
0	0.0152900018589323
0	0.00276257589736897
0	0.0103177817762861
0	0.00778818647262033
0	0.00458517379074834
0	0.0126212438768013
0	0.00864042529053633
0	0.0128586697586737
0	0.0123081526410464
0	0.0119327396470571
0	0.0162161165727851
0	0.0170134515250371
0	0.012144495412943
0	0.0126756240168743
0	0.00579011191972341
0	0.0124253694528378
0	0.0133372204094274
0	0.0117106386960009
0	0.0212892459505794
0	0.0118201903015239
0	0.0128530424474762
0	0.00505516586008197
0	0.00508168846271294
0	0.0120221632148332
0	0.248526488970325
0	0.0163040317795831
0	0.0048873398782524
0	0.0321505331875852
0	0.0306314652652958
0	0.0121046464904021
0	0.0118640725727712
0	0.0120953955006347
0	0.013737059370135
0	0.0119856801452061
0	0.03496041887758
0	0.0120011285716128
0	0.0159545181405042
0	0.069913254164489
0	0.0118694229792303
0	0.0115453282129316
0	0.0120366921924107
0	0.0117772087295973
0	0.0122465770918683
0	0.0154497145296723
0	0.011802535485564
0	0.010910388393551
0	0.00434313839110398
0	0.0125657221216431
0	0.0167427390899841
0	0.0226646876874222
0	0.0118856306833427
0	0.0117608337007683
0	0.0119708579329973
0	0.0195901749379271
0	0.0122838933436486
0	0.011823360754508
0	0.0344139389162989
0	0.0118414713093839
0	0.0119549046014678
0	0.0118084440681619
0	0.0118833663887269
0	0.0128542936479052
0	0.0166100483556412
0	0.011881492722922
0	0.0186252340087307
0	0.0161824464476522
0	0.0113816307399029
0	0.00299277329204608
0	0.0120379887555113
0	0.0121285975050288
0	0.0125595658674793
0	0.0121167838716165
0	0.0119050851892841
0	0.0116924737068597
0	0.00826319994283357
0	0.011890530172075
0	0.0061374898834518
0	0.011826910189822
0	0.0121269466976891
0	0.0127473458017844
0	0.0118851136835546
0	0.014613387129556
0	0.0049104238743935
0	0.0119148358297644
0	0.0122457720297699
0	0.012102762047698
0	0.0119353532727023
0	0.0120557869898773
0	0.0118914562211116
0	0.0120925263773805
0	0.0104119061178394
0	0.0103400712667469
0	0.0196837074599952
0	0.00690081252019865
0	0.0119159475615034
0	0.0128330786186799
0	0.00486688518838601
0	0.00844669418490036
0	0.00775713702114036
0	0.00497260244153245
0	0.0107743704830502
0	0.103222887210971
0	0.0106247675084914
0	0.00508068456385847
0	0.0119370561969883
0	0.0213531988257793
0	0.0450451514137625
0	0.011392193668358
0	0.00255454130160614
0	0.00858873030297838
0	0.0142426857415411
0	0.00392688666287682
0	0.0118771133602728
0	0.00688885971112616
0	0.011824638944347
0	0.00743543802861519
0	0.0119608495214917
0	0.163454254945318
0	0.0633049446521461
0	0.0119519332361978
0	0.0119404290068792
0	0.0222798996525962
0	0.0107313635869732
0	0.00789368136460353
0	0.0113724927816108
0	0.0109021534910845
0	0.0119715035850508
0	0.0148385934589799
0	0.0118871585475561
0	0.00803578618154787
0	0.0117713591184008
0	0.0119032866234828
0	0.0119500540879074
0	0.0104629908537097
0	0.0118057140990821
0	0.0120958531498289
0	0.0118308466640095
0	0.0494741981560465
0	0.0120435161586317
0	0.0118203214228268
0	0.01606322284437
0	0.0118292822107932
0	0.0120667397488475
0	0.00760144515206652
0	0.0119579651164625
0	0.0123456192830409
0	0.0120394888402199
0	0.00887894742823394
0	0.00696363265794549
0	0.0148310213550377
0	0.0125360324911498
0	0.00648764275303682
0	0.0124356441413773
0	0.0120639980145967
0	0.0112394786609018
0	0.0119686999344766
0	0.0606221091479654
0	0.0240999234720008
0	0.0143129565525486
0	0.0120823412947682
0	0.0118871223522515
0	0.00486302092561821
0	0.04820676498289
0	0.0124954908767312
0	0.00689765048084227
0	0.0122572711388846
0	0.00324336102332009
0	0.0123670386250632
0	0.0123305960768381
0	0.00662468687151752
0	0.0121435685747925
0	0.0122214863443411
0	0.0050970318263242
0	0.00758995779331368
0	0.0103657796464654
0	0.0119360904848516
0	0.0198289673167966
0	0.0111684916248312
0	0.00999138645468703
0	0.0139302136140622
0	0.00446029072149785
0	0.00763475004826362
0	0.0115215145517177
0	0.0136441344070644
0	0.0119749120524204
0	0.0127523926916877
0	0.0145339094285537
0	0.0131536251799043
0	0.0120859438736934
0	0.0120623532694254
0	0.00687310660829944
0	0.0119346835908003
0	0.0120381405881476
0	0.0111021208011595
0	0.0118952535175705
0	0.0118797976299419
0	0.0119440495283502
0	0.00377513867370264
0	0.00477913374397443
0	0.0459282042215093
0	0.00666351446768922
0	0.012251916724561
0	0.011090455855683
0	0.0123619584900564
0	0.012006934308183
0	0.0125174148174124
0	0.0281972454084888
0	0.0122751236424656
0	0.00432526492288969
0	0.00220125164520567
0	0.0159048539688607
0	0.0119479541737003
0	0.0120237667665004
0	0.0117847272873533
0	0.0057324836723147
0	0.0121017962515507
0	0.0120522029457152
0	0.00460717217392088
0	0.0447038628708067
0	0.0118496979110839
0	0.011439952190347
0	0.0114816682576516
0	0.00980947935574191
0	0.0119337102821317
0	0.0118807459223312
0	0.0151082305665877
0	0.00549105410712347
0	0.0120477203383662
0	0.0181108591099452
0	0.00496750597820619
0	0.0279743960263707
0	0.00835886027337888
0	0.0049200969547384
0	0.0117773880537551
0	0.0119630113250536
0	0.0119111748364755
0	0.0120911854046108
0	0.0118543251162704
0	0.00325896227608752
0	0.0120321838852265
0	0.012486536618174
0	0.0188565564036167
0	0.0119313590919688
0	0.0120614370405438
0	0.0120530241247066
0	0.00415732876737255
0	0.0117652718118707
0	0.00492096560520697
0	0.00363245636273921
0	0.00417744782438035
0	0.0254307019080667
0	0.0132851532327909
0	0.0123088150675149
0	0.00708175668774514
0	0.0119380842979534
0	0.0120206216494879
0	0.00492008911332719
0	0.0131667558710597
0	0.0129784447264363
0	0.00524883776261878
0	0.011888053123256
0	0.0117880319294387
0	0.0120870608623053
0	0.0121208367287045
0	0.0033111593586252
0	0.0119691828062122
0	0.0117766758965896
0	0.0119444106010671
0	0.00707499659714061
0	0.0115199052909004
0	0.00755497692449629
0	0.0104038524494768
0	0.0119180883872292
0	0.0173732135339083
0	0.00978473242203797
0	0.0130525608914261
0	0.0118100443305254
0	0.0118419091634627
0	0.0124435777506877
0	0.0118497494578555
0	0.012239693557729
0	0.0119102060122399
0	0.0124756740439005
0	0.011903465255339
0	0.0121772109607442
0	0.0121538152060168
0	0.0118097643333636
0	0.0199099100729964
0	0.0117583205256859
0	0.0117770857660198
0	0.0886756846454299
0	0.00955255181560935
0	0.0121002726823179
0	0.0117852938056506
0	0.00478691702901587
0	0.0118391406495378
0	0.0119028957137326
0	0.0281232679138097
0	0.0104523900156966
0	0.01227253441384
0	0.0119253430640155
0	0.0104311486110344
0	0.00671017585994457
0	0.00686606788936358
0	0.0117933228005024
0	0.0125295792737582
0	0.012208459651406
0	0.158414483654175
0	0.00441512851891018
0	0.0123384876464364
0	0.0120952166538736
0	0.00519767213041936
0	0.00657186432499645
0	0.00876367482981091
0	0.0122088684358225
0	0.0147535858471224
0	0.0105449461582714
0	0.00660592183629883
0	0.0117769166931719
0	0.0116626136477709
0	0.0117713437554276
0	0.0120271297772342
0	0.0119810153164384
0	0.0535271610266111
0	0.0492579476096315
0	0.0120643705394839
0	0.0388819801207864
0	0.011942169007395
0	0.0120246924170659
0	0.0120798403468419
0	0.0106581027564327
0	0.0139315191398859
0	0.0118209153431953
0	0.00900341186929699
0	0.0129871505969678
0	0.0124020156846487
0	0.0118261719234607
0	0.0102936000420628
0	0.0118284357415678
0	0.0174682427366011
0	0.011956901519262
0	0.0118481155329916
0	0.0118556066134172
0	0.0155280165546322
0	0.0249102171160683
0	0.0120458734640859
0	0.0123394291756396
0	0.0117923608826345
0	0.0154536634341024
0	0.0050013191500984
0	0.0363837524585375
0	0.011775418197765
0	0.0121057599216471
0	0.109529079967424
0	0.00810539593438166
0	0.0119402004881072
0	0.011926323479886
0	0.0117866576614108
0	0.0119255375846418
0	0.00895121851467836
0	0.0121086848056084
0	0.0118507701295546
0	0.0282204968915407
0	0.0119973683317166
0	0.0161739151721605
0	0.340288332706583
0	0.00813984979776602
0	0.0136612027608486
0	0.0122498391877749
0	0.012003730890179
0	0.0130002273893887
0	0.0120416542095215
0	0.017221914690135
0	0.0144783749103435
0	0.0105195243801203
0	0.00708734809677699
0	0.0163077681243536
0	0.00374352675726297
0	0.0123728712252774
0	0.0058236066707174
0	0.0157294824123506
0	0.0118077506020638
0	0.0135177953712649
0	0.00969143286464442
0	0.012079496243823
0	0.0118935901129091
0	0.0102750076973943
0	0.0191215641983891
0	0.0119010655963891
0	0.0105771014872829
0	0.0118035726784378
0	0.00648613142652784
0	0.0117857706247096
0	0.0118547453909963
0	0.00835798959404981
0	0.0120986678053646
0	0.0120261150229395
0	0.01179421552964
0	0.0118936668987656
0	0.0118560978707402
0	0.0119865079092886
0	0.0121667657921683
0	0.00827197442174786
0	0.0101578845775597
0	0.0113169368275325
0	0.037186313381956
0	0.0179881768077726
0	0.00451187270731232
0	0.00865815332371494
0	0.0125195989306463
0	0.0178257875903902
0	0.0117883857778048
0	0.011768335554992
0	0.0131083020547917
0	0.0130195739089772
0	0.00500527767588639
0	0.0124405324277719
0	0.0229551825628844
0	0.0123367576708954
0	0.00515423735866653
0	0.0103682268513427
0	0.0118146588062688
0	0.0118620058326057
0	0.312607617393199
0	0.00953692698989326
0	0.0117992499245181
0	0.0121346021863181
0	0.00281381897362895
0	0.00703009822923082
0	0.00812059936351802
0	0.0122486594083366
0	0.0118447890964775
0	0.0118544437199168
0	0.0118971991906572
0	0.00765972176663706
0	0.00229464458600215
0	0.0149396362516956
0	0.0178325234008044
0	0.0283172697111414
0	0.0075474694891653
0	0.0227369063444799
0	0.017232945468335
0	0.00886415057260373
0	0.0123887038719533
0	0.032604621211529
0	0.0118823817086502
0	0.0141115873701297
0	0.0119629217102553
0	0.0158497767817099
0	0.00893649216617312
0	0.0101594625764233
0	0.0279300923557614
0	0.0107192727357437
0	0.0129287196253374
0	0.0145882721321085
0	0.0103039148425181
0	0.0117789995304469
0	0.00698033438309143
0	0.00713908004957793
0	0.0120116012695076
0	0.00481080210726706
0	0.00689008559187464
0	0.0153113125914752
0	0.0118273475119286
0	0.0166942630287861
0	0.0155370918277111
0	0.0117868653298205
0	0.00308486082672454
0	0.0142636501495923
0	0.0132327539661475
0	0.0118743263843718
0	0.0118179100490943
0	0.0126525056319348
0	0.0035422316932637
0	0.0120269780817825
0	0.0118234841954582
0	0.00355876432194105
0	0.0120696080777656
0	0.0110576535269442
0	0.0120747165774881
0	0.00498728028214546
0	0.0118329440724674
0	0.0119842831144639
0	0.0118999578245157
0	0.0131907575369349
0	0.0118765708954122
0	0.00284706080994233
0	0.00741758569367377
0	0.0118842942844061
0	0.010011510396417
0	0.0120567622681164
0	0.0118288834108449
0	0.0119824223942659
0	0.00730843711138995
0	0.0118549465092631
0	0.0118550444911784
0	0.0120056444849639
0	0.00631519865104766
