1	0.712420282463077
1	0.945758104245626
1	0.11818409044486
1	0.0186642136010302
1	0.489302754253623
1	0.729564418440077
1	0.052224358637223
1	0.888697225986319
1	0.981308983127037
1	0.378560372099176
1	0.184600232873838
1	0.966570827277176
1	0.0237967669243936
1	0.974520583676768
1	0.0186642136010302
1	0.0353019807489038
1	0.952056959004819
1	0.432599840023712
1	0.940566138030705
1	0.195739892988608
1	0.815290810792392
1	0.887802405596799
1	0.879058760811791
1	0.771158483834079
1	0.797555166646382
1	0.725186208189166
1	0.506555113683845
1	0.964966280128356
1	0.941420951273002
1	0.900965998871559
1	0.0214616400455109
1	0.478634605702474
1	0.321638772252283
1	0.0216032656971579
1	0.916659809757932
1	0.870524937243304
1	0.623997092678517
1	0.92376439592457
1	0.481721605843726
1	0.875146208747267
1	0.742582594883133
1	0.979241900222262
1	0.944978238950375
1	0.797404351582453
1	0.736171851919358
1	0.0234478644110784
1	0.753295778724217
1	0.867668285242302
1	0.905069986129235
1	0.860061113873977
1	0.897308035067878
1	0.371946989640701
1	0.475817020701789
1	0.68580859698503
1	0.898812259543666
1	0.0186642136010302
1	0.637852015610757
1	0.880559321210957
1	0.742585088659753
1	0.875359141288268
1	0.834504876417019
1	0.0186642136010302
1	0.916192521139021
1	0.963689295685589
1	0.810971882623455
1	0.935480697131045
1	0.780501889778053
1	0.855470232641259
1	0.0186642136010302
1	0.0186642136010302
1	0.0244686218468818
1	0.982790705049355
1	0.0186642136010302
1	0.0186642136010302
1	0.823175500540465
1	0.171660289391617
1	0.918368931945727
1	0.97675041965379
1	0.0186642136010302
1	0.885604665819534
1	0.7900988268457
1	0.538283404633343
1	0.947684371878517
1	0.787721194465147
1	0.618767790408202
1	0.967218943651721
1	0.920798585872932
1	0.850877013051042
1	0.958856014370006
1	0.819113746440614
1	0.525905093985741
1	0.634409164736368
1	0.881132350192661
1	0.115153582228624
1	0.864300514651447
1	0.0232539410362832
1	0.946362248232675
1	0.861072667929532
1	0.0186642136010302
1	0.768788230203165
1	0.868897610003638
1	0.143362395202239
1	0.0186642136010302
1	0.0501059272998267
1	0.209616102794282
1	0.906953844695902
1	0.848746688616868
1	0.970828850417982
1	0.740943671318765
1	0.952466368132523
1	0.0186642136010302
1	0.0186642136010302
1	0.555017026133851
1	0.200412668376415
1	0.523195835158894
1	0.255923476254904
1	0.884211685527809
1	0.859673491515641
1	0.0210607634172762
1	0.979633433683034
1	0.0186642136010302
1	0.886228691065562
1	0.961249346952739
1	0.899579465713968
1	0.373834693241007
1	0.944022461787465
1	0.0187726903639064
1	0.856845228813429
1	0.803108715269598
1	0.95880985683772
1	0.776573890290231
1	0.0283468394209823
1	0.570382093631544
1	0.9376372320734
1	0.737598002831406
1	0.0186642136010302
1	0.34002653888821
1	0.898888166877919
1	0.0186642136010302
1	0.923342828590606
1	0.926749764817607
1	0.683191234759559
1	0.870312862541267
1	0.0186642136010302
1	0.812566562049081
1	0.0299301078597653
1	0.891276727807472
1	0.851555486519564
1	0.938162419959535
1	0.808825929506201
1	0.0247615431060743
1	0.974484240471743
1	0.0685099602928598
1	0.900539461691703
1	0.88421812894224
1	0.943132662202192
1	0.0589237815370321
1	0.943042672564529
1	0.0679243807857967
1	0.95472908325233
1	0.873353848941971
1	0.980707354398909
1	0.814603843941651
1	0.0237620153898256
1	0.911551737764465
1	0.0186642136010302
1	0.93892400208477
1	0.588056626090493
1	0.856650521333652
1	0.839689650366795
1	0.362546477645928
1	0.0216032656971579
1	0.907964695238747
1	0.0224811602228244
1	0.0310436986614219
1	0.3955009962329
1	0.0832747623112626
1	0.800688517514352
1	0.815834745818136
1	0.821193307582635
1	0.953337905221755
1	0.934959315224325
1	0.96388767652017
1	0.0214019355931016
1	0.0216032656971579
1	0.967806086183103
1	0.821650819477029
1	0.122859823382307
1	0.0186642136010302
1	0.657109609028531
1	0.0237620153898256
1	0.815751135297421
1	0.0264230092962575
1	0.0186642136010302
1	0.0370677181765098
1	0.635334545096653
1	0.0186642136010302
1	0.307000103745138
1	0.263294383198489
1	0.28751838873141
0	0.0186642136010302
0	0.0310436986614219
0	0.0272664288287857
0	0.0322434512529778
0	0.0186642136010302
0	0.886758735074295
0	0.0194469888500145
0	0.0186642136010302
0	0.0186642136010302
0	0.0313440667110875
0	0.0527834193087303
0	0.0788843397904856
0	0.0186642136010302
0	0.0186642136010302
0	0.0186642136010302
0	0.0186642136010302
0	0.0273343729440551
0	0.0186642136010302
0	0.0209555752290481
0	0.0186642136010302
0	0.0186642136010302
0	0.0231562595854312
0	0.0234308826028539
0	0.0621579123150494
0	0.0186642136010302
0	0.0219418023869033
0	0.0186642136010302
0	0.0186642136010302
0	0.0186642136010302
0	0.0232539410362832
0	0.0186642136010302
0	0.027116349040055
0	0.0373938522910151
0	0.0186642136010302
0	0.0303037728187012
0	0.0227940873190111
0	0.0186642136010302
0	0.0186642136010302
0	0.0232539410362832
0	0.0186642136010302
0	0.0186642136010302
0	0.0186642136010302
0	0.0186642136010302
0	0.0186642136010302
0	0.0244686218468818
0	0.0421906550453631
0	0.0186642136010302
0	0.0186642136010302
0	0.0214019355931016
0	0.0289416786588088
0	0.0186642136010302
0	0.0186642136010302
0	0.0210607634172762
0	0.0186642136010302
0	0.0210607634172762
0	0.0574299980230055
0	0.0186642136010302
0	0.0186642136010302
0	0.0186642136010302
0	0.0186642136010302
0	0.0186642136010302
0	0.0186642136010302
0	0.0186642136010302
0	0.0186642136010302
0	0.0576154822362991
0	0.0201788506208746
0	0.0216032656971579
0	0.0186642136010302
0	0.0237620153898256
0	0.0335257379583869
0	0.0214019355931016
0	0.0186642136010302
0	0.0187726903639064
0	0.0186642136010302
0	0.0186642136010302
0	0.0186642136010302
0	0.0186642136010302
0	0.0186642136010302
0	0.0186642136010302
0	0.0186642136010302
0	0.0186642136010302
0	0.0186642136010302
0	0.0186642136010302
0	0.0278981134083822
0	0.0312328200362656
0	0.0186642136010302
0	0.0186642136010302
0	0.0190203599216693
0	0.0414252007326969
0	0.0214019355931016
0	0.224145992863493
0	0.0186642136010302
0	0.0186642136010302
0	0.0186642136010302
0	0.0186642136010302
0	0.0186642136010302
0	0.0186642136010302
0	0.0186642136010302
0	0.0186642136010302
0	0.0186642136010302
0	0.0186642136010302
0	0.0186642136010302
0	0.0186642136010302
0	0.0186642136010302
0	0.0186642136010302
0	0.0186642136010302
0	0.0186642136010302
0	0.0186642136010302
0	0.0890773031474722
0	0.0186642136010302
0	0.0490827230477012
0	0.0660907395918637
0	0.0705431488780937
0	0.0186642136010302
0	0.0186642136010302
0	0.0186642136010302
0	0.0186642136010302
0	0.0186642136010302
0	0.0186642136010302
0	0.0186642136010302
0	0.0186642136010302
0	0.0186642136010302
0	0.0186642136010302
0	0.0186642136010302
0	0.0186642136010302
0	0.0186642136010302
0	0.0186642136010302
0	0.0313988431205546
0	0.306230494336851
0	0.0186642136010302
0	0.0432736189514836
0	0.0430850800039038
0	0.0186642136010302
0	0.0232539410362832
0	0.0186642136010302
0	0.211011134552182
0	0.0186642136010302
0	0.0186642136010302
0	0.0222242709590427
0	0.0232539410362832
0	0.0186642136010302
0	0.0186642136010302
0	0.0236785264957078
0	0.0201788506208746
0	0.0186642136010302
0	0.717256765620945
0	0.0186642136010302
0	0.0356830868429198
0	0.0186642136010302
0	0.0186642136010302
0	0.0186642136010302
0	0.0293531457182287
0	0.0186642136010302
0	0.0197296397879806
0	0.0186642136010302
0	0.0186642136010302
0	0.741678068435281
0	0.0186642136010302
0	0.0186642136010302
0	0.0186642136010302
0	0.0186642136010302
0	0.355717407107866
0	0.0186642136010302
0	0.0186642136010302
0	0.0186642136010302
0	0.0210871534935418
0	0.0186642136010302
0	0.0519552494176866
0	0.0186642136010302
0	0.175920179407699
0	0.0186642136010302
0	0.0186642136010302
0	0.0210607634172762
0	0.0186642136010302
0	0.0245123330620987
0	0.0308383392727676
0	0.0186642136010302
0	0.0186642136010302
0	0.0186642136010302
0	0.0248329733102765
0	0.0274982915447533
0	0.0186642136010302
0	0.0394764098687726
0	0.0186642136010302
0	0.0186642136010302
0	0.0278981134083822
0	0.0186642136010302
0	0.0216032656971579
0	0.0186642136010302
0	0.0186642136010302
0	0.0186642136010302
0	0.0186642136010302
0	0.0186642136010302
0	0.0226935853767971
0	0.0186642136010302
0	0.0186642136010302
0	0.0186642136010302
0	0.0187726903639064
0	0.0186642136010302
0	0.0186642136010302
0	0.0186642136010302
0	0.0186642136010302
0	0.0186642136010302
0	0.0186642136010302
0	0.0219418023869033
0	0.105513890119767
0	0.0186642136010302
0	0.0186642136010302
0	0.0186642136010302
0	0.0308607740398905
0	0.0186642136010302
0	0.0244686218468818
0	0.0186642136010302
0	0.0214019355931016
0	0.0247612187276583
0	0.0186642136010302
0	0.0210607634172762
0	0.136592131280325
0	0.0236170134366077
0	0.0186642136010302
0	0.0186642136010302
0	0.0186642136010302
0	0.0186642136010302
0	0.0205655689737033
0	0.0186642136010302
0	0.0186642136010302
0	0.0424535497588546
0	0.0186642136010302
0	0.170573038000722
0	0.0186642136010302
0	0.0186642136010302
0	0.0186642136010302
0	0.0232539410362832
0	0.0323869317045555
0	0.0186642136010302
0	0.0277701530950171
0	0.0186642136010302
0	0.0186642136010302
0	0.103713641048361
0	0.0186642136010302
0	0.0186642136010302
0	0.0221508518879157
0	0.0216032656971579
0	0.0224331595189437
0	0.0245615374661048
0	0.0186642136010302
0	0.0186642136010302
0	0.0186642136010302
0	0.0205655689737033
0	0.0186642136010302
0	0.880252800809841
0	0.0293587201298838
0	0.0186642136010302
0	0.0216032656971579
0	0.0186642136010302
0	0.0216032656971579
0	0.0186642136010302
0	0.0186642136010302
0	0.0186642136010302
0	0.273964942064655
0	0.0413194225183772
0	0.0186642136010302
0	0.0186642136010302
0	0.0205262585358664
0	0.0186642136010302
0	0.019383439937447
0	0.0216032656971579
0	0.0186642136010302
0	0.0187726903639064
0	0.0186642136010302
0	0.0343474322130735
0	0.0240214160339476
0	0.0212703724395521
0	0.0186642136010302
0	0.0186642136010302
0	0.0186642136010302
0	0.0186642136010302
0	0.0186642136010302
0	0.0278981134083822
0	0.0186642136010302
0	0.0186642136010302
0	0.0522348450133085
0	0.0929986485278659
0	0.0186642136010302
0	0.0186642136010302
0	0.0186642136010302
0	0.0186642136010302
0	0.0186642136010302
0	0.0186642136010302
0	0.0186642136010302
0	0.0186642136010302
0	0.0232539410362832
0	0.0186642136010302
0	0.0247431920306966
0	0.247417209850279
0	0.0186642136010302
0	0.0187726903639064
0	0.0186642136010302
0	0.0234478644110784
0	0.0186642136010302
0	0.0214019355931016
0	0.0186642136010302
0	0.0186642136010302
0	0.0186642136010302
0	0.0186642136010302
0	0.0186642136010302
0	0.945612984327661
0	0.0205655689737033
0	0.0186642136010302
0	0.0186642136010302
0	0.0186642136010302
0	0.0186642136010302
0	0.0186642136010302
0	0.0265327436269803
0	0.0186642136010302
0	0.0186642136010302
0	0.0186642136010302
0	0.0782461046928441
0	0.0306968030589756
0	0.0186642136010302
0	0.0186642136010302
0	0.0186642136010302
0	0.0186642136010302
0	0.0290566907214698
0	0.0291908924757906
0	0.0186642136010302
0	0.0186642136010302
0	0.152947148502499
0	0.0592740126562902
0	0.0186642136010302
0	0.0238187245853098
0	0.0186642136010302
0	0.0186642136010302
0	0.0233758145160263
0	0.0186642136010302
0	0.0214019355931016
0	0.0186642136010302
0	0.0295429431235742
0	0.0186642136010302
0	0.0186642136010302
0	0.0186642136010302
0	0.0186642136010302
0	0.0353538508705065
0	0.0186642136010302
0	0.0186642136010302
0	0.0186642136010302
0	0.0186642136010302
0	0.0247668232733805
0	0.0210607634172762
0	0.0186642136010302
0	0.0281738132776118
0	0.0186642136010302
0	0.0186642136010302
0	0.0186642136010302
0	0.163832966604612
0	0.0186642136010302
0	0.0186642136010302
0	0.0186642136010302
0	0.0186642136010302
0	0.0237967669243936
0	0.0186642136010302
0	0.0186642136010302
0	0.0186642136010302
0	0.0186642136010302
0	0.0224331595189437
0	0.0186642136010302
0	0.0186642136010302
0	0.0186642136010302
0	0.0298617503211332
0	0.0186642136010302
0	0.0186642136010302
0	0.0307288423515487
0	0.0186642136010302
0	0.0186642136010302
0	0.0214019355931016
0	0.0186642136010302
0	0.0187726903639064
0	0.0207214062039545
0	0.0264222180608476
0	0.0186642136010302
0	0.0186642136010302
0	0.0205655689737033
0	0.0186642136010302
0	0.0186642136010302
0	0.0186642136010302
0	0.0368734039097922
0	0.0186642136010302
0	0.0336168487422219
0	0.0534025289822432
0	0.0283934358698179
0	0.0291908924757906
0	0.0247518135619266
0	0.0226528026855984
0	0.02364388901872
0	0.0186642136010302
0	0.0186642136010302
0	0.0186642136010302
0	0.0205262585358664
0	0.0186642136010302
0	0.0186642136010302
0	0.040275357658976
0	0.0186642136010302
0	0.0186642136010302
0	0.0186642136010302
0	0.0259601056733901
0	0.202930443114868
0	0.0241695749485582
0	0.0186642136010302
0	0.0186642136010302
0	0.0186642136010302
0	0.0283468394209823
0	0.0186642136010302
0	0.0225898377900655
0	0.0210607634172762
0	0.0205655689737033
0	0.0252732276331469
0	0.0186642136010302
0	0.0236170134366077
0	0.0186642136010302
0	0.015951805425311
0	0.0949417572418892
0	0.0262867078762202
0	0.0186642136010302
0	0.873765210308218
0	0.0186642136010302
0	0.0249215176968519
0	0.113188147936115
0	0.0186642136010302
0	0.0186642136010302
0	0.209589049936828
0	0.0186642136010302
0	0.0216032656971579
0	0.0186642136010302
0	0.019383439937447
0	0.0274982915447533
0	0.0186642136010302
0	0.0186642136010302
0	0.0186642136010302
0	0.146024754923974
0	0.0186642136010302
0	0.0186642136010302
0	0.0244686218468818
0	0.0237620153898256
0	0.0186642136010302
0	0.0186642136010302
0	0.0186642136010302
0	0.0186642136010302
0	0.0186642136010302
0	0.0186642136010302
0	0.0256246080815164
0	0.0186642136010302
0	0.0314787979215988
0	0.0186642136010302
0	0.240987637531091
0	0.0186642136010302
0	0.325890631357969
0	0.0186642136010302
0	0.0216032656971579
0	0.0215409676154
0	0.0186642136010302
0	0.0186642136010302
0	0.0186642136010302
0	0.0186642136010302
0	0.0237620153898256
0	0.023993380248792
0	0.0186642136010302
0	0.0297942859365125
0	0.0186642136010302
0	0.0187726903639064
0	0.0186642136010302
0	0.0186642136010302
0	0.0186642136010302
0	0.0186642136010302
0	0.0186642136010302
0	0.0205655689737033
0	0.0237620153898256
0	0.0186642136010302
0	0.024141370521964
0	0.0237620153898256
0	0.0186642136010302
0	0.0186642136010302
0	0.0186642136010302
0	0.0186642136010302
0	0.0186642136010302
0	0.0186642136010302
0	0.0769428281407776
0	0.0230715123594129
0	0.0186642136010302
0	0.0186642136010302
0	0.0234308826028539
0	0.0243081574712623
0	0.0186642136010302
0	0.0210607634172762
0	0.0186642136010302
0	0.0186642136010302
0	0.0186642136010302
0	0.04099786257662
0	0.0186642136010302
0	0.0186642136010302
0	0.0186642136010302
0	0.0356430486453713
0	0.0186642136010302
0	0.110083577163299
0	0.0216032656971579
0	0.0186642136010302
0	0.0270998134693687
0	0.0186642136010302
0	0.0186642136010302
0	0.0186642136010302
0	0.0186642136010302
0	0.0186642136010302
0	0.0186642136010302
0	0.0243874506104967
0	0.0186642136010302
0	0.0261463843741891
0	0.03256184648196
0	0.0186642136010302
0	0.0186642136010302
0	0.0273311410379421
0	0.0503661087278625
0	0.0186642136010302
0	0.0236170134366077
0	0.0186642136010302
0	0.0534025289822432
0	0.0186642136010302
0	0.0186642136010302
0	0.0186642136010302
0	0.0186642136010302
0	0.653759241594649
0	0.0186642136010302
0	0.0186642136010302
0	0.0349247264986759
0	0.0186642136010302
0	0.0186642136010302
0	0.0216032656971579
0	0.0232539410362832
0	0.0186642136010302
0	0.0368734039097922
0	0.0276602950727522
0	0.0186642136010302
0	0.0205655689737033
0	0.0186642136010302
0	0.0186642136010302
0	0.0186642136010302
0	0.0306987342331443
0	0.0186642136010302
0	0.0235539964526077
0	0.0216032656971579
0	0.0186642136010302
0	0.0194469888500145
0	0.0186642136010302
0	0.0186642136010302
0	0.0186642136010302
0	0.0186642136010302
0	0.0186642136010302
0	0.0186642136010302
0	0.0186642136010302
0	0.0186642136010302
0	0.0186642136010302
0	0.0186642136010302
0	0.0186642136010302
0	0.0451265441105538
0	0.0186642136010302
0	0.0186642136010302
0	0.0248110120534505
0	0.0214019355931016
0	0.0186642136010302
0	0.0186642136010302
0	0.0234721602369832
0	0.0186642136010302
0	0.0186642136010302
0	0.0186642136010302
0	0.0187726903639064
0	0.0186642136010302
0	0.0287751695299524
0	0.0186642136010302
0	0.0186642136010302
0	0.0186642136010302
0	0.0232539410362832
0	0.0186642136010302
0	0.0215409676154
0	0.0186642136010302
0	0.0206019053407863
0	0.0186642136010302
0	0.0226218498256273
0	0.0405531038516543
0	0.0298212044472873
0	0.0186642136010302
0	0.0267056553260115
0	0.337463652298891
0	0.0186642136010302
0	0.0394248250910348
0	0.0216032656971579
0	0.413281932365681
0	0.0244686218468818
0	0.0226528026855984
0	0.0186642136010302
0	0.0186642136010302
0	0.0186642136010302
0	0.0186642136010302
0	0.0186642136010302
0	0.0186642136010302
0	0.0186642136010302
0	0.0186642136010302
0	0.0222242709590427
0	0.0186642136010302
0	0.0235754872166387
0	0.0205655689737033
0	0.0186642136010302
0	0.0186642136010302
0	0.0186642136010302
0	0.0186642136010302
0	0.0193721887308898
0	0.0186642136010302
0	0.0246800180014339
0	0.0186642136010302
0	0.0186642136010302
0	0.0186642136010302
0	0.0247431920306966
0	0.0186642136010302
0	0.0186642136010302
0	0.0469660312978893
0	0.0300261943472172
0	0.0243874506104967
0	0.0186642136010302
0	0.0232413689223556
0	0.0186642136010302
0	0.0186642136010302
0	0.0186642136010302
0	0.0186642136010302
0	0.0186642136010302
0	0.0186642136010302
0	0.0214019355931016
0	0.0186642136010302
0	0.0186642136010302
0	0.0186642136010302
0	0.0186642136010302
0	0.0232719957684804
0	0.0186642136010302
0	0.0186642136010302
0	0.0186642136010302
0	0.0186642136010302
0	0.0186642136010302
0	0.0186642136010302
0	0.0214019355931016
0	0.0186642136010302
0	0.0186642136010302
0	0.0187726903639064
0	0.0186642136010302
0	0.0186642136010302
0	0.0186642136010302
0	0.0410985211221305
0	0.0186642136010302
0	0.0186642136010302
0	0.0210607634172762
0	0.0186642136010302
0	0.026804339641313
0	0.0322217462503195
0	0.0186642136010302
0	0.0186642136010302
0	0.0186642136010302
0	0.0518052864505329
0	0.0186642136010302
0	0.0216032656971579
0	0.0186642136010302
0	0.0186642136010302
0	0.0220142362570575
0	0.0244326440498357
0	0.0252732276331469
0	0.0186642136010302
0	0.0186642136010302
0	0.0262867078762202
0	0.0210607634172762
0	0.0186642136010302
0	0.0236170134366077
0	0.0186642136010302
0	0.0186642136010302
0	0.0186642136010302
0	0.0186642136010302
0	0.0212703724395521
0	0.0216032656971579
0	0.0241608331367658
0	0.0326564193800007
0	0.0384108054132954
0	0.0186642136010302
0	0.0186642136010302
0	0.0186642136010302
0	0.0186642136010302
0	0.0404178709372922
0	0.0186642136010302
0	0.0405599338523407
0	0.0186642136010302
0	0.0186642136010302
0	0.0215409676154
0	0.0186642136010302
0	0.0232539410362832
0	0.0186642136010302
0	0.0186642136010302
0	0.0214019355931016
0	0.0186642136010302
0	0.0186642136010302
0	0.0247431920306966
0	0.0186642136010302
0	0.0186642136010302
0	0.0251474894865927
0	0.0186642136010302
0	0.0186642136010302
0	0.0186642136010302
0	0.648571798140007
0	0.0186642136010302
0	0.0186642136010302
0	0.0186642136010302
0	0.0186642136010302
0	0.0495929808695358
0	0.0386088003561114
0	0.118853482823152
0	0.0186642136010302
0	0.0186642136010302
0	0.0186642136010302
0	0.0578692010464266
0	0.0186642136010302
0	0.0991853941492006
0	0.0186642136010302
0	0.0186642136010302
0	0.322863740217254
0	0.117682462289171
0	0.0186642136010302
0	0.0232539410362832
0	0.0211828683096332
0	0.0186642136010302
0	0.0244686218468818
0	0.0210607634172762
0	0.0186642136010302
0	0.0383640293234253
0	0.0434700784875792
0	0.0186642136010302
0	0.0186642136010302
0	0.0210607634172762
0	0.0186642136010302
0	0.0240214160339476
0	0.0429904830877629
0	0.0186642136010302
0	0.0186642136010302
0	0.0186642136010302
0	0.0191308662610159
0	0.0229225311153472
0	0.0186642136010302
0	0.0186642136010302
0	0.0186642136010302
0	0.0205262585358664
0	0.0186642136010302
0	0.0186642136010302
0	0.0186642136010302
0	0.0186642136010302
0	0.0322217462503195
0	0.0186642136010302
0	0.0186642136010302
0	0.0186642136010302
0	0.0190045108638317
0	0.0372524495048868
0	0.0186642136010302
0	0.0186642136010302
0	0.0186642136010302
0	0.0186642136010302
0	0.0258514597114605
0	0.363746801689151
0	0.0186642136010302
0	0.0235562092939754
0	0.0186642136010302
0	0.0186642136010302
0	0.0186642136010302
0	0.0186642136010302
0	0.0210607634172762
0	0.0186642136010302
0	0.0186642136010302
0	0.0186642136010302
0	0.0268814415873157
0	0.0186642136010302
0	0.0186642136010302
0	0.0186642136010302
0	0.0205655689737033
0	0.0186642136010302
0	0.0186642136010302
0	0.0796277866596656
0	0.0186642136010302
0	0.0186642136010302
0	0.0214019355931016
0	0.0307107037774429
0	0.0186642136010302
0	0.0216032656971579
0	0.0186642136010302
0	0.0186642136010302
0	0.0186642136010302
0	0.0341385351423997
0	0.0186642136010302
0	0.0186642136010302
0	0.0186642136010302
0	0.0186642136010302
0	0.0186642136010302
0	0.0186642136010302
0	0.0186642136010302
0	0.0186642136010302
0	0.0186642136010302
0	0.0186642136010302
0	0.0205655689737033
0	0.0186642136010302
0	0.0186642136010302
0	0.0186642136010302
0	0.0186642136010302
0	0.0339313916285137
0	0.0186642136010302
0	0.0186642136010302
0	0.0216032656971579
0	0.0186642136010302
0	0.741148683002444
0	0.0215409676154
0	0.0186642136010302
0	0.0186642136010302
0	0.0186642136010302
0	0.0205655689737033
0	0.0215409676154
0	0.0187726903639064
0	0.0186642136010302
0	0.0186642136010302
0	0.0205655689737033
0	0.0216032656971579
0	0.0190203599216693
0	0.0282953392255952
0	0.0186642136010302
0	0.0205655689737033
0	0.0186642136010302
0	0.0186642136010302
0	0.0186642136010302
0	0.278614045129396
0	0.0944577140978882
0	0.0186642136010302
0	0.0186642136010302
0	0.0186642136010302
0	0.0678694961911646
0	0.0186642136010302
0	0.0186642136010302
0	0.0186642136010302
0	0.0186642136010302
0	0.0186642136010302
0	0.0186642136010302
0	0.0186642136010302
0	0.0404723563252394
0	0.0186642136010302
0	0.0186642136010302
0	0.0186642136010302
0	0.146239299804436
0	0.0186642136010302
0	0.0240214160339476
0	0.0186642136010302
0	0.0417660499573468
0	0.0186642136010302
0	0.0186642136010302
0	0.0186642136010302
0	0.0295622653521927
0	0.0186642136010302
0	0.0186642136010302
0	0.0214019355931016
0	0.0329336144218636
0	0.0276602950727522
0	0.0186642136010302
0	0.0186642136010302
0	0.0186642136010302
0	0.0278981134083822
0	0.0186642136010302
0	0.0352697370208696
0	0.0186642136010302
0	0.0186642136010302
0	0.0186642136010302
0	0.110255080917156
0	0.0186642136010302
0	0.0186642136010302
0	0.0186642136010302
0	0.0186642136010302
0	0.0186642136010302
0	0.0186642136010302
0	0.0243874506104967
0	0.0186642136010302
0	0.0186642136010302
0	0.0205655689737033
0	0.0186642136010302
0	0.0342796020263464
0	0.0216032656971579
0	0.0186642136010302
0	0.0186642136010302
0	0.0186642136010302
0	0.0231562595854312
0	0.0186642136010302
0	0.0186642136010302
0	0.0186642136010302
0	0.0186642136010302
0	0.0186642136010302
0	0.0186642136010302
0	0.0186642136010302
0	0.0226605569529007
0	0.114285948192975
0	0.0194469888500145
0	0.21168977490299
0	0.0186642136010302
0	0.0478069957762749
0	0.203025605678619
0	0.0186642136010302
0	0.0353693211630427
0	0.0186642136010302
0	0.0213854259264902
0	0.0186642136010302
0	0.0422199378499998
0	0.0210607634172762
0	0.0214019355931016
0	0.0302221710005979
0	0.0341897839967172
0	0.034678312251852
0	0.0293587201298838
0	0.0232539410362832
0	0.0186642136010302
0	0.317241510152046
0	0.0419725343240984
0	0.0186642136010302
0	0.0340537679398236
0	0.0277701530950171
0	0.0205655689737033
0	0.0186642136010302
0	0.0205162869018614
0	0.0186642136010302
0	0.0186642136010302
0	0.0186642136010302
0	0.0186642136010302
0	0.0186642136010302
0	0.0186642136010302
0	0.800167568373979
0	0.0186642136010302
0	0.0186642136010302
0	0.0186642136010302
0	0.0670438957668786
0	0.0186642136010302
0	0.0186642136010302
0	0.0186642136010302
0	0.0186642136010302
0	0.0186642136010302
0	0.0186642136010302
0	0.0406751745039439
0	0.0186642136010302
0	0.0186642136010302
0	0.0186642136010302
0	0.0912878825199258
0	0.0186642136010302
0	0.0186642136010302
0	0.0186642136010302
0	0.0410954936422401
0	0.0186642136010302
0	0.0186642136010302
0	0.0186642136010302
0	0.0186642136010302
0	0.0186642136010302
0	0.0187726903639064
0	0.0214019355931016
0	0.0186642136010302
0	0.0345954811901926
0	0.0186642136010302
0	0.0214019355931016
0	0.019383439937447
0	0.0186642136010302
0	0.0186642136010302
0	0.0186642136010302
0	0.0296162764949809
0	0.0184183369210047
0	0.0186642136010302
0	0.0216032656971579
0	0.0186642136010302
0	0.0232539410362832
0	0.0186642136010302
0	0.0186642136010302
0	0.0210607634172762
0	0.0186642136010302
0	0.0186642136010302
0	0.0186642136010302
0	0.0247431920306966
0	0.0186642136010302
0	0.0186642136010302
0	0.0232539410362832
0	0.0237620153898256
0	0.0187726903639064
0	0.0186642136010302
0	0.0244277369596652
0	0.0187726903639064
0	0.0412849841559845
0	0.0388962679636664
0	0.0186642136010302
0	0.0186642136010302
0	0.0186642136010302
0	0.0186642136010302
0	0.0235754872166387
0	0.0186642136010302
0	0.0186642136010302
0	0.0216032656971579
0	0.0186642136010302
0	0.0405531038516543
0	0.0266466171854216
0	0.0186642136010302
0	0.0186642136010302
0	0.0186642136010302
0	0.0186642136010302
0	0.0232539410362832
0	0.534026591678898
0	0.0282114511156965
0	0.0186642136010302
0	0.0222969218088628
0	0.114556431407394
0	0.0186642136010302
0	0.0186642136010302
0	0.0255481678696366
0	0.0186642136010302
0	0.0186642136010302
0	0.0186642136010302
0	0.0186642136010302
0	0.0187726903639064
0	0.0186642136010302
0	0.0214019355931016
0	0.0217371277995814
0	0.024820127598787
0	0.0186642136010302
0	0.0234308826028539
0	0.0186642136010302
0	0.0186642136010302
0	0.0186642136010302
0	0.0186642136010302
0	0.0216032656971579
0	0.0186642136010302
0	0.0234105609577346
0	0.0186642136010302
0	0.0186642136010302
0	0.0186642136010302
0	0.0243808759462983
0	0.0186642136010302
0	0.0186642136010302
0	0.0186642136010302
0	0.0186642136010302
0	0.0186642136010302
0	0.0632697901060831
0	0.0186642136010302
0	0.0186642136010302
0	0.0186642136010302
0	0.0372293720509383
0	0.0186642136010302
0	0.0186642136010302
0	0.0186642136010302
0	0.0186642136010302
0	0.0186642136010302
0	0.0186642136010302
0	0.0186642136010302
0	0.0186642136010302
0	0.0234105609577346
0	0.0186642136010302
0	0.0186642136010302
0	0.0186642136010302
0	0.0186642136010302
0	0.0186642136010302
0	0.0186642136010302
0	0.0262867078762202
0	0.0186642136010302
0	0.0186642136010302
0	0.0186642136010302
0	0.0186642136010302
0	0.0186642136010302
0	0.0399348251835185
0	0.0373664519104963
0	0.0237620153898256
0	0.0186642136010302
0	0.772273427073863
0	0.0326072337185682
0	0.0186642136010302
0	0.0186642136010302
0	0.0205561629059929
0	0.0502911697418401
0	0.0214019355931016
0	0.0214019355931016
0	0.078274505125323
0	0.0186642136010302
0	0.0460202431648958
0	0.0186642136010302
0	0.0186642136010302
0	0.0186642136010302
0	0.123329489462751
0	0.0186642136010302
0	0.0186642136010302
0	0.0186642136010302
0	0.0186642136010302
0	0.0308965802156609
0	0.0335536815239692
0	0.0186642136010302
0	0.075135219106898
0	0.0186642136010302
0	0.0186642136010302
0	0.0186642136010302
0	0.495525545035697
0	0.0186642136010302
0	0.0186642136010302
0	0.0186642136010302
0	0.0186642136010302
0	0.0247431920306966
0	0.0186642136010302
0	0.0186642136010302
0	0.0229225311153472
0	0.0186642136010302
0	0.0186642136010302
0	0.192069555304491
0	0.0186642136010302
0	0.0186642136010302
0	0.0186642136010302
0	0.0186642136010302
0	0.0214019355931016
0	0.0186642136010302
0	0.0186642136010302
0	0.0254156108820582
0	0.0643331560437884
0	0.0186642136010302
0	0.0280334297617171
0	0.0186642136010302
0	0.0186642136010302
0	0.027116349040055
0	0.0205655689737033
0	0.0186642136010302
0	0.0186642136010302
0	0.0186642136010302
0	0.0205655689737033
0	0.0186642136010302
0	0.0186642136010302
0	0.0186642136010302
0	0.0186642136010302
0	0.0186642136010302
0	0.0186642136010302
0	0.0186642136010302
0	0.0186642136010302
0	0.0337565399657132
0	0.0186642136010302
0	0.0186642136010302
0	0.0216032656971579
0	0.0186642136010302
0	0.0205262585358664
0	0.0186642136010302
0	0.0186642136010302
0	0.0298552978521749
0	0.0205262585358664
0	0.0186642136010302
0	0.022859544777299
0	0.0186642136010302
0	0.0232413689223556
0	0.0518669026490918
0	0.0186642136010302
0	0.0186642136010302
0	0.0186642136010302
0	0.0186642136010302
0	0.024624579037813
0	0.0186642136010302
0	0.0186642136010302
0	0.0562892506365081
0	0.0244686218468818
0	0.0216032656971579
0	0.0186642136010302
0	0.0186642136010302
0	0.0330517326726758
0	0.0186642136010302
0	0.0186642136010302
0	0.0319461984389613
0	0.0232539410362832
0	0.0186642136010302
0	0.0186642136010302
0	0.0194960138110138
0	0.0186642136010302
0	0.0186642136010302
0	0.0214019355931016
0	0.0186642136010302
0	0.593365549587222
0	0.0368734039097922
0	0.0205655689737033
0	0.0186642136010302
0	0.0232413689223556
0	0.0194469888500145
0	0.0206019053407863
0	0.0186642136010302
0	0.0293587201298838
0	0.0205262585358664
0	0.0272664288287857
0	0.0232539410362832
0	0.0186642136010302
0	0.0186642136010302
0	0.0194960138110138
0	0.0232539410362832
0	0.0186642136010302
0	0.0186642136010302
0	0.0186642136010302
0	0.0186642136010302
0	0.0186642136010302
0	0.0216032656971579
0	0.0214019355931016
0	0.047392752922356
0	0.21514312712561
0	0.026000602120111
0	0.0210607634172762
0	0.0186642136010302
0	0.0306993450018216
0	0.0186642136010302
0	0.0186642136010302
0	0.0368734039097922
0	0.0229387758462232
0	0.0186642136010302
0	0.0186642136010302
0	0.0232539410362832
0	0.0205655689737033
0	0.0433169323420322
0	0.0186642136010302
0	0.0186642136010302
0	0.0186642136010302
0	0.0186642136010302
0	0.0186642136010302
0	0.0186642136010302
0	0.0187726903639064
0	0.0574156432592895
0	0.0186642136010302
0	0.0186642136010302
0	0.0455133906547192
0	0.0394214329958902
0	0.120032832787534
0	0.0186642136010302
0	0.0186642136010302
0	0.0187726903639064
0	0.0186642136010302
0	0.0513711971286343
0	0.0186642136010302
0	0.0186642136010302
0	0.0186642136010302
0	0.0186642136010302
0	0.0253836258954029
0	0.0186642136010302
0	0.0496063954537778
0	0.0214019355931016
0	0.0186642136010302
0	0.0278981134083822
0	0.0186642136010302
0	0.0480130039467949
0	0.0186642136010302
0	0.35201823154273
0	0.0186642136010302
0	0.0186642136010302
0	0.0186642136010302
0	0.0186642136010302
0	0.0186642136010302
0	0.0186642136010302
0	0.0293826476754714
0	0.0186642136010302
0	0.0187726903639064
0	0.0186642136010302
0	0.0186642136010302
0	0.0205655689737033
0	0.0186642136010302
0	0.0186642136010302
0	0.0186642136010302
0	0.0186642136010302
0	0.0282114511156965
0	0.0187726903639064
0	0.0186642136010302
0	0.277425712082999
0	0.0186642136010302
0	0.0216032656971579
0	0.015951805425311
0	0.0186642136010302
0	0.0211828683096332
0	0.0186642136010302
0	0.0186642136010302
0	0.0934069556016503
0	0.0290566907214698
0	0.0186642136010302
0	0.0186642136010302
0	0.047392752922356
0	0.0186642136010302
0	0.0186642136010302
0	0.0186642136010302
0	0.0221508518879157
0	0.0186642136010302
0	0.0186642136010302
0	0.0186642136010302
0	0.0186642136010302
0	0.0598596889747808
0	0.0186642136010302
0	0.0186642136010302
0	0.0216032656971579
0	0.0186642136010302
0	0.0186642136010302
0	0.0186642136010302
0	0.0311952664112641
0	0.0222071413300865
0	0.203952266848833
0	0.0186642136010302
0	0.0186642136010302
0	0.0186642136010302
0	0.0229387758462232
0	0.0206019053407863
0	0.0186642136010302
0	0.0186642136010302
0	0.0226605569529007
0	0.0336345354612231
0	0.0487217223901716
0	0.115730605599181
0	0.0216032656971579
0	0.0186642136010302
0	0.0186642136010302
0	0.0186642136010302
0	0.0186642136010302
0	0.0186642136010302
0	0.0235305616373216
0	0.0186642136010302
0	0.0186642136010302
0	0.0237620153898256
0	0.0269210430794045
0	0.0187726903639064
0	0.0186642136010302
0	0.019825285826733
0	0.0206019053407863
0	0.0214019355931016
0	0.0186642136010302
0	0.0186642136010302
0	0.201059155836426
0	0.0186642136010302
0	0.0244686218468818
0	0.0186642136010302
0	0.0302221710005979
0	0.0186642136010302
0	0.0194469888500145
0	0.0186642136010302
0	0.0210607634172762
0	0.0197296397879806
0	0.0186642136010302
0	0.0186642136010302
0	0.0186642136010302
0	0.0186642136010302
0	0.0401898996119476
0	0.0186642136010302
0	0.0232539410362832
0	0.113165351917371
0	0.0186642136010302
0	0.0186642136010302
0	0.0186642136010302
0	0.0205655689737033
0	0.0186642136010302
0	0.0186642136010302
0	0.0186642136010302
0	0.0186642136010302
0	0.0206019053407863
0	0.0186642136010302
0	0.0186642136010302
0	0.0225064775047648
0	0.0267056553260115
0	0.0186642136010302
0	0.0247431920306966
0	0.0186642136010302
0	0.0295429431235742
0	0.0247612187276583
0	0.0186642136010302
0	0.0247431920306966
0	0.0186642136010302
0	0.0187726903639064
0	0.0186642136010302
0	0.811097540889014
0	0.0205262585358664
0	0.0186642136010302
0	0.0186642136010302
0	0.0186642136010302
0	0.477839693786294
0	0.0186642136010302
0	0.0186642136010302
0	0.0186642136010302
0	0.120881961323625
0	0.0186642136010302
0	0.0186642136010302
0	0.0186642136010302
0	0.0186642136010302
0	0.0186642136010302
0	0.0215409676154
0	0.0232539410362832
0	0.0325804111069019
0	0.0286115908003034
0	0.0214019355931016
0	0.0232539410362832
0	0.0187726903639064
0	0.0186642136010302
0	0.0201788506208746
0	0.0277648070378484
0	0.0186642136010302
0	0.815537135842523
0	0.0296829016524194
0	0.0186642136010302
0	0.0186642136010302
0	0.0186642136010302
0	0.030477260803869
0	0.0186642136010302
0	0.0186642136010302
0	0.0224331595189437
0	0.0186642136010302
0	0.0186642136010302
0	0.0232413689223556
0	0.0186642136010302
0	0.0186642136010302
0	0.025264377398494
0	0.0186642136010302
0	0.0352626416380578
0	0.0194469888500145
0	0.0186642136010302
0	0.0186642136010302
0	0.0186642136010302
0	0.0451265441105538
0	0.694011068279747
0	0.0186642136010302
0	0.0238072787336889
0	0.0186642136010302
0	0.0186642136010302
0	0.0216032656971579
0	0.0186642136010302
0	0.0186642136010302
0	0.0186642136010302
0	0.0216032656971579
0	0.0237620153898256
0	0.0237118186818204
0	0.0653355737092956
0	0.0215409676154
0	0.0186642136010302
0	0.0186642136010302
0	0.0186642136010302
0	0.0212703724395521
0	0.0186642136010302
0	0.0186642136010302
0	0.0186642136010302
0	0.0186642136010302
0	0.0186642136010302
0	0.0278981134083822
0	0.0232004875102589
0	0.0186642136010302
0	0.0186642136010302
0	0.0289416786588088
0	0.0303020546639658
0	0.0186642136010302
0	0.0186642136010302
0	0.0186642136010302
0	0.0268959285312922
0	0.0186642136010302
0	0.0633385114390679
0	0.0186642136010302
0	0.0392458375024236
0	0.028345004580311
0	0.0247431920306966
0	0.0186642136010302
0	0.0268157838789258
0	0.0194469888500145
0	0.0186642136010302
0	0.0186642136010302
0	0.0186642136010302
0	0.0186642136010302
0	0.0186642136010302
0	0.0205262585358664
0	0.0186642136010302
0	0.0186642136010302
0	0.0186642136010302
0	0.0186642136010302
0	0.0186642136010302
0	0.0229387758462232
0	0.0186642136010302
0	0.0186642136010302
0	0.0270221025768334
0	0.125193929646318
0	0.0262867078762202
0	0.0186642136010302
0	0.0232539410362832
0	0.0186642136010302
0	0.0186642136010302
0	0.0186642136010302
0	0.0186642136010302
0	0.0186642136010302
0	0.0186642136010302
0	0.0205262585358664
0	0.0186642136010302
0	0.0247431920306966
0	0.0186642136010302
0	0.0186642136010302
0	0.0222964940471958
0	0.0216032656971579
0	0.0479879800094678
0	0.0247431920306966
0	0.0186642136010302
0	0.0186642136010302
0	0.023993380248792
0	0.0206019053407863
0	0.0244686218468818
0	0.0232413689223556
0	0.0186642136010302
0	0.0186642136010302
0	0.0214019355931016
0	0.0186642136010302
0	0.0306596453345426
0	0.0186642136010302
0	0.0186642136010302
0	0.0186642136010302
0	0.0186642136010302
0	0.0186642136010302
0	0.0232539410362832
0	0.0186642136010302
0	0.0186642136010302
0	0.0186642136010302
0	0.0186642136010302
0	0.0186642136010302
0	0.0186642136010302
0	0.0186642136010302
0	0.0186642136010302
0	0.0186642136010302
0	0.0186642136010302
0	0.0186642136010302
0	0.0186642136010302
0	0.0253057789456471
0	0.0186642136010302
0	0.0365287201655679
0	0.0186642136010302
0	0.0186642136010302
0	0.0186642136010302
0	0.0186642136010302
0	0.0295675751999503
0	0.0246900437573258
0	0.0205655689737033
0	0.0186642136010302
0	0.0264566146328426
0	0.040868335916693
0	0.0186642136010302
0	0.0186642136010302
0	0.0220668361741297
0	0.0186642136010302
0	0.0186642136010302
0	0.0186642136010302
0	0.0186642136010302
0	0.0186642136010302
0	0.0214019355931016
0	0.72477499674331
0	0.0186642136010302
0	0.0313438474265021
0	0.0186642136010302
0	0.0186642136010302
0	0.0186642136010302
0	0.0186642136010302
0	0.0186642136010302
0	0.053729861305991
0	0.0186642136010302
0	0.0186642136010302
0	0.0187726903639064
0	0.0186642136010302
0	0.0587397628789812
0	0.0186642136010302
0	0.0186642136010302
0	0.0186642136010302
0	0.0299117472936953
0	0.0186642136010302
0	0.566584684425535
0	0.0186642136010302
0	0.0186642136010302
0	0.0186642136010302
0	0.0237967669243936
0	0.0212703724395521
0	0.134568343290012
0	0.0186642136010302
0	0.0186642136010302
0	0.0186642136010302
0	0.0186642136010302
0	0.116067261044948
0	0.0186642136010302
0	0.0186642136010302
0	0.0186642136010302
0	0.0186642136010302
0	0.109586961984111
0	0.0186642136010302
0	0.0186642136010302
0	0.0186642136010302
0	0.0232539410362832
0	0.0186642136010302
0	0.0186642136010302
0	0.0186642136010302
0	0.851208485936077
0	0.0280334297617171
0	0.0186642136010302
0	0.0210607634172762
0	0.0186642136010302
0	0.0462308331453285
0	0.0186642136010302
0	0.812610553954974
0	0.0186642136010302
0	0.0186642136010302
0	0.0186642136010302
0	0.0186642136010302
0	0.0186642136010302
0	0.0186642136010302
0	0.0214019355931016
0	0.0186642136010302
0	0.0186642136010302
0	0.482717839649513
0	0.0186642136010302
0	0.0186642136010302
0	0.0198835302485888
0	0.0186642136010302
0	0.0186642136010302
0	0.0186642136010302
0	0.0703390950352558
0	0.0190203599216693
0	0.0186642136010302
0	0.0186642136010302
0	0.0186642136010302
0	0.0428735270770289
0	0.0186642136010302
0	0.0186642136010302
0	0.0186642136010302
0	0.0210607634172762
0	0.0322217462503195
0	0.0216032656971579
0	0.176089929463647
0	0.0225261786202501
0	0.0186642136010302
0	0.245061726463223
0	0.0186642136010302
0	0.0186642136010302
0	0.0420624989357064
0	0.0187726903639064
0	0.0321948987974244
0	0.0186642136010302
0	0.0186642136010302
0	0.0186642136010302
0	0.0205262585358664
0	0.0190203599216693
0	0.0186642136010302
0	0.0252732276331469
0	0.0186642136010302
0	0.0382766392841513
0	0.0186642136010302
0	0.0187726903639064
0	0.0367040293629816
0	0.0187726903639064
0	0.0205262585358664
0	0.0186642136010302
0	0.0186642136010302
0	0.0186642136010302
0	0.0646307331055471
0	0.0186642136010302
0	0.0186642136010302
0	0.0186642136010302
0	0.0186642136010302
0	0.0186642136010302
0	0.0186642136010302
0	0.0186642136010302
0	0.0502809955182481
0	0.0186642136010302
0	0.0186642136010302
0	0.110649741993814
0	0.0186642136010302
0	0.0186642136010302
0	0.0186642136010302
0	0.0216032656971579
0	0.0205262585358664
0	0.0186642136010302
0	0.0287651291673761
0	0.0226528026855984
0	0.0453811237693388
0	0.024624579037813
0	0.0214019355931016
0	0.0186642136010302
0	0.0186642136010302
0	0.0214019355931016
0	0.0186642136010302
0	0.0201788506208746
0	0.0205655689737033
0	0.779387667705126
0	0.0182990823897516
0	0.0186642136010302
0	0.0341622712590466
0	0.0207214062039545
0	0.0186642136010302
0	0.0232004875102589
0	0.0186642136010302
0	0.0186642136010302
0	0.415046325694953
0	0.0186642136010302
0	0.0186642136010302
0	0.0371374787357391
0	0.0186642136010302
0	0.0186642136010302
0	0.0186642136010302
0	0.0186642136010302
0	0.0882554333530056
0	0.0186642136010302
0	0.0247431920306966
0	0.0511620845377742
0	0.0206019053407863
0	0.0201788506208746
0	0.0214019355931016
0	0.0186642136010302
0	0.0247431920306966
0	0.0186642136010302
0	0.0205354368469498
0	0.0365612993054447
0	0.0186642136010302
0	0.0186642136010302
0	0.0186642136010302
0	0.0186642136010302
0	0.0186642136010302
0	0.0224331595189437
0	0.0222242709590427
0	0.0186642136010302
0	0.0186642136010302
0	0.0186642136010302
0	0.0186642136010302
0	0.024624579037813
0	0.0186642136010302
0	0.0241069847211429
0	0.0186642136010302
0	0.0186642136010302
0	0.0186642136010302
0	0.0232539410362832
0	0.0216032656971579
0	0.0186642136010302
0	0.0206019053407863
0	0.0635521570516354
0	0.0186642136010302
0	0.0320061527113157
0	0.0186642136010302
0	0.0186642136010302
0	0.0186642136010302
0	0.0210607634172762
0	0.0186642136010302
0	0.0321295085879762
0	0.0217754881194471
0	0.0186642136010302
0	0.0186642136010302
0	0.0186642136010302
0	0.0186642136010302
0	0.0186642136010302
0	0.0186642136010302
0	0.0186642136010302
0	0.0186642136010302
0	0.0186642136010302
0	0.0186642136010302
0	0.0186642136010302
0	0.0206019053407863
0	0.0311015503759677
0	0.0371091309696687
0	0.0186642136010302
0	0.0214019355931016
0	0.0186642136010302
0	0.436121707806698
0	0.0186642136010302
0	0.0186642136010302
0	0.0186642136010302
0	0.0186642136010302
0	0.0186642136010302
0	0.0268959285312922
0	0.399099676394472
0	0.0186642136010302
0	0.0214019355931016
0	0.0186642136010302
0	0.0187726903639064
0	0.0310292974864494
0	0.0205262585358664
0	0.0186642136010302
0	0.34486548761009
0	0.0186642136010302
0	0.0186642136010302
0	0.0186642136010302
0	0.0322217462503195
0	0.0216032656971579
0	0.0186642136010302
0	0.0186642136010302
0	0.0186642136010302
0	0.0216032656971579
0	0.0186642136010302
0	0.0247431920306966
0	0.0237620153898256
0	0.782800303867048
0	0.0186642136010302
0	0.0186642136010302
0	0.0186642136010302
0	0.0186642136010302
0	0.0186642136010302
0	0.0186642136010302
0	0.0186642136010302
0	0.0236069065243753
0	0.0284749750636443
0	0.0323136689174543
0	0.0226605569529007
0	0.0216032656971579
0	0.0186642136010302
0	0.0235754872166387
0	0.0186642136010302
0	0.237247250889935
0	0.0197296397879806
0	0.0186642136010302
0	0.0206019053407863
0	0.0186642136010302
0	0.0186642136010302
0	0.040927056324938
0	0.0186642136010302
0	0.0186642136010302
0	0.0186642136010302
0	0.0186642136010302
0	0.0186642136010302
0	0.0186642136010302
0	0.0186642136010302
0	0.49046746186591
0	0.0186642136010302
0	0.0186642136010302
0	0.0186642136010302
0	0.0186642136010302
0	0.0244686218468818
0	0.0205655689737033
0	0.024582719200515
0	0.0368734039097922
0	0.0206019053407863
0	0.0214019355931016
0	0.0186642136010302
0	0.0241227997197492
0	0.0328041430151674
0	0.0186642136010302
0	0.0186642136010302
0	0.0186642136010302
0	0.0186642136010302
0	0.0186642136010302
0	0.0186642136010302
0	0.0312963848971544
0	0.0186642136010302
0	0.0186642136010302
0	0.0186642136010302
0	0.045381708004442
0	0.856412248631151
0	0.167615026911871
0	0.0186642136010302
0	0.0186642136010302
0	0.027828761909131
0	0.0186642136010302
0	0.0186642136010302
0	0.0186642136010302
0	0.0186642136010302
0	0.0186642136010302
0	0.0186642136010302
0	0.0186642136010302
0	0.0272267517026678
0	0.0370576596710564
0	0.0186642136010302
0	0.0186642136010302
0	0.0186642136010302
0	0.0246900437573258
0	0.0205262585358664
0	0.0198835302485888
0	0.0273904017898992
0	0.0385583356528885
0	0.0232539410362832
0	0.0288299684542489
0	0.770812756512102
0	0.111036455306595
0	0.0186642136010302
0	0.0186642136010302
0	0.0186642136010302
0	0.0186642136010302
0	0.0186642136010302
0	0.0186642136010302
0	0.0186642136010302
0	0.0186642136010302
0	0.655495220220673
0	0.0186642136010302
0	0.230505208548521
0	0.0221778265415771
0	0.0205655689737033
0	0.0186642136010302
0	0.0186642136010302
0	0.0432920927412954
0	0.0190203599216693
0	0.0186642136010302
0	0.0186642136010302
0	0.015951805425311
0	0.0206019053407863
0	0.0186642136010302
0	0.0186642136010302
0	0.033855897594331
0	0.0186642136010302
0	0.0186642136010302
0	0.0205655689737033
0	0.0186642136010302
0	0.0186642136010302
0	0.0216032656971579
0	0.135859830481896
0	0.0186642136010302
0	0.0186642136010302
0	0.0214019355931016
0	0.123440248739432
0	0.0186642136010302
0	0.0187726903639064
0	0.281514706448301
0	0.0186642136010302
0	0.0186642136010302
0	0.0186642136010302
0	0.0186642136010302
0	0.0186642136010302
0	0.024141370521964
0	0.0205655689737033
0	0.0186642136010302
0	0.0186642136010302
0	0.0186642136010302
0	0.357702490100613
0	0.0186642136010302
0	0.0238018718749095
0	0.020164005517469
0	0.0186642136010302
0	0.0186642136010302
0	0.0186642136010302
0	0.0596349355424296
0	0.435952586336382
0	0.0186642136010302
0	0.0186642136010302
0	0.0706378588339361
0	0.0313796102803528
0	0.0186642136010302
0	0.0186642136010302
0	0.0186642136010302
0	0.0186642136010302
0	0.0186642136010302
0	0.0186642136010302
0	0.0306526081335882
0	0.0186642136010302
0	0.0186642136010302
0	0.0205262585358664
0	0.0186642136010302
0	0.0336161070717568
0	0.0190203599216693
0	0.071585154960997
0	0.0186642136010302
0	0.0186642136010302
0	0.12339609157149
0	0.0186642136010302
0	0.0241456809755421
0	0.0186642136010302
0	0.0212703724395521
0	0.0186642136010302
0	0.0186642136010302
0	0.0186642136010302
0	0.0186642136010302
0	0.0186642136010302
0	0.0215409676154
0	0.0186642136010302
0	0.0186642136010302
0	0.0186642136010302
0	0.0186642136010302
0	0.0186642136010302
0	0.0186642136010302
0	0.0186642136010302
0	0.0215409676154
0	0.0221508518879157
0	0.346877315569227
0	0.0205561629059929
0	0.024141370521964
0	0.0194469888500145
0	0.0186642136010302
0	0.0186642136010302
0	0.0186642136010302
0	0.0222969218088628
0	0.0186642136010302
0	0.0186642136010302
0	0.0300386004812446
0	0.0237620153898256
0	0.0186642136010302
0	0.0186642136010302
0	0.0186642136010302
0	0.0214019355931016
0	0.0247518135619266
0	0.0313438474265021
0	0.0186642136010302
0	0.0186642136010302
0	0.0186642136010302
0	0.0186642136010302
0	0.0186642136010302
0	0.0186642136010302
0	0.0186642136010302
0	0.0186642136010302
0	0.0186642136010302
0	0.0244686218468818
0	0.0316733006521909
0	0.0186642136010302
0	0.0232539410362832
0	0.0270531813600458
0	0.056301210660808
0	0.0186642136010302
0	0.0186642136010302
0	0.0186642136010302
0	0.093248768024932
0	0.0186642136010302
0	0.0216032656971579
0	0.0216032656971579
0	0.0597112162723777
0	0.0205655689737033
