1	0.988527124998741
1	0.981044083052307
1	0.0595748127437271
1	0.986342708200541
1	0.756938900192344
1	0.0289790102991396
1	0.951129818894122
1	0.989108110016517
1	0.882554858669543
1	0.992084400206969
1	0.870496212043158
1	0.184727227392853
1	0.825180549635174
1	0.904545481277904
1	0.98682100541184
1	0.880981248614671
1	0.968185439660528
1	0.82942217154856
1	0.93838430131996
1	0.735727902232026
1	0.0558831607346516
1	0.0129190382790347
1	0.723739590849
1	0.737961884879674
1	0.382499049018609
1	0.832898634656313
1	0.987099067578993
1	0.418744821179761
1	0.99782098286911
1	0.935182845265503
1	0.973203961376733
1	0.562347670831427
1	0.986606405671051
1	0.01553034841233
1	0.383634109121013
1	0.311723776236381
1	0.908909151301108
1	0.959115400220581
1	0.983194374480768
1	0.801860212613867
1	0.0283706997703411
1	0.938137745567176
1	0.643666986634736
1	0.535583165045028
1	0.855016376724564
1	0.01553034841233
1	0.990304880941491
1	0.884006512093084
1	0.901123931161202
1	0.056666898541835
1	0.831437997498483
1	0.97900383605624
1	0.355362123484704
1	0.692044888191636
1	0.943085554282648
1	0.860436532691226
1	0.934296343114918
1	0.475132805254756
1	0.892468004087981
1	0.846461620059276
1	0.966977272104211
1	0.308804622252654
1	0.964673522857504
1	0.0418241955763282
1	0.969470687501883
1	0.0148010041400921
1	0.88398457431943
1	0.889533324689662
1	0.877778385454563
1	0.948033601170663
1	0.984262811760377
1	0.981871140706539
1	0.774141850108793
1	0.975551727196891
1	0.965754164585822
1	0.952766010848362
1	0.943483833594594
1	0.885450045704371
1	0.699685441484478
1	0.997462753262733
1	0.731506012723145
1	0.91471657342265
1	0.852013224256605
1	0.947136226261577
1	0.900677059050094
1	0.801367698512016
1	0.92721584697084
1	0.755500112038917
1	0.714393495360659
1	0.0121534137030984
1	0.930552529012461
1	0.198144741631032
1	0.966541989793385
1	0.849957635514544
1	0.936737276487595
1	0.98794641947025
1	0.32880489080809
1	0.0276421075182138
1	0.864869925917723
1	0.110485480233737
1	0.802829522725588
1	0.919628018247364
1	0.799833593552735
1	0.990936008695793
1	0.917094447743095
1	0.879577347789595
1	0.992009454240586
1	0.990213072901265
1	0.818891123802858
1	0.705165490946367
1	0.834493431938104
1	0.975984023353846
1	0.856140457830243
1	0.874353257941214
1	0.858789948236167
1	0.0555452937321455
1	0.764973130735425
1	0.852341847540505
1	0.963870435453366
1	0.986017442012528
1	0.973481299990864
1	0.874810070452133
1	0.01553034841233
1	0.37783428126834
1	0.834517866748603
1	0.243418574698027
1	0.904583590412913
1	0.902648509798133
1	0.838629017167718
1	0.990755330789183
1	0.925460913727948
1	0.532443164800911
1	0.731865728616578
1	0.992745167779823
1	0.300517797863873
1	0.0276421075182138
1	0.0764757516158528
1	0.650344108953995
1	0.866313592099286
1	0.0585195448949233
1	0.966585587850383
1	0.984422526762682
1	0.780597800782594
1	0.01553034841233
1	0.805258578876307
1	0.858378720882447
1	0.776754267422605
1	0.917489182408015
1	0.922294256605171
1	0.131568952052562
1	0.838040323253346
1	0.973135112330027
1	0.0133552804343613
1	0.911795221557083
1	0.783656093151295
1	0.495341558015663
1	0.93848059646629
1	0.921972435409914
1	0.951176591381588
1	0.9347800030767
1	0.287307121412138
1	0.63731697301163
1	0.883632734402001
1	0.77728485818043
1	0.821338993982752
1	0.978668147491166
1	0.107026205228125
1	0.981914539945394
1	0.79352959576348
1	0.01553034841233
1	0.45415588476418
1	0.805963494045662
1	0.247231008592285
1	0.0225852844804211
1	0.768117344646503
1	0.971296498366371
1	0.0213560585202641
1	0.00694153796324583
1	0.885649348202261
1	0.0171351486662308
1	0.184682355953273
1	0.751569307424587
1	0.964042069267293
1	0.902734091110245
1	0.883293354064791
1	0.849563681663412
1	0.876280225614556
1	0.961199965125652
1	0.82471765564198
1	0.876800529962262
1	0.976864289800504
1	0.370433328857303
1	0.907738162259438
1	0.920854286751503
1	0.752425977357767
1	0.937019570192611
1	0.902552656902325
1	0.760897720339857
1	0.881661017375911
1	0.982612248186553
0	0.0148010041400921
0	0.031223267449619
0	0.01553034841233
0	0.01553034841233
0	0.01553034841233
0	0.0248646331533413
0	0.00918464560967659
0	0.0190980119204822
0	0.032084701067338
0	0.0178498484440333
0	0.124702312787022
0	0.01553034841233
0	0.400798173342877
0	0.0180625198833551
0	0.0114832809474022
0	0.01553034841233
0	0.01553034841233
0	0.0443698575046157
0	0.01553034841233
0	0.01553034841233
0	0.0156169756162739
0	0.0207538182266631
0	0.0149650463566131
0	0.0187169748912951
0	0.00733827681223125
0	0.01553034841233
0	0.01553034841233
0	0.01553034841233
0	0.0163531820296626
0	0.01553034841233
0	0.0178498484440333
0	0.026375720352655
0	0.00909852649798044
0	0.01553034841233
0	0.511904226724573
0	0.01553034841233
0	0.01553034841233
0	0.0522776012279334
0	0.01553034841233
0	0.01553034841233
0	0.0152421970674012
0	0.01553034841233
0	0.0102111481955751
0	0.0112944103504742
0	0.0178498484440333
0	0.01553034841233
0	0.01553034841233
0	0.01553034841233
0	0.0272267819969842
0	0.01553034841233
0	0.01553034841233
0	0.0149040591450873
0	0.01553034841233
0	0.01553034841233
0	0.039387741444922
0	0.01553034841233
0	0.01553034841233
0	0.0394182272361747
0	0.01553034841233
0	0.01553034841233
0	0.0139529429974904
0	0.0276421075182138
0	0.0158279075696926
0	0.0276421075182138
0	0.01553034841233
0	0.01553034841233
0	0.0115280232126341
0	0.0151006003917529
0	0.0520604262155703
0	0.01553034841233
0	0.01553034841233
0	0.0205730163466063
0	0.01553034841233
0	0.0250239098658146
0	0.0225850324788082
0	0.0355918699967761
0	0.0139529429974904
0	0.00655198542026649
0	0.01553034841233
0	0.0238968970748911
0	0.01553034841233
0	0.0178498484440333
0	0.0148940359031181
0	0.0126617994970227
0	0.0139529429974904
0	0.01553034841233
0	0.01553034841233
0	0.01553034841233
0	0.01553034841233
0	0.0106752444094905
0	0.01553034841233
0	0.01553034841233
0	0.0161255779495658
0	0.024829992695281
0	0.0170396029542512
0	0.0106752444094905
0	0.0117222106362581
0	0.074951500504024
0	0.0078995641551092
0	0.0259556799665684
0	0.0139163381729656
0	0.0207538182266631
0	0.0203320751322663
0	0.0275695032298993
0	0.0229267197417636
0	0.0136409373758272
0	0.0217411000082062
0	0.01553034841233
0	0.01553034841233
0	0.0162202311778156
0	0.01553034841233
0	0.01553034841233
0	0.021016963119853
0	0.0105895262648523
0	0.021016963119853
0	0.01553034841233
0	0.0111026147364222
0	0.01553034841233
0	0.01553034841233
0	0.01553034841233
0	0.01553034841233
0	0.01553034841233
0	0.0221797056668871
0	0.015031155645946
0	0.0368956800682087
0	0.0292468676609059
0	0.01553034841233
0	0.0153244236311777
0	0.01553034841233
0	0.01553034841233
0	0.01553034841233
0	0.01553034841233
0	0.0190980119204822
0	0.00836015351680778
0	0.0215637935530854
0	0.01553034841233
0	0.01553034841233
0	0.0276715594965697
0	0.0276421075182138
0	0.0121534137030984
0	0.01553034841233
0	0.0127340407107409
0	0.0121534137030984
0	0.00617569638492054
0	0.01553034841233
0	0.0207296061425729
0	0.014865825506799
0	0.0542646119490513
0	0.01553034841233
0	0.0117222106362581
0	0.01553034841233
0	0.010984265601607
0	0.01553034841233
0	0.01553034841233
0	0.0113993728812628
0	0.0178498484440333
0	0.01553034841233
0	0.01553034841233
0	0.01553034841233
0	0.0373103585042788
0	0.01553034841233
0	0.01553034841233
0	0.0139976650676633
0	0.0194983830586358
0	0.0416765049553217
0	0.0118475839250616
0	0.0276421075182138
0	0.0129957024971729
0	0.01553034841233
0	0.00985818301896361
0	0.0199138161166818
0	0.01553034841233
0	0.01553034841233
0	0.01553034841233
0	0.01553034841233
0	0.0175153758956878
0	0.01553034841233
0	0.01553034841233
0	0.0116366324900382
0	0.01553034841233
0	0.0423192326686226
0	0.0176121160562285
0	0.0146106670864847
0	0.01553034841233
0	0.01553034841233
0	0.01553034841233
0	0.01553034841233
0	0.01553034841233
0	0.0132003905376604
0	0.01553034841233
0	0.01553034841233
0	0.0187357842020019
0	0.01553034841233
0	0.0225850324788082
0	0.714042651845314
0	0.0149423919962841
0	0.0158659860046635
0	0.0442538696346618
0	0.01553034841233
0	0.0151974590858474
0	0.01553034841233
0	0.0166392573883501
0	0.01553034841233
0	0.941374573647459
0	0.01553034841233
0	0.0178498484440333
0	0.01553034841233
0	0.0148010041400921
0	0.0251246140599019
0	0.0191331617299085
0	0.0200094406685823
0	0.0125790688311251
0	0.01553034841233
0	0.01553034841233
0	0.01553034841233
0	0.01553034841233
0	0.01553034841233
0	0.01553034841233
0	0.0225850324788082
0	0.706430750415723
0	0.01553034841233
0	0.01553034841233
0	0.01553034841233
0	0.0222793541402635
0	0.364275764611174
0	0.0148010041400921
0	0.0132003905376604
0	0.066198705376475
0	0.0209317422027049
0	0.0120893632234307
0	0.0166848432912276
0	0.0158762574871005
0	0.0378069589349336
0	0.00839318477370913
0	0.0323961529236069
0	0.01553034841233
0	0.01553034841233
0	0.01553034841233
0	0.01553034841233
0	0.0216214768884999
0	0.020829853529033
0	0.01553034841233
0	0.01553034841233
0	0.01553034841233
0	0.01553034841233
0	0.0396244132073414
0	0.01553034841233
0	0.0125790688311251
0	0.0121534137030984
0	0.0145153508816566
0	0.0455123101186934
0	0.00897670569499461
0	0.01553034841233
0	0.0172401869853385
0	0.0163783511850352
0	0.0178026122375975
0	0.01553034841233
0	0.01553034841233
0	0.0268754025253363
0	0.0157865052305041
0	0.0562163184376293
0	0.00836015351680778
0	0.0254087575054473
0	0.0148010041400921
0	0.0276421075182138
0	0.0148010041400921
0	0.01652311073591
0	0.0172401869853385
0	0.01553034841233
0	0.01553034841233
0	0.0186187112877048
0	0.00384851566216111
0	0.0358211451928875
0	0.0117913760712942
0	0.0538655274553306
0	0.01553034841233
0	0.0192061725784309
0	0.01553034841233
0	0.0519060525332097
0	0.01553034841233
0	0.147002571070682
0	0.348534391985659
0	0.0129957024971729
0	0.01553034841233
0	0.0184656512518146
0	0.01553034841233
0	0.0156852602838097
0	0.01553034841233
0	0.0271429534753943
0	0.0121534137030984
0	0.0220584496583392
0	0.0222793541402635
0	0.01553034841233
0	0.01553034841233
0	0.0207538182266631
0	0.0233955013416339
0	0.0207538182266631
0	0.223057363641362
0	0.556604060296279
0	0.01553034841233
0	0.720415575418367
0	0.0215637935530854
0	0.00798630289534171
0	0.01553034841233
0	0.00742184460786537
0	0.01553034841233
0	0.00597180310532984
0	0.01553034841233
0	0.0228133338610131
0	0.114592784780052
0	0.00646063947661873
0	0.0211999130296336
0	0.0215637935530854
0	0.0157760714268331
0	0.01553034841233
0	0.0183213075431531
0	0.0129957024971729
0	0.01553034841233
0	0.01553034841233
0	0.01553034841233
0	0.01553034841233
0	0.01553034841233
0	0.0215637935530854
0	0.01553034841233
0	0.0428373936692029
0	0.0104460558668982
0	0.01553034841233
0	0.01553034841233
0	0.00630437608635216
0	0.020549186329286
0	0.01553034841233
0	0.0147209197893291
0	0.01553034841233
0	0.01553034841233
0	0.01553034841233
0	0.01553034841233
0	0.01553034841233
0	0.01553034841233
0	0.0261514493621452
0	0.01553034841233
0	0.01553034841233
0	0.01553034841233
0	0.0293218033523672
0	0.0158659860046635
0	0.0162069997890365
0	0.01553034841233
0	0.01553034841233
0	0.01553034841233
0	0.01553034841233
0	0.01553034841233
0	0.0148010041400921
0	0.01553034841233
0	0.0142528476307629
0	0.01553034841233
0	0.015702150721941
0	0.01553034841233
0	0.0215637935530854
0	0.0145034173797713
0	0.01553034841233
0	0.0220296981914534
0	0.01553034841233
0	0.0154594290258637
0	0.0671187110757043
0	0.01553034841233
0	0.01553034841233
0	0.01553034841233
0	0.01553034841233
0	0.0175842365733709
0	0.0100898373306689
0	0.01553034841233
0	0.01553034841233
0	0.0104635861855111
0	0.01553034841233
0	0.01553034841233
0	0.0207918439366304
0	0.0183984898548457
0	0.0146312768034569
0	0.01553034841233
0	0.0261722838159631
0	0.048537975005787
0	0.01553034841233
0	0.01553034841233
0	0.0153435605263069
0	0.01553034841233
0	0.050728944124389
0	0.0129957024971729
0	0.00963268568467183
0	0.0140348343390806
0	0.0181798278962001
0	0.0294638391324515
0	0.0115045286431373
0	0.0276421075182138
0	0.0184518563650861
0	0.01553034841233
0	0.0154794185373162
0	0.00877100131386407
0	0.0148010041400921
0	0.01553034841233
0	0.01553034841233
0	0.01553034841233
0	0.01553034841233
0	0.01553034841233
0	0.0100898373306689
0	0.0318761982887738
0	0.01553034841233
0	0.01553034841233
0	0.01553034841233
0	0.0165914797012348
0	0.0348417009389552
0	0.0123319595031116
0	0.292919497122184
0	0.01553034841233
0	0.020435139938809
0	0.0167161020419727
0	0.00833009885837262
0	0.0363266244536592
0	0.01553034841233
0	0.01553034841233
0	0.0142667985111373
0	0.0266356208635941
0	0.021489659022648
0	0.01553034841233
0	0.01553034841233
0	0.01553034841233
0	0.0275695032298993
0	0.01553034841233
0	0.832069871873241
0	0.01553034841233
0	0.01553034841233
0	0.01553034841233
0	0.01553034841233
0	0.0264732746882873
0	0.01553034841233
0	0.01553034841233
0	0.01553034841233
0	0.031223267449619
0	0.01553034841233
0	0.0128364411319962
0	0.01553034841233
0	0.01553034841233
0	0.0127405078309469
0	0.01553034841233
0	0.0112314867995686
0	0.01553034841233
0	0.0203320751322663
0	0.0172119594479226
0	0.0276421075182138
0	0.0122786653731294
0	0.01553034841233
0	0.0630079046404456
0	0.0148010041400921
0	0.01553034841233
0	0.012273706554985
0	0.01553034841233
0	0.01553034841233
0	0.01553034841233
0	0.01553034841233
0	0.541378596834796
0	0.0134074292441724
0	0.01553034841233
0	0.0464468075418758
0	0.01553034841233
0	0.0128517568309032
0	0.01553034841233
0	0.0140802787154877
0	0.01553034841233
0	0.01553034841233
0	0.0222759616638524
0	0.01553034841233
0	0.01553034841233
0	0.01553034841233
0	0.01553034841233
0	0.01553034841233
0	0.0215637935530854
0	0.01553034841233
0	0.01553034841233
0	0.01553034841233
0	0.20583916191311
0	0.01553034841233
0	0.01553034841233
0	0.279350142087235
0	0.01553034841233
0	0.0178992802262786
0	0.0217134511433162
0	0.0114251608219354
0	0.01553034841233
0	0.01553034841233
0	0.015437500126575
0	0.0129957024971729
0	0.00309968415663237
0	0.01553034841233
0	0.0107018332678276
0	0.0276421075182138
0	0.01553034841233
0	0.0120893632234307
0	0.01553034841233
0	0.0160686799424046
0	0.973892082297402
0	0.01553034841233
0	0.01553034841233
0	0.00644263452434257
0	0.0114476381755309
0	0.0117222106362581
0	0.0205570201349594
0	0.0225850324788082
0	0.0675191992609166
0	0.01553034841233
0	0.01553034841233
0	0.01553034841233
0	0.01553034841233
0	0.01553034841233
0	0.0139529429974904
0	0.01553034841233
0	0.01553034841233
0	0.01553034841233
0	0.01553034841233
0	0.01553034841233
0	0.223555113633519
0	0.01553034841233
0	0.01553034841233
0	0.01553034841233
0	0.01553034841233
0	0.01553034841233
0	0.013301990863433
0	0.0216265269735437
0	0.01553034841233
0	0.01553034841233
0	0.00894741829466837
0	0.0967943442262647
0	0.00766155557041235
0	0.0143694626045312
0	0.0266432296461565
0	0.01553034841233
0	0.0264462976161064
0	0.106732059068363
0	0.01553034841233
0	0.0129957024971729
0	0.0129957024971729
0	0.0276421075182138
0	0.01553034841233
0	0.01553034841233
0	0.01553034841233
0	0.01553034841233
0	0.01553034841233
0	0.0152904464672153
0	0.01553034841233
0	0.0225850324788082
0	0.0411170894932791
0	0.01553034841233
0	0.0154512686628123
0	0.0207538182266631
0	0.01553034841233
0	0.0243178157640528
0	0.01553034841233
0	0.01553034841233
0	0.01553034841233
0	0.01553034841233
0	0.582564266772689
0	0.01553034841233
0	0.15926830630744
0	0.0148010041400921
0	0.021016963119853
0	0.020529111931911
0	0.01553034841233
0	0.01553034841233
0	0.01553034841233
0	0.01553034841233
0	0.015378015794122
0	0.01553034841233
0	0.01553034841233
0	0.0112688268275298
0	0.01553034841233
0	0.0198192446372533
0	0.100960438325109
0	0.108208286976676
0	0.0253065572701031
0	0.569471898353348
0	0.0182836685837738
0	0.0327634415664288
0	0.0493036912495372
0	0.0229092655033145
0	0.01553034841233
0	0.01553034841233
0	0.01553034841233
0	0.01553034841233
0	0.0213315492035844
0	0.0134932313694483
0	0.0112187759866007
0	0.01553034841233
0	0.00507333440748266
0	0.01553034841233
0	0.0165024136191404
0	0.01553034841233
0	0.01553034841233
0	0.0163783511850352
0	0.01553034841233
0	0.688232488626663
0	0.01553034841233
0	0.01553034841233
0	0.016508827106969
0	0.0321186584281917
0	0.0156570291766187
0	0.00771717886869658
0	0.01553034841233
0	0.11523504617206
0	0.01553034841233
0	0.01553034841233
0	0.01553034841233
0	0.0167720931435018
0	0.01553034841233
0	0.01553034841233
0	0.0191331617299085
0	0.01553034841233
0	0.01553034841233
0	0.01553034841233
0	0.0189211487034308
0	0.00627218547164078
0	0.01553034841233
0	0.0196001957243373
0	0.0148010041400921
0	0.0242084578862521
0	0.01553034841233
0	0.0276421075182138
0	0.01553034841233
0	0.0100898373306689
0	0.0129957024971729
0	0.01553034841233
0	0.0183213075431531
0	0.01553034841233
0	0.0252131682358572
0	0.01553034841233
0	0.0629587762145279
0	0.00889486323647961
0	0.0501097101255691
0	0.01553034841233
0	0.01553034841233
0	0.01553034841233
0	0.86743328051042
0	0.215897130878185
0	0.01553034841233
0	0.01553034841233
0	0.01553034841233
0	0.00877761756421506
0	0.00324982704839657
0	0.0129957024971729
0	0.0102232613879662
0	0.0203343896563429
0	0.01553034841233
0	0.01553034841233
0	0.795390107931288
0	0.0190461117429909
0	0.01553034841233
0	0.01553034841233
0	0.01553034841233
0	0.01553034841233
0	0.01553034841233
0	0.0125790688311251
0	0.0112499191753172
0	0.0361880388053418
0	0.01553034841233
0	0.01553034841233
0	0.01553034841233
0	0.01553034841233
0	0.0129957024971729
0	0.01553034841233
0	0.012273706554985
0	0.01553034841233
0	0.01553034841233
0	0.01553034841233
0	0.0134259259865759
0	0.184912424615208
0	0.0276421075182138
0	0.0215637935530854
0	0.01553034841233
0	0.01553034841233
0	0.01553034841233
0	0.01553034841233
0	0.01553034841233
0	0.0142667985111373
0	0.0481678226629651
0	0.01553034841233
0	0.0364664558500155
0	0.0148213330238867
0	0.01553034841233
0	0.0201681619019635
0	0.00674802719252077
0	0.01553034841233
0	0.01553034841233
0	0.00644263452434257
0	0.463163321045434
0	0.01553034841233
0	0.0104741916964647
0	0.0163783511850352
0	0.01553034841233
0	0.630965061432123
0	0.01553034841233
0	0.01553034841233
0	0.01553034841233
0	0.0172035925862838
0	0.01553034841233
0	0.01553034841233
0	0.0148010041400921
0	0.01553034841233
0	0.0261955930997897
0	0.01553034841233
0	0.0215998044194812
0	0.01553034841233
0	0.01553034841233
0	0.01553034841233
0	0.01553034841233
0	0.0276421075182138
0	0.0114476381755309
0	0.00742184460786537
0	0.00809263562458144
0	0.00749190449879049
0	0.01553034841233
0	0.0396679776378845
0	0.0227908255581773
0	0.01553034841233
0	0.01553034841233
0	0.01553034841233
0	0.0172035925862838
0	0.00797359005664969
0	0.0112210003528053
0	0.01553034841233
0	0.0122858749210812
0	0.01553034841233
0	0.0172470931771798
0	0.0125790688311251
0	0.0231161316423796
0	0.01553034841233
0	0.0215637935530854
0	0.0112314867995686
0	0.021489659022648
0	0.0105209418987221
0	0.0316293147395827
0	0.0276723748438184
0	0.0115612060713898
0	0.01553034841233
0	0.01553034841233
0	0.01553034841233
0	0.0425557269941138
0	0.01553034841233
0	0.24831920610473
0	0.01553034841233
0	0.01553034841233
0	0.01553034841233
0	0.0181315949471852
0	0.332036939607378
0	0.0107018332678276
0	0.0139979462246696
0	0.01553034841233
0	0.01553034841233
0	0.01553034841233
0	0.01553034841233
0	0.0203168081384895
0	0.01553034841233
0	0.0147728272765637
0	0.01553034841233
0	0.01553034841233
0	0.0276421075182138
0	0.01810544639545
0	0.0327950721915409
0	0.01553034841233
0	0.01553034841233
0	0.0158448282523875
0	0.01553034841233
0	0.012273706554985
0	0.584306382166454
0	0.01553034841233
0	0.00470857807499121
0	0.00483600048274565
0	0.0242936354898151
0	0.01553034841233
0	0.01553034841233
0	0.00761310882855626
0	0.01553034841233
0	0.0149117622552033
0	0.01965235542361
0	0.0364664558500155
0	0.01553034841233
0	0.0190980119204822
0	0.01553034841233
0	0.0148010041400921
0	0.01553034841233
0	0.0207538182266631
0	0.0121534137030984
0	0.01553034841233
0	0.0100597631173178
0	0.01553034841233
0	0.0231772875050014
0	0.004765171902579
0	0.0139319428874434
0	0.01553034841233
0	0.0287572257930255
0	0.540171859327297
0	0.0275695032298993
0	0.01553034841233
0	0.01694425653482
0	0.0211328289430299
0	0.0120432908270972
0	0.0137009285166197
0	0.0173824567465311
0	0.01553034841233
0	0.01553034841233
0	0.01553034841233
0	0.799319723663962
0	0.01553034841233
0	0.723764015238461
0	0.01553034841233
0	0.0215637935530854
0	0.0115869604599758
0	0.01553034841233
0	0.0144673496366594
0	0.01553034841233
0	0.01553034841233
0	0.01553034841233
0	0.00756643831533337
0	0.01553034841233
0	0.0146561404722821
0	0.0205634446654033
0	0.01553034841233
0	0.0129957024971729
0	0.0148213330238867
0	0.0318627941690003
0	0.0129957024971729
0	0.0112314867995686
0	0.01553034841233
0	0.0130758950762142
0	0.01553034841233
0	0.026375720352655
0	0.01553034841233
0	0.0274927229621236
0	0.0144757853647815
0	0.0126482634978293
0	0.00836015351680778
0	0.957959854870157
0	0.0347537908013676
0	0.0130452584052244
0	0.01553034841233
0	0.01553034841233
0	0.01553034841233
0	0.0161179137702899
0	0.01553034841233
0	0.0275695032298993
0	0.0123217748412649
0	0.169676338706365
0	0.01553034841233
0	0.0118109064157441
0	0.0205529987576597
0	0.0163783511850352
0	0.0125599381179321
0	0.036342990242547
0	0.0117579193996511
0	0.0286863030867265
0	0.0106752444094905
0	0.01553034841233
0	0.0288291721403524
0	0.0129957024971729
0	0.677124979056946
0	0.0373915878571718
0	0.0139757192074861
0	0.0171402890878922
0	0.0141757444321688
0	0.01553034841233
0	0.0148010041400921
0	0.0210487326481446
0	0.0317406935798372
0	0.0275695032298993
0	0.0140802787154877
0	0.01553034841233
0	0.0101075188947322
0	0.00881349557038653
0	0.0115395750877052
0	0.0160479942459585
0	0.0159041805987059
0	0.01553034841233
0	0.01553034841233
0	0.00828592147387407
0	0.0157829486090029
0	0.0204397855206769
0	0.01553034841233
0	0.0107018332678276
0	0.123602836560952
0	0.01553034841233
0	0.181652275500134
0	0.0155966852834846
0	0.0207913937429011
0	0.01553034841233
0	0.01553034841233
0	0.01553034841233
0	0.0129331566602493
0	0.01553034841233
0	0.01553034841233
0	0.0276421075182138
0	0.01553034841233
0	0.01553034841233
0	0.01553034841233
0	0.0200513362360665
0	0.01553034841233
0	0.0149300500511569
0	0.01553034841233
0	0.01553034841233
0	0.0197630186682693
0	0.021677039619466
0	0.012273706554985
0	0.0325095903850644
0	0.0178478691556412
0	0.0202361427522136
0	0.0225850324788082
0	0.0261545550314981
0	0.01553034841233
0	0.01553034841233
0	0.0128827901815093
0	0.0217358927821475
0	0.01553034841233
0	0.0104058483233782
0	0.01553034841233
0	0.0365523440995998
0	0.0128138661114667
0	0.0344408246309952
0	0.01553034841233
0	0.0100497676562594
0	0.01553034841233
0	0.01553034841233
0	0.01553034841233
0	0.0129178087712967
0	0.0207503495481234
0	0.0122595433852211
0	0.0618911587215297
0	0.0181979372480071
0	0.01553034841233
0	0.00945788917846533
0	0.00538304804536502
0	0.01553034841233
0	0.01553034841233
0	0.0276421075182138
0	0.0111614964032635
0	0.0311042252268579
0	0.00339546294803293
0	0.01553034841233
0	0.01553034841233
0	0.01553034841233
0	0.00788641613835075
0	0.01553034841233
0	0.0172401869853385
0	0.01553034841233
0	0.01553034841233
0	0.01553034841233
0	0.0622671305126225
0	0.01553034841233
0	0.0270263613183101
0	0.01553034841233
0	0.0105756587859555
0	0.030235148154942
0	0.0112155716946505
0	0.242478071901707
0	0.0139529429974904
0	0.01553034841233
0	0.0125790688311251
0	0.01553034841233
0	0.01553034841233
0	0.0186103546671227
0	0.0424564531532129
0	0.0165909039817621
0	0.0129957024971729
0	0.01553034841233
0	0.0205690430202258
0	0.01553034841233
0	0.0134077421659389
0	0.0139757192074861
0	0.0319981266098415
0	0.0215637935530854
0	0.01553034841233
0	0.0153006175200485
0	0.0134077421659389
0	0.01553034841233
0	0.01553034841233
0	0.0196964686158246
0	0.01553034841233
0	0.0155080136354375
0	0.0326641521122202
0	0.01553034841233
0	0.01553034841233
0	0.01553034841233
0	0.00644403426879353
0	0.0366698504428631
0	0.0799078278716026
0	0.0197296876837428
0	0.010891216704539
0	0.0108801030551585
0	0.0577389948658294
0	0.01189342269434
0	0.01553034841233
0	0.01553034841233
0	0.01553034841233
0	0.0132003905376604
0	0.0115668710463674
0	0.00836015351680778
0	0.0141823873934664
0	0.01553034841233
0	0.0112314867995686
0	0.0222579079162224
0	0.0369961944749919
0	0.01553034841233
0	0.01553034841233
0	0.01553034841233
0	0.00869093890637104
0	0.0344880551121526
0	0.0076636008053845
0	0.01553034841233
0	0.0156169756162739
0	0.01553034841233
0	0.01553034841233
0	0.01553034841233
0	0.01553034841233
0	0.01553034841233
0	0.01553034841233
0	0.0146027351942203
0	0.0133636834927441
0	0.0542930467146206
0	0.01553034841233
0	0.01553034841233
0	0.01553034841233
0	0.010984265601607
0	0.0259105143674695
0	0.01553034841233
0	0.00896769785491229
0	0.01553034841233
0	0.01553034841233
0	0.0132640224524627
0	0.0169970623641818
0	0.0156098140244108
0	0.0172401869853385
0	0.425528598828317
0	0.0171602752743221
0	0.0198099063998852
0	0.0276421075182138
0	0.0223537556815404
0	0.0395797856171077
0	0.01553034841233
0	0.01553034841233
0	0.0139529429974904
0	0.0115869604599758
0	0.0112314867995686
0	0.01553034841233
0	0.01553034841233
0	0.01553034841233
0	0.01553034841233
0	0.01553034841233
0	0.01553034841233
0	0.0294306634723267
0	0.01553034841233
0	0.01553034841233
0	0.0158659860046635
0	0.0144250763267727
0	0.0166513705289656
0	0.01553034841233
0	0.0153876475615404
0	0.0225850324788082
0	0.0207538182266631
0	0.01553034841233
0	0.01553034841233
0	0.0158659860046635
0	0.01553034841233
0	0.01553034841233
0	0.01553034841233
0	0.01553034841233
0	0.0125790688311251
0	0.0128194269639664
0	0.01553034841233
0	0.024713582373456
0	0.01553034841233
0	0.314151227603605
0	0.01553034841233
0	0.155888209255558
0	0.01553034841233
0	0.012746820910463
0	0.0117847726041906
0	0.014865825506799
0	0.0146027351942203
0	0.0120893632234307
0	0.0279904459613034
0	0.00525205676250272
0	0.0275956062598718
0	0.247956809112323
0	0.0595748127437271
0	0.0129957024971729
0	0.0135697754324814
0	0.01553034841233
0	0.0121534137030984
0	0.01553034841233
0	0.021016963119853
0	0.0233824289854937
0	0.0190980119204822
0	0.01553034841233
0	0.01553034841233
0	0.01553034841233
0	0.0132680949089829
0	0.0276421075182138
0	0.0366913007224826
0	0.00856899370156356
0	0.0132003905376604
0	0.01553034841233
0	0.0163783511850352
0	0.01553034841233
0	0.00996899428044305
0	0.02911740330022
0	0.0178498484440333
0	0.0176338468060906
0	0.00970612208869339
0	0.755447738296685
0	0.01553034841233
0	0.01553034841233
0	0.01553034841233
0	0.946087819319791
0	0.456716745895042
0	0.0238055487898762
0	0.01553034841233
0	0.01553034841233
0	0.0564074773395082
0	0.01553034841233
0	0.0121534137030984
0	0.0135423226987744
0	0.01553034841233
0	0.021016963119853
0	0.0380692275679235
0	0.01553034841233
0	0.01553034841233
0	0.00812434175874597
0	0.0234241689814907
0	0.028177408959022
0	0.0157760714268331
0	0.0143564907529787
0	0.01553034841233
0	0.406658591618375
0	0.0125790688311251
0	0.0873415126639496
0	0.0276801511248079
0	0.01553034841233
0	0.0213798720134809
0	0.0288291721403524
0	0.0105636452620373
0	0.01553034841233
0	0.01553034841233
0	0.0706178443442199
0	0.01553034841233
0	0.0178992802262786
0	0.0194707510918192
0	0.0107018332678276
0	0.00953458254761647
0	0.01553034841233
0	0.0148010041400921
0	0.0208450335167967
0	0.01553034841233
0	0.01553034841233
0	0.01553034841233
0	0.00351836053910027
0	0.0119824680644919
0	0.0530355533587738
0	0.01553034841233
0	0.0254508264413021
0	0.110245367032587
0	0.01553034841233
0	0.0215637935530854
0	0.0319443213158223
0	0.0223925675446974
0	0.011570345051076
0	0.0985514337789703
0	0.0171181820899022
0	0.0164007277905552
0	0.0213798720134809
0	0.734710971143701
0	0.01553034841233
0	0.0156710223727153
0	0.01553034841233
0	0.01553034841233
0	0.01553034841233
0	0.0588524125981397
0	0.01553034841233
0	0.01553034841233
0	0.00888953826890392
0	0.01553034841233
0	0.01553034841233
0	0.667941006056101
0	0.01553034841233
0	0.01553034841233
0	0.0174259590518688
0	0.01553034841233
0	0.0106752444094905
0	0.0312994078992982
0	0.01553034841233
0	0.0175797607860151
0	0.0275695032298993
0	0.01553034841233
0	0.0179215499788919
0	0.01553034841233
0	0.01553034841233
0	0.0227119208520341
0	0.01553034841233
0	0.0167054369498443
0	0.0105433091518374
0	0.01553034841233
0	0.0205634446654033
0	0.0243218687346064
0	0.376080533417428
0	0.01553034841233
0	0.01553034841233
0	0.053965975493488
0	0.288973071410592
0	0.01553034841233
0	0.01553034841233
0	0.01553034841233
0	0.01553034841233
0	0.0148010041400921
0	0.00979198205640499
0	0.0207538182266631
0	0.01553034841233
0	0.0148010041400921
0	0.01553034841233
0	0.05649326493076
0	0.0207538182266631
0	0.0276421075182138
0	0.0422420567799499
0	0.0121534137030984
0	0.00727754776534681
0	0.0182346859338445
0	0.01553034841233
0	0.00856899370156356
0	0.01553034841233
0	0.0148010041400921
0	0.00444595947814781
0	0.0156590804316211
0	0.01553034841233
0	0.01553034841233
0	0.01553034841233
0	0.0163030721439943
0	0.01553034841233
0	0.0129331566602493
0	0.01553034841233
0	0.01553034841233
0	0.01553034841233
0	0.0121534137030984
0	0.01553034841233
0	0.0187794174459808
0	0.520616533844863
0	0.01553034841233
0	0.0116371502305761
0	0.0141786665455902
0	0.0188514756822364
0	0.01553034841233
0	0.0482127519799364
0	0.0172401869853385
0	0.0129957024971729
0	0.0142667985111373
0	0.01553034841233
0	0.0820529022564344
0	0.0225850324788082
0	0.0575611345924734
0	0.01553034841233
0	0.01553034841233
0	0.01553034841233
0	0.0133549995503305
0	0.01553034841233
0	0.00696567007164664
0	0.01553034841233
0	0.01553034841233
0	0.0643201534338077
0	0.01553034841233
0	0.01553034841233
0	0.01553034841233
0	0.01553034841233
0	0.01553034841233
0	0.01553034841233
0	0.0177141556284308
0	0.152767389416969
0	0.0222779907897062
0	0.0127160224124491
0	0.0149636308431797
0	0.0285086372354598
0	0.00733122049486373
0	0.0256163772522968
0	0.0108637960689198
0	0.01553034841233
0	0.01553034841233
0	0.01553034841233
0	0.0276421075182138
0	0.01553034841233
0	0.013925418375869
0	0.01553034841233
0	0.0400347303536561
0	0.0148010041400921
0	0.0186103546671227
0	0.01553034841233
0	0.0112314867995686
0	0.01553034841233
0	0.01553034841233
0	0.01553034841233
0	0.0146027351942203
0	0.01553034841233
0	0.0152004973430565
0	0.0178057012716242
0	0.01553034841233
0	0.0178992802262786
0	0.01553034841233
0	0.01553034841233
0	0.0112314867995686
0	0.0106752444094905
0	0.0136882393227882
0	0.0275695032298993
0	0.0175070432370282
0	0.0173410322217088
0	0.01553034841233
0	0.01553034841233
0	0.0181339338909012
0	0.0125790688311251
0	0.0297042900895214
0	0.0262898684166228
0	0.01553034841233
0	0.0265100320734815
0	0.0141796606647926
0	0.0129957024971729
0	0.00966690076591861
0	0.01553034841233
0	0.0178498484440333
0	0.01553034841233
0	0.0399751719911479
0	0.01553034841233
0	0.0208649976145415
0	0.01553034841233
0	0.01553034841233
0	0.01553034841233
0	0.0197472124663291
0	0.0121534137030984
0	0.016921497464426
0	0.0274595747918885
0	0.01553034841233
0	0.01553034841233
0	0.01553034841233
0	0.01553034841233
0	0.01553034841233
0	0.0362311655971148
0	0.0215637935530854
0	0.01553034841233
0	0.317335397136381
0	0.01553034841233
0	0.0134077421659389
0	0.0292441280426212
0	0.0109584746007529
0	0.01553034841233
0	0.01553034841233
0	0.0307157875387662
0	0.0119797594612158
0	0.01553034841233
0	0.0212135632094806
0	0.01553034841233
0	0.01553034841233
0	0.0458082598330938
0	0.01553034841233
0	0.01553034841233
0	0.01553034841233
0	0.01553034841233
0	0.0427920995877194
0	0.00918181723725519
0	0.01553034841233
0	0.01553034841233
0	0.101376621612392
0	0.0101105391651024
0	0.01553034841233
0	0.01553034841233
0	0.01553034841233
0	0.0215637935530854
0	0.01553034841233
0	0.309663424384957
0	0.01553034841233
0	0.01553034841233
0	0.01553034841233
0	0.01553034841233
0	0.00455248409796336
0	0.01553034841233
0	0.01553034841233
0	0.00689568851257517
0	0.0101860218867508
0	0.01553034841233
0	0.832405886023651
0	0.0261133622074321
0	0.01553034841233
0	0.01553034841233
0	0.01553034841233
0	0.01553034841233
0	0.01553034841233
0	0.016181388950803
0	0.01553034841233
0	0.0168507693526801
0	0.0239217529467894
0	0.0367848252068979
0	0.0129957024971729
0	0.01553034841233
0	0.0129957024971729
0	0.00805377415612544
0	0.01553034841233
0	0.01553034841233
0	0.0167860559067281
0	0.0249414084333301
0	0.00636297476329632
0	0.0101642135311991
0	0.01553034841233
0	0.010984265601607
0	0.01553034841233
0	0.01553034841233
0	0.0165825082562415
0	0.01553034841233
0	0.0190494080120759
0	0.01553034841233
0	0.0100898373306689
0	0.01553034841233
0	0.019798429652516
0	0.0075333875629811
0	0.01553034841233
0	0.01553034841233
0	0.016921497464426
0	0.0873375863617868
0	0.01553034841233
0	0.01553034841233
0	0.0147161022956073
0	0.0125705624016403
0	0.101283682093278
0	0.01553034841233
0	0.01553034841233
0	0.01553034841233
0	0.0276421075182138
0	0.01553034841233
0	0.0501907666905481
0	0.00728578546245396
0	0.0284413091392079
0	0.01553034841233
0	0.01553034841233
0	0.01553034841233
0	0.01553034841233
0	0.0205726376571404
0	0.0225850324788082
0	0.01553034841233
0	0.01553034841233
0	0.0196998463195957
0	0.0148010041400921
0	0.01553034841233
0	0.01553034841233
0	0.01553034841233
0	0.0139529429974904
0	0.01553034841233
0	0.01553034841233
0	0.0211225028874064
0	0.802315300220354
0	0.497575472671094
0	0.01553034841233
0	0.01553034841233
0	0.0275695032298993
0	0.01553034841233
0	0.0159041805987059
0	0.01553034841233
0	0.0304316787909332
0	0.01553034841233
0	0.0276421075182138
0	0.01553034841233
0	0.00793948607716966
0	0.01553034841233
0	0.00856899370156356
0	0.01553034841233
0	0.01553034841233
0	0.01553034841233
0	0.01553034841233
0	0.01553034841233
0	0.01553034841233
0	0.01553034841233
0	0.01553034841233
0	0.01553034841233
0	0.0309057707995956
0	0.01553034841233
0	0.01553034841233
0	0.0139529429974904
0	0.01553034841233
0	0.01553034841233
0	0.0207538182266631
0	0.01553034841233
0	0.01553034841233
0	0.0153078076548098
0	0.01553034841233
0	0.01553034841233
0	0.0163382457208063
0	0.0125790688311251
0	0.0178498484440333
0	0.01553034841233
0	0.01553034841233
0	0.01553034841233
0	0.01553034841233
0	0.0119356793393724
0	0.01553034841233
0	0.01553034841233
0	0.0226177941713838
0	0.272944622642424
0	0.0103316249718751
0	0.01553034841233
0	0.0209775478813548
0	0.01553034841233
0	0.0132003905376604
0	0.0401822335555097
0	0.01553034841233
0	0.0310581727915977
0	0.01553034841233
0	0.026106639680493
0	0.01553034841233
0	0.0207538182266631
0	0.01553034841233
0	0.01553034841233
0	0.164906185517923
0	0.0167860559067281
0	0.01553034841233
0	0.0216181085508761
0	0.0173991653279884
0	0.0179409661729869
0	0.0172963049895647
0	0.0251246140599019
0	0.0172401869853385
0	0.67724685285487
0	0.01553034841233
0	0.00856407157807706
0	0.01553034841233
0	0.013709535062956
0	0.01553034841233
0	0.0194707510918192
0	0.01553034841233
0	0.0257201607527453
0	0.01553034841233
0	0.0112187759866007
0	0.01553034841233
0	0.01553034841233
0	0.01553034841233
0	0.01553034841233
0	0.0101181743156778
0	0.0348401458288427
0	0.01553034841233
0	0.01553034841233
0	0.0124099521523437
0	0.01553034841233
0	0.0137975720690265
0	0.01553034841233
0	0.01553034841233
0	0.01553034841233
0	0.0171372943647035
0	0.0186106729409345
0	0.0215637935530854
0	0.0247004293741714
0	0.0215637935530854
0	0.01553034841233
0	0.01553034841233
0	0.01553034841233
0	0.036342990242547
0	0.01553034841233
0	0.0733746469311491
0	0.0426048484117325
0	0.01553034841233
0	0.0155809890129153
0	0.0130139991265159
0	0.01553034841233
0	0.01553034841233
0	0.0251246140599019
0	0.0275695032298993
0	0.0215637935530854
0	0.0172035925862838
0	0.01553034841233
0	0.0159041805987059
0	0.0121534137030984
0	0.01553034841233
0	0.01553034841233
0	0.01553034841233
0	0.01553034841233
0	0.0120460024604058
0	0.01553034841233
0	0.0158659860046635
0	0.01553034841233
0	0.01553034841233
0	0.0101105391651024
0	0.0154794185373162
0	0.01553034841233
0	0.711694032342614
0	0.01553034841233
0	0.0185138724334842
0	0.01553034841233
0	0.0216181085508761
0	0.01553034841233
0	0.01553034841233
0	0.0106401912276357
0	0.0145153508816566
0	0.01694425653482
0	0.610445111030921
0	0.01553034841233
0	0.01553034841233
0	0.01553034841233
0	0.0106854723210071
0	0.01553034841233
0	0.00266810899609358
0	0.0242293242470283
0	0.01553034841233
0	0.368577221104332
0	0.01553034841233
0	0.01553034841233
0	0.01553034841233
0	0.01553034841233
0	0.01553034841233
0	0.01553034841233
0	0.01553034841233
0	0.0172401869853385
0	0.01553034841233
0	0.01553034841233
0	0.0229234152430155
0	0.01553034841233
0	0.01553034841233
0	0.0524185232343464
0	0.0387818637339785
0	0.0438817256682483
0	0.00355243295676625
0	0.01553034841233
0	0.0229823311250403
0	0.615929587028077
0	0.01553034841233
0	0.01553034841233
0	0.0210804178961785
0	0.0186641124756558
0	0.01553034841233
0	0.01553034841233
0	0.01553034841233
0	0.0185509286706841
0	0.01553034841233
0	0.0186103546671227
0	0.01553034841233
0	0.0275695032298993
0	0.01553034841233
0	0.01553034841233
0	0.01553034841233
0	0.0226915921813722
0	0.0172035925862838
0	0.0162266336341509
0	0.01553034841233
0	0.0194433362786742
0	0.0132966771135915
0	0.0111032264044418
0	0.01553034841233
0	0.01553034841233
0	0.0138098701759973
0	0.0171372943647035
0	0.01553034841233
0	0.0148010041400921
0	0.01553034841233
0	0.0297350239333676
0	0.0215637935530854
0	0.01553034841233
0	0.0334897152715209
0	0.0121534137030984
0	0.01553034841233
0	0.01553034841233
0	0.0128801421554573
0	0.01553034841233
0	0.015437500126575
0	0.01553034841233
0	0.01553034841233
0	0.01553034841233
0	0.01553034841233
0	0.01553034841233
0	0.01553034841233
0	0.0142667985111373
0	0.0183471180376498
0	0.0167951535188395
0	0.0386384860497884
0	0.01366504006464
0	0.0112314867995686
0	0.01553034841233
0	0.012258893100358
0	0.01553034841233
0	0.0276421075182138
0	0.01553034841233
0	0.0152947177011063
0	0.01553034841233
0	0.01553034841233
0	0.0125764572018801
0	0.01553034841233
0	0.0112314867995686
0	0.0125790688311251
0	0.01553034841233
0	0.0103319556260892
0	0.0190980119204822
0	0.778206146783457
0	0.0207538182266631
0	0.01553034841233
0	0.01553034841233
0	0.0224416606703417
0	0.0250439910475916
0	0.811030647463377
0	0.022312625264445
0	0.01553034841233
0	0.01553034841233
0	0.19989882340526
0	0.01553034841233
0	0.01553034841233
0	0.0181315949471852
0	0.01553034841233
0	0.0402375186360199
0	0.0172401869853385
0	0.01553034841233
0	0.01553034841233
0	0.0168293522948464
0	0.01553034841233
0	0.01553034841233
0	0.01553034841233
0	0.0254266339374555
0	0.0235385155531468
0	0.0746194047506363
0	0.845187930661273
0	0.0262152028661276
0	0.01553034841233
0	0.0159544550312255
0	0.01553034841233
0	0.01091519802866
0	0.0238591143041765
0	0.0127080959268832
0	0.01553034841233
0	0.01553034841233
0	0.01553034841233
0	0.01553034841233
0	0.01553034841233
0	0.0172035925862838
0	0.01553034841233
0	0.0243095769397493
0	0.01553034841233
0	0.01553034841233
0	0.01553034841233
0	0.0215637935530854
0	0.01553034841233
0	0.0399751719911479
0	0.01553034841233
0	0.0129957024971729
0	0.0238703272394952
0	0.172548019684774
0	0.01553034841233
0	0.01553034841233
0	0.0187100609480546
0	0.01553034841233
0	0.0314621916165996
0	0.0111224610971541
0	0.01553034841233
0	0.01553034841233
0	0.0951850375973567
0	0.01553034841233
0	0.01553034841233
0	0.0186070718493162
0	0.01553034841233
0	0.01553034841233
0	0.01553034841233
0	0.01553034841233
0	0.0221149633105549
0	0.0100898373306689
0	0.0180364022340522
0	0.598843605445204
0	0.01553034841233
0	0.01553034841233
0	0.0202734139338278
0	0.01553034841233
0	0.0106752444094905
0	0.0262197598278791
0	0.010984265601607
0	0.0661592837551589
0	0.0148010041400921
0	0.0149650463566131
0	0.0195693414993445
0	0.01553034841233
0	0.00806622377867449
0	0.01553034841233
0	0.01553034841233
0	0.0411693360905867
0	0.0286312389617652
0	0.0157095115625614
0	0.01553034841233
0	0.0125606046582397
0	0.0586730563009513
0	0.0140802787154877
0	0.0125790688311251
0	0.01553034841233
0	0.0276421075182138
0	0.0285758255197722
0	0.01553034841233
0	0.01553034841233
0	0.000510919590169062
0	0.01553034841233
0	0.01553034841233
0	0.0173410322217088
0	0.0426048484117325
0	0.0203058677596817
0	0.0178498484440333
0	0.0222793541402635
0	0.015551966287186
0	0.01553034841233
0	0.0129957024971729
0	0.01553034841233
0	0.0179302982991812
0	0.01553034841233
0	0.0157483777307726
0	0.0219384781448979
0	0.00644263452434257
0	0.00892824703249734
0	0.0337399174451927
0	0.0190096201821557
0	0.01553034841233
0	0.01553034841233
0	0.01553034841233
0	0.01553034841233
0	0.01553034841233
0	0.01553034841233
0	0.0100346661559774
0	0.0139529429974904
0	0.01553034841233
0	0.01553034841233
0	0.01553034841233
0	0.01553034841233
0	0.0187526746561527
0	0.0276421075182138
0	0.01553034841233
0	0.00913593888235678
0	0.00665091426404043
0	0.01553034841233
0	0.0107040431019652
0	0.0164773866572391
0	0.01553034841233
0	0.01553034841233
0	0.01553034841233
0	0.01553034841233
0	0.0178498484440333
0	0.0227119208520341
0	0.0154450507928365
0	0.0216181085508761
0	0.0162882059640174
0	0.01553034841233
0	0.0111224610971541
0	0.00836015351680778
0	0.01553034841233
0	0.0129957024971729
0	0.0121534137030984
0	0.0654550829005972
0	0.01553034841233
0	0.01553034841233
0	0.0148010041400921
0	0.01553034841233
0	0.0198099174414865
0	0.0215637935530854
0	0.0209960644479974
0	0.0167637153121117
0	0.00834505959094771
0	0.0150125577378927
0	0.0134300179348384
0	0.353747880381042
0	0.020328704368192
0	0.0112314867995686
0	0.0401237746186113
0	0.01553034841233
0	0.01553034841233
0	0.0761738572895112
0	0.0118475839250616
0	0.01553034841233
0	0.378077206906796
0	0.0163007139340592
0	0.0274066825280048
0	0.0187569813572439
0	0.0230141411194176
0	0.01553034841233
0	0.0144424923633301
0	0.021057619560824
0	0.01553034841233
0	0.01553034841233
0	0.01553034841233
0	0.01553034841233
0	0.01553034841233
0	0.0178498484440333
0	0.01694425653482
0	0.01553034841233
0	0.0224653985384431
0	0.01553034841233
0	0.01553034841233
0	0.01553034841233
0	0.01553034841233
0	0.01553034841233
0	0.0125790688311251
0	0.0130984862712578
0	0.0172401869853385
0	0.015437500126575
0	0.01553034841233
0	0.01553034841233
0	0.01553034841233
0	0.01553034841233
0	0.00856899370156356
0	0.01553034841233
0	0.01553034841233
0	0.0217196442309693
0	0.01553034841233
0	0.0358211451928875
0	0.01553034841233
0	0.0129957024971729
0	0.01553034841233
0	0.01553034841233
0	0.01553034841233
0	0.01553034841233
0	0.01553034841233
0	0.0159041805987059
0	0.00975122384980721
0	0.01553034841233
0	0.01553034841233
0	0.0177179803726746
0	0.0120893632234307
0	0.01553034841233
0	0.01553034841233
0	0.0148261499823495
0	0.0163783511850352
0	0.0161599106019966
0	0.01553034841233
0	0.00677439153899705
0	0.0129957024971729
0	0.00579460603451982
0	0.00899196964895011
0	0.01553034841233
0	0.0251246140599019
0	0.01553034841233
0	0.01553034841233
0	0.021627271716516
0	0.096693099286137
0	0.01553034841233
0	0.01553034841233
0	0.0142808099398735
0	0.026375720352655
0	0.0199194540687611
0	0.0399751719911479
0	0.0132003905376604
0	0.0276421075182138
0	0.01553034841233
0	0.01553034841233
0	0.968706140159638
0	0.01553034841233
0	0.743304343411861
0	0.0352673538663247
0	0.0276421075182138
0	0.01553034841233
0	0.01553034841233
0	0.00836015351680778
0	0.0225141182910593
0	0.0148010041400921
0	0.0267257711569999
0	0.020927396262271
0	0.01553034841233
0	0.058360136489733
0	0.0172401869853385
0	0.027014691512123
0	0.01553034841233
0	0.0498430339878477
0	0.01553034841233
0	0.0207538182266631
0	0.01553034841233
0	0.01553034841233
0	0.0129957024971729
0	0.01553034841233
0	0.0241823548921646
0	0.0398715021933204
0	0.0187977068910142
0	0.01553034841233
0	0.01553034841233
0	0.0104110635296666
0	0.020253682565711
0	0.0119089277247084
0	0.0177013911594394
0	0.0276421075182138
0	0.01553034841233
0	0.01553034841233
0	0.0142667985111373
0	0.01553034841233
0	0.01553034841233
0	0.0145159506348539
0	0.01553034841233
0	0.01553034841233
0	0.0190980119204822
0	0.0140802787154877
0	0.01553034841233
0	0.01553034841233
0	0.0505478523496841
0	0.0159448418925967
0	0.0265738456914688
0	0.0159963554756865
0	0.01553034841233
0	0.00996899428044305
0	0.01553034841233
0	0.0125790688311251
0	0.0178498484440333
0	0.0276421075182138
0	0.0111028215570571
0	0.01553034841233
0	0.0160465232482505
