1	0.863427145708663
1	0.999916791835681
1	0.974147071192664
1	0.997739118176095
1	0.995665991301902
1	0.99920011648513
1	0.997799920823101
1	0.999982946525541
1	0.996214268375331
1	0.456714785957777
1	0.819701604091907
1	0.996213136079315
1	0.999632569047228
1	0.997336480835396
1	0.999374704851821
1	0.99793623294101
1	0.485015341370663
1	0.999851884622085
1	0.999771223167376
1	0.999403857843938
1	0.991424235403345
1	0.969660701320189
1	0.979148652916494
1	0.153301401094297
1	0.999023439827237
1	0.995820493236554
1	0.998643752228421
1	0.997267447751755
1	0.999922548729097
1	0.722219857507197
1	0.994255591702776
1	0.666653674384081
1	0.997543904038032
1	0.999566454799655
1	0.978278725069004
1	0.740151747957913
1	0.995633374757315
1	0.995992183870048
1	0.225853022274657
1	0.999901243870171
1	0.0726248959690625
1	0.996098740638925
1	0.473849054765009
1	0.140324832205481
1	0.999102592258853
1	0.0537380197429064
1	0.913591388358852
1	0.892924624315414
1	0.999440950196722
1	0.0124710426599558
1	0.928844817520696
1	0.998913983915213
1	0.998765581937693
1	0.999749138466241
1	0.995208116859755
1	0.0119570372316156
1	0.840485471586335
1	0.97425781414886
1	0.994611224477187
1	0.984066103633364
1	0.778992817135651
1	0.752504338330678
1	0.997706127510932
1	0.998255246563061
1	0.356091233705618
1	0.999814559730357
1	0.999694741366364
1	0.994133859196218
1	0.982478442240763
1	0.997667741985179
1	0.964835125084341
1	0.0124710426599558
1	0.999883459844346
1	0.0527818240371534
1	0.998545260385826
1	0.994283029522335
1	0.999735322241124
1	0.998286464074565
1	0.980283841385191
1	0.0552576605324432
1	0.0334985840570555
1	0.0124710426599558
1	0.887506816154658
1	0.99887696052705
1	0.983484936403228
1	0.96668083394163
1	0.938788846117117
1	0.999351645478032
1	0.979252462665112
1	0.99912561128921
1	0.881211491175159
1	0.984119864794476
1	0.999937473504487
1	0.999721518384297
1	0.999383091872908
1	0.926103518920959
1	0.97478909365466
1	0.872334871240298
1	0.0212451309792522
1	0.99763685648851
1	0.998890990709329
1	0.905689601384529
1	0.967681372294393
1	0.999499702985383
1	0.983414275754946
1	0.970684772804505
1	0.995745954112401
1	0.544049435333826
1	0.892973263522595
1	0.991658978551967
1	0.994885784006615
1	0.996382566888382
1	0.994774872726027
1	0.430127431540588
1	0.998328133881689
1	0.995083105982021
1	0.997392845493759
1	0.00552492358891489
1	0.999740700867243
1	0.994153458760376
1	0.999396143952789
1	0.999438820040308
1	0.999601951424999
1	0.999680807428833
1	0.98662647892228
1	0.998942934444387
1	0.901797332677016
1	0.995806817019094
1	0.931295884027405
1	0.609676162033108
1	0.996312206880033
1	0.979718653394777
1	0.971430464784417
1	0.230531335215129
1	0.810625529656271
1	0.0124710426599558
1	0.997117106842872
1	0.999426238992983
1	0.994222861186235
1	0.5905064028358
1	0.0207828801942138
1	0.999850192750039
1	0.0156442805252924
1	0.0128267025899491
1	0.994437621094071
1	0.999408991456386
1	0.966898328088017
1	0.999457744674238
1	0.0111599471953174
1	0.949950166614582
1	0.987588107553027
1	0.974194342549039
1	0.9685258609882
1	0.999536389027594
1	0.999861060861076
1	0.999306770170901
1	0.989878477770561
1	0.994272417273304
1	0.0124710426599558
1	0.998479831395953
1	0.0172593438129447
1	0.985842668629272
1	0.976353167509042
1	0.0115725423281222
1	0.998064769762167
1	0.999820580933826
1	0.973102625299933
1	0.980985453600938
1	0.0124710426599558
1	0.999473659875518
1	0.999385019696513
1	0.963181441236003
1	0.999448349049299
1	0.96693248356768
1	0.998554938001749
1	0.997317115962963
1	0.999862209017963
1	0.93106830429162
1	0.977460073910052
1	0.973942623287898
1	0.978780671577065
1	0.984563627183999
1	0.976138732528511
1	0.962188962313478
1	0.976271546831857
1	0.795510737117645
1	0.999054070706438
1	0.999995009537991
1	0.984965353387903
1	0.999700774097949
1	0.999960606945866
1	0.963469972801677
1	0.999282312065918
1	0.999830516880008
1	0.999131970282046
1	0.946170647240248
1	0.999448205803529
1	0.998143613155597
1	0.902820296475181
1	0.991205763004486
0	0.00566015967422389
0	0.0226275572952177
0	0.0414440548120493
0	0.033369976912171
0	0.00519514655972392
0	0.181638560060917
0	0.00927004988173369
0	0.0124710426599558
0	0.0124710426599558
0	0.0235112225893405
0	0.0124710426599558
0	0.0124710426599558
0	0.0124710426599558
0	0.0409452125653938
0	0.00923676440575417
0	0.00838172022838869
0	0.0224324830590426
0	0.0141636893568738
0	0.0124710426599558
0	0.0124710426599558
0	0.00487661866167489
0	0.016384772627507
0	0.00381234213034276
0	0.0124710426599558
0	0.0141164985194543
0	0.0129420628953431
0	0.00744698195100082
0	0.0124710426599558
0	0.00519514655972392
0	0.023111708597392
0	0.0124710426599558
0	0.0214341438016875
0	0.00786649584502127
0	0.00599313621208801
0	0.0124710426599558
0	0.0166421649134946
0	0.0122278456061773
0	0.0124710426599558
0	0.0214935930082071
0	0.0124710426599558
0	0.0196542186980609
0	0.0124710426599558
0	0.0124710426599558
0	0.0150781254433877
0	0.0115607386360818
0	0.0124710426599558
0	0.00336468091485144
0	0.00303586771793001
0	0.0104258417581866
0	0.0124710426599558
0	0.00519514655972392
0	0.0132549144682697
0	0.0124710426599558
0	0.0124710426599558
0	0.0147020124403571
0	0.0124710426599558
0	0.361296921558665
0	0.0118849741149429
0	0.010642613336007
0	0.0124710426599558
0	0.0124710426599558
0	0.0124710426599558
0	0.0124710426599558
0	0.010642613336007
0	0.0111787406266837
0	0.0124710426599558
0	0.00694586738009248
0	0.0111787406266837
0	0.0124710426599558
0	0.00534477308330407
0	0.018106196138537
0	0.0124710426599558
0	0.00540177299461895
0	0.0107823579121595
0	0.0110353450958456
0	0.00381234213034276
0	0.0124710426599558
0	0.0161793009572822
0	0.0183313765336586
0	0.0124710426599558
0	0.0104494444056012
0	0.0124710426599558
0	0.0112760194310997
0	0.0124710426599558
0	0.0124710426599558
0	0.0157783296324024
0	0.00859807211822288
0	0.0124710426599558
0	0.00404330102313194
0	0.00919119901194061
0	0.0124710426599558
0	0.00934346687774411
0	0.0124710426599558
0	0.0124710426599558
0	0.00513735146875598
0	0.0131228313566057
0	0.0119327016341161
0	0.00828323956633734
0	0.00939695783120067
0	0.0124710426599558
0	0.0124710426599558
0	0.0127467684641935
0	0.0124710426599558
0	0.0124710426599558
0	0.0124710426599558
0	0.0124710426599558
0	0.00914896247858443
0	0.0176308549463751
0	0.0124710426599558
0	0.0124710426599558
0	0.0127904905231839
0	0.0124710426599558
0	0.00455449553867418
0	0.00368361856235559
0	0.0124710426599558
0	0.00838172022838869
0	0.0124710426599558
0	0.0151072365739153
0	0.0124710426599558
0	0.0124710426599558
0	0.535428532606731
0	0.0124710426599558
0	0.0115607386360818
0	0.0124710426599558
0	0.00185932633000346
0	0.0156972562946856
0	0.0124710426599558
0	0.0115607386360818
0	0.0129799847840652
0	0.00641482165193482
0	0.0124710426599558
0	0.0124710426599558
0	0.00367447120040194
0	0.0124710426599558
0	0.0124710426599558
0	0.0115607386360818
0	0.0124710426599558
0	0.0124710426599558
0	0.0156505861066695
0	0.0124710426599558
0	0.0124710426599558
0	0.0204009663570363
0	0.0115607386360818
0	0.0124710426599558
0	0.00939339112247947
0	0.0124710426599558
0	0.0585609653306245
0	0.0124710426599558
0	0.0125086288528815
0	0.00798070510918533
0	0.016384772627507
0	0.0124710426599558
0	0.0277528167628391
0	0.0124710426599558
0	0.000544834304870524
0	0.0124710426599558
0	0.0156467527467153
0	0.0124710426599558
0	0.0124710426599558
0	0.00351206094337725
0	0.0124710426599558
0	0.00670388239952462
0	0.0115607386360818
0	0.0124710426599558
0	0.00519514655972392
0	0.0124710426599558
0	0.00567355354075292
0	0.0107823579121595
0	0.0333711762710395
0	0.00991340496540477
0	0.0124710426599558
0	0.0124710426599558
0	0.00903248780207631
0	0.0124710426599558
0	0.0124710426599558
0	0.0124710426599558
0	0.0012065657459841
0	0.0124710426599558
0	0.0124710426599558
0	0.0131228313566057
0	0.0124710426599558
0	0.0127556186668124
0	0.00225364146661679
0	0.0131228313566057
0	0.00239719898581017
0	0.0150818245685382
0	0.00519514655972392
0	0.0124710426599558
0	0.016384772627507
0	0.0103982492803022
0	0.0268895993073187
0	0.0137491626121224
0	0.00805183440241686
0	0.0124710426599558
0	0.0111618914328233
0	0.00519514655972392
0	0.0108557639958514
0	0.0124710426599558
0	0.0115607386360818
0	0.0151072365739153
0	0.0125086288528815
0	0.00462564519787001
0	0.0109073836849616
0	0.0124710426599558
0	0.0124710426599558
0	0.0354498182922999
0	0.0124710426599558
0	0.00581302447119148
0	0.0113302236063981
0	0.0113359284980432
0	0.0100107538540097
0	0.0111787406266837
0	0.0221232469226469
0	0.0168392097315595
0	0.00840744293022746
0	0.016384772627507
0	0.0153153155766175
0	0.0150818245685382
0	0.0124710426599558
0	0.0101802830872909
0	0.010642613336007
0	0.00793976470383275
0	0.0124710426599558
0	0.0124710426599558
0	0.016487346396227
0	0.0133355473268532
0	0.00162624743993938
0	0.0255048100588498
0	0.0124710426599558
0	0.00590572978663806
0	0.010671865436144
0	0.0151072365739153
0	0.0113979509337038
0	0.00382934870852837
0	0.0180591379380199
0	0.0110431543815047
0	0.00632872083668535
0	0.0174349491739278
0	0.0124710426599558
0	0.0143429788930182
0	0.00732917966380262
0	0.0110431543815047
0	0.0124710426599558
0	0.0412266861620596
0	0.0124710426599558
0	0.0124710426599558
0	0.584376234962983
0	0.0103026244214645
0	0.0115725423281222
0	0.00919508581744463
0	0.0156152683235397
0	0.0127723894758858
0	0.0114506178669899
0	0.0147651577121031
0	0.0139600322766094
0	0.00265412880497373
0	0.00316061602438048
0	0.0124710426599558
0	0.0124710426599558
0	0.0017696801754469
0	0.0107217053471758
0	0.0124710426599558
0	0.0132367289184045
0	0.0124710426599558
0	0.0124710426599558
0	0.00519514655972392
0	0.0136708328491425
0	0.0124710426599558
0	0.0124710426599558
0	0.00926208770677663
0	0.0124710426599558
0	0.00748248811611907
0	0.0124710426599558
0	0.0124710426599558
0	0.0124710426599558
0	0.0119952555442433
0	0.0110431543815047
0	0.00951691167019357
0	0.0124710426599558
0	0.00483842935675862
0	0.0124710426599558
0	0.00983954993685102
0	0.0124710426599558
0	0.0153941951932215
0	0.0691139261052276
0	0.0102359964684988
0	0.0124710426599558
0	0.00492774100254632
0	0.00483007200594212
0	0.0124710426599558
0	0.027255173981996
0	0.00689295746885802
0	0.0124710426599558
0	0.0124710426599558
0	0.0197101792571426
0	0.0180621717624872
0	0.0124710426599558
0	0.00917650535664548
0	0.0142570848595073
0	0.00483034265880259
0	0.0173903307342345
0	0.0112801465841364
0	0.0115607386360818
0	0.00389294273971631
0	0.0124710426599558
0	0.0124710426599558
0	0.0156392912503733
0	0.0107384573513639
0	0.0124710426599558
0	0.0103982492803022
0	0.00812944278991405
0	0.00289373578081645
0	0.0124710426599558
0	0.0667521300034574
0	0.0201706684576931
0	0.0124710426599558
0	0.0124710426599558
0	0.0124710426599558
0	0.0711274839535913
0	0.0172897167620971
0	0.0124710426599558
0	0.0104258417581866
0	0.0169162222224022
0	0.0124710426599558
0	0.00584619819773853
0	0.0537468406720025
0	0.00681882603136394
0	0.0124710426599558
0	0.0102603966705887
0	0.0124710426599558
0	0.00929365087068481
0	0.010140832344235
0	0.0124710426599558
0	0.00770308240862612
0	0.0113302236063981
0	0.00540177299461895
0	0.0110431543815047
0	0.0124710426599558
0	0.0124710426599558
0	0.238037178915351
0	0.0124710426599558
0	0.00891023549395195
0	0.0124710426599558
0	0.0119952555442433
0	0.0124710426599558
0	0.0124710426599558
0	0.0124710426599558
0	0.0154626170163749
0	0.0166203922276163
0	0.0124710426599558
0	0.0124710426599558
0	0.0216918099324305
0	0.00835164668718333
0	0.0124710426599558
0	0.0124710426599558
0	0.0194557220579234
0	0.00519514655972392
0	0.0435402813429609
0	0.00634394900789006
0	0.0110431543815047
0	0.0124710426599558
0	0.00363860916867052
0	0.0141173998067341
0	0.0124710426599558
0	0.00927004988173369
0	0.0221258340402698
0	0.00787923706223862
0	0.00830665810211452
0	0.00381234213034276
0	0.0124710426599558
0	0.0139978916541575
0	0.0173013886389699
0	0.0124710426599558
0	0.0124710426599558
0	0.0161748935173091
0	0.0110431543815047
0	0.0124710426599558
0	0.0124710426599558
0	0.00360892722050087
0	0.0124710426599558
0	0.00952414379521511
0	0.0124710426599558
0	0.00499523509901153
0	0.0118525954543772
0	0.0124710426599558
0	0.00463604109767807
0	0.00695111331500117
0	0.0111798682477527
0	0.0218051345692412
0	0.0195898065667922
0	0.0124710426599558
0	0.000474177488480721
0	0.0232834666715029
0	0.0124710426599558
0	0.0124710426599558
0	0.0305737366192529
0	0.0157308359142221
0	0.0252608365261436
0	0.0137246515620406
0	0.0124710426599558
0	0.00825083492716052
0	0.0190012031751628
0	0.0124710426599558
0	0.0450779073008702
0	0.0124710426599558
0	0.0156516759517405
0	0.00540177299461895
0	0.0124710426599558
0	0.0075438761751404
0	0.00475269693870819
0	0.0152103804060674
0	0.015193187227055
0	0.0124710426599558
0	0.0247855821564256
0	0.0022309883329774
0	0.0124710426599558
0	0.0115607386360818
0	0.00519514655972392
0	0.0124710426599558
0	0.0124710426599558
0	0.010303332059651
0	0.0124710426599558
0	0.0124710426599558
0	0.0119706591446394
0	0.0124710426599558
0	0.00659508734559032
0	0.0124710426599558
0	0.00481334644274687
0	0.0124710426599558
0	0.302308426478642
0	0.00898768383907531
0	0.00885512700242179
0	0.0124710426599558
0	0.0124710426599558
0	0.009833907705681
0	0.00269583423257126
0	0.0107407998576896
0	0.000913619179919384
0	0.0700107625325226
0	0.00184228761395551
0	0.0626290322070194
0	0.0113461004862479
0	0.0153468467957527
0	0.0124710426599558
0	0.00846446955038526
0	0.00420682280092812
0	0.0124710426599558
0	0.0124710426599558
0	0.121991201621909
0	0.00931507918463347
0	0.0119192304106363
0	0.0260151835893843
0	0.0124710426599558
0	0.00519514655972392
0	0.0102015920259226
0	0.00914242801707315
0	0.00381234213034276
0	0.984804584129129
0	0.0124710426599558
0	0.0112978210249997
0	0.0119952555442433
0	0.0524897329785508
0	0.00227680236888104
0	0.0105819240391473
0	0.00519514655972392
0	0.0124710426599558
0	0.00632225634599624
0	0.00191956984988254
0	0.0969786411073884
0	0.59625748222345
0	0.0124710426599558
0	0.0194557220579234
0	0.00859296843909499
0	0.0155300148019213
0	0.0155300148019213
0	0.010316839071807
0	0.0107146029045628
0	0.0119952555442433
0	0.000459892397910501
0	0.0140417900730069
0	0.0124710426599558
0	0.0124710426599558
0	0.00514824090141192
0	0.010151151938609
0	0.0124710426599558
0	0.0124710426599558
0	0.000955312613726701
0	0.0124710426599558
0	0.0161392225049789
0	0.0124710426599558
0	0.0124710426599558
0	0.0124710426599558
0	0.0124710426599558
0	0.0124710426599558
0	0.00519514655972392
0	0.0140072371250326
0	0.0124710426599558
0	0.0276112624207558
0	0.0113302236063981
0	0.0124710426599558
0	0.0118264569970231
0	0.00828412777764774
0	0.0124710426599558
0	0.0124710426599558
0	0.0124710426599558
0	0.0196542186980609
0	0.0281387798324226
0	0.00921512042341197
0	0.00776756197636394
0	0.0124710426599558
0	0.0124710426599558
0	0.0124710426599558
0	0.033369976912171
0	0.00991635716512551
0	0.0124710426599558
0	0.012601876681096
0	0.0107407998576896
0	0.0307357490680462
0	0.0124710426599558
0	0.0119327016341161
0	0.000345328846070047
0	0.00494181325372628
0	0.0124710426599558
0	0.00513592540965735
0	0.0124710426599558
0	0.00191609904680633
0	0.0124710426599558
0	0.0124710426599558
0	0.00266385440332138
0	0.155983039942981
0	0.00305078389529467
0	0.0124710426599558
0	0.0124710426599558
0	0.00214937454866912
0	0.00881556018257904
0	0.0105973178329927
0	0.0110431543815047
0	0.0137286177468807
0	0.0115607386360818
0	0.010642613336007
0	0.00818422724492722
0	0.0196542186980609
0	0.0124710426599558
0	0.00975992619918527
0	0.0124710426599558
0	0.0134693422040287
0	0.00509230997953827
0	0.00154469305039506
0	0.0316223608497654
0	0.0124710426599558
0	0.0124710426599558
0	0.846566681904109
0	0.0124710426599558
0	0.0124710426599558
0	0.00214899862838453
0	0.0124710426599558
0	0.0161929547318922
0	0.0104258417581866
0	0.00554023149049936
0	0.0124710426599558
0	0.0124710426599558
0	0.00775973823684725
0	0.0136756058408332
0	0.00519514655972392
0	0.0130925883712382
0	0.0132954968752485
0	0.0124710426599558
0	0.0124710426599558
0	0.00120250443822864
0	0.0124710426599558
0	0.00692598072762449
0	0.0124710426599558
0	0.0137491626121224
0	0.0130082684803538
0	0.0113302236063981
0	0.0124710426599558
0	0.0124710426599558
0	0.00991340496540477
0	0.00629392378924794
0	0.00616077579682702
0	0.00381234213034276
0	0.0124710426599558
0	0.0075865152554956
0	0.0195595122626241
0	0.0113018584540918
0	0.0204071300480422
0	0.0124710426599558
0	0.016384772627507
0	0.00901825967515857
0	0.00749691549068863
0	0.0124710426599558
0	0.0124710426599558
0	0.0133516222986767
0	0.0124710426599558
0	0.00632872083668535
0	0.00674040245611969
0	0.00963541487533308
0	0.138028737512064
0	0.137301765339969
0	0.189064338396747
0	0.00519514655972392
0	0.00749050908007468
0	0.0443912286480518
0	0.0124710426599558
0	0.00551497136355009
0	0.0124710426599558
0	0.0157298573561177
0	0.0124710426599558
0	0.0124710426599558
0	0.00597071551839134
0	0.0124710426599558
0	0.00948739095884508
0	0.0110983551534109
0	0.0124710426599558
0	0.0124710426599558
0	0.0124710426599558
0	0.00730339575988545
0	0.0122701714952354
0	0.00490765156325115
0	0.0124710426599558
0	0.0124710426599558
0	0.00376083581195477
0	0.0124710426599558
0	0.0124710426599558
0	0.00822238456151953
0	0.0124710426599558
0	0.00984652053965141
0	0.0124710426599558
0	0.0124710426599558
0	0.012608211864943
0	0.00927004988173369
0	0.0124710426599558
0	0.0137491626121224
0	0.010151151938609
0	0.0124710426599558
0	0.0124710426599558
0	0.0611158665342807
0	0.0124710426599558
0	0.0124710426599558
0	0.0124710426599558
0	0.0770863881862191
0	0.0124710426599558
0	0.00476567489427572
0	0.0124710426599558
0	0.0124726797721229
0	0.0124710426599558
0	0.0124710426599558
0	0.00530336960164042
0	0.010642613336007
0	0.00660551301767153
0	0.0116631721226097
0	0.00463175723127815
0	0.0142816219142583
0	0.00991340496540477
0	0.0065332550798703
0	0.00318318510353841
0	0.0157373460384849
0	0.0124710426599558
0	0.00294923308510474
0	0.0124710426599558
0	0.0124710426599558
0	0.0138906359920804
0	0.0124710426599558
0	0.0119952555442433
0	0.0170625156107554
0	0.0124710426599558
0	0.0124710426599558
0	0.0124710426599558
0	0.00489392263908356
0	0.0124710426599558
0	0.0131228313566057
0	0.0196542186980609
0	0.00611103522116539
0	0.00629244326258927
0	0.00308287910686933
0	0.0196542186980609
0	0.0156505861066695
0	0.00830268540672508
0	0.0379907270826237
0	0.00480087863405133
0	0.0133720572819138
0	0.336454153058956
0	0.00638162889819622
0	0.0146488981034978
0	0.0125187718106962
0	0.00380820838143786
0	0.0110431543815047
0	0.0124710426599558
0	0.0124710426599558
0	0.00376591400152974
0	0.0124710426599558
0	0.0137286177468807
0	0.010642613336007
0	0.0124710426599558
0	0.0124710426599558
0	0.0124710426599558
0	0.0124710426599558
0	0.00779999781841842
0	0.0124710426599558
0	0.0124710426599558
0	0.00603001535536881
0	0.0185755877456506
0	0.0323583001409952
0	0.0124710426599558
0	0.0124710426599558
0	0.0180566649767767
0	0.00753743290219649
0	0.010642613336007
0	0.0124710426599558
0	0.0124710426599558
0	0.0124710426599558
0	0.0110178856891001
0	0.0124710426599558
0	0.0257634008510693
0	0.00914750856566344
0	0.0124710426599558
0	0.0110373236308867
0	0.0124710426599558
0	0.0031106845031396
0	0.0124710426599558
0	0.00843825115643378
0	0.0113227167925026
0	0.0111787406266837
0	0.0124710426599558
0	0.0124710426599558
0	0.0146658990506981
0	0.0115607386360818
0	0.0116092163070132
0	0.103570464143928
0	0.0124710426599558
0	0.00753452840222821
0	0.00427354131991053
0	0.00607651351430513
0	0.0124710426599558
0	0.0142225295863793
0	0.0102235059154589
0	0.0124710426599558
0	0.0124710426599558
0	0.0105638589976432
0	0.0151072365739153
0	0.0100301345399496
0	0.0634473070046051
0	0.0124710426599558
0	0.00519514655972392
0	0.012608211864943
0	0.00622763471737056
0	0.00930684545618642
0	0.0110431543815047
0	0.00531031043781742
0	0.0124710426599558
0	0.0124710426599558
0	0.993088174671993
0	0.00985353296116472
0	0.0743098511112716
0	0.0111798682477527
0	0.0124710426599558
0	0.0122985046694455
0	0.0101118811801948
0	0.00381234213034276
0	0.0124710426599558
0	0.0124710426599558
0	0.0050603324181745
0	0.001400791391375
0	0.0124710426599558
0	0.00433907679164352
0	0.0182545637383867
0	0.0139350287457823
0	0.0124710426599558
0	0.0124710426599558
0	0.00748877111245893
0	0.0112732420157621
0	0.00941657710329541
0	0.00702674632645755
0	0.0124710426599558
0	0.00890759501355721
0	0.0202124656072718
0	0.0446658666759509
0	0.00450112424147556
0	0.0124710426599558
0	0.0115607386360818
0	0.00808119579431467
0	0.0124710426599558
0	0.0124710426599558
0	0.0124710426599558
0	0.00252236294787325
0	0.00288280871119391
0	0.0124710426599558
0	0.0124710426599558
0	0.010452485673165
0	0.0124710426599558
0	0.0151072365739153
0	0.010140832344235
0	0.00519514655972392
0	0.0654941838573731
0	0.0124710426599558
0	0.0124710426599558
0	0.0124710426599558
0	0.0132261513080131
0	0.0112301070402164
0	0.00253015306562142
0	0.00929548663493327
0	0.0124710426599558
0	0.0187397188068408
0	0.0124710426599558
0	0.00996452118841175
0	0.003395275927506
0	0.00713288346606754
0	0.0124710426599558
0	0.000452746079070784
0	0.0078412703471872
0	0.00642394154896083
0	0.0124710426599558
0	0.0100105024914912
0	0.0045880008982635
0	0.0229098445938856
0	0.00698309214771547
0	0.0148792107754031
0	0.00611103522116539
0	0.00838172022838869
0	0.00997283117718663
0	0.0124710426599558
0	0.0124710426599558
0	0.0111668845000219
0	0.0022309883329774
0	0.00838270573061966
0	0.0124710426599558
0	0.00799711685889871
0	0.0124710426599558
0	0.00275118500872337
0	0.0124710426599558
0	0.0124710426599558
0	0.0114820154894816
0	0.00392707968145932
0	0.0124710426599558
0	0.000494946936100828
0	0.00412346345824599
0	0.0124710426599558
0	0.0228510977413107
0	0.128976190474632
0	0.00403559852701989
0	0.0124710426599558
0	0.0124710426599558
0	0.0109611588603514
0	0.0124710426599558
0	0.0344536857363019
0	0.0124710426599558
0	0.00465325089822794
0	0.0124710426599558
0	0.0124710426599558
0	0.00849865972961026
0	0.0146988204553307
0	0.0115607386360818
0	0.0124710426599558
0	0.01030459465332
0	0.0330999897388035
0	0.0103982492803022
0	0.0124710426599558
0	0.0318345819436716
0	0.0137491626121224
0	0.00354748763932525
0	0.0124710426599558
0	0.0124710426599558
0	0.0124710426599558
0	0.00973033473554549
0	0.0467105293861027
0	0.018966222457303
0	0.00206779695686629
0	0.0124710426599558
0	0.00719379510547903
0	0.0205791200420491
0	0.0180566649767767
0	0.0196292862622185
0	0.81428335506447
0	0.0124710426599558
0	0.0124710426599558
0	0.182065751037998
0	0.0124710426599558
0	0.182306813755038
0	0.00327187969962086
0	0.0067042204224726
0	0.0110431543815047
0	0.0124710426599558
0	0.0124710426599558
0	0.0124710426599558
0	0.0124710426599558
0	0.0115204904844313
0	0.0068107948789801
0	0.00927004988173369
0	0.0124710426599558
0	0.0124710426599558
0	0.00645654120006167
0	0.00750001774631407
0	0.0343831640943901
0	0.0118142251309482
0	0.0124710426599558
0	0.0107407998576896
0	0.00493273421196071
0	0.0124710426599558
0	0.0124710426599558
0	0.0112732420157621
0	0.0124710426599558
0	0.016384772627507
0	0.00722182380225581
0	0.0124710426599558
0	0.00322412781004841
0	0.0204513597132103
0	0.0157131123752503
0	0.00519514655972392
0	0.0136704889216062
0	0.0312925225338029
0	0.0211178887403711
0	0.00252236294787325
0	0.0124710426599558
0	0.00284809435748686
0	0.0124710426599558
0	0.016384772627507
0	0.00942790975795555
0	0.0113302236063981
0	0.0124710426599558
0	0.0160944465095944
0	0.0287841440368118
0	0.0124710426599558
0	0.00866085081027345
0	0.00918187387172463
0	0.0100182481085018
0	0.0125086288528815
0	0.0106747484350187
0	0.00519514655972392
0	0.0151072365739153
0	0.0578131266338753
0	0.0265169906289
0	0.0124710426599558
0	0.0124710426599558
0	0.0124710426599558
0	0.00629392378924794
0	0.00963776891708107
0	0.0124710426599558
0	0.0124710426599558
0	0.00428747191256777
0	0.0124710426599558
0	0.0124710426599558
0	0.0124710426599558
0	0.011527076320944
0	0.0124710426599558
0	0.0196542186980609
0	0.0113302236063981
0	0.0061390459124657
0	0.0124710426599558
0	0.00979126137186378
0	0.0124710426599558
0	0.0124710426599558
0	0.0264707890865494
0	0.0207334568409862
0	0.0124710426599558
0	0.0124710426599558
0	0.00585663541506092
0	0.00816158593312912
0	0.0124710426599558
0	0.00824826870217094
0	0.0124710426599558
0	0.0125086288528815
0	0.0155300148019213
0	0.0116015116274212
0	0.00285788058143725
0	0.0124710426599558
0	0.00252236294787325
0	0.0151072365739153
0	0.0124710426599558
0	0.0156505861066695
0	0.0284390141376061
0	0.00381234213034276
0	0.00123383702095251
0	0.00793582054336586
0	0.0124710426599558
0	0.0196542186980609
0	0.0124710426599558
0	0.0124710426599558
0	0.00877837081343681
0	0.0179213667503446
0	0.00535911256618313
0	0.0257634008510693
0	0.00261559420230079
0	0.0104003820149097
0	0.0124710426599558
0	0.0124710426599558
0	0.0124710426599558
0	0.0124710426599558
0	0.00332656617068746
0	0.00503947864825375
0	0.0125086288528815
0	0.00758433292944462
0	0.0124710426599558
0	0.00774192287126318
0	0.0124710426599558
0	0.016384772627507
0	0.0124710426599558
0	0.0102040667821941
0	0.0196542186980609
0	0.0150818245685382
0	0.0124710426599558
0	0.0124710426599558
0	0.0331360695339704
0	0.0196542186980609
0	0.0124710426599558
0	0.00890193711420823
0	0.0124710426599558
0	0.0274558665000431
0	0.00135765833610856
0	0.00752125397202432
0	0.00984652053965141
0	0.0157863445774335
0	0.0107407998576896
0	0.0124710426599558
0	0.00350228969926712
0	0.00252236294787325
0	0.0124710426599558
0	0.00775405847253976
0	0.0124710426599558
0	0.0141598767707269
0	0.0131228313566057
0	0.0124710426599558
0	0.0123983397018178
0	0.0150818245685382
0	0.0137836152990981
0	0.000914162431258686
0	0.0124710426599558
0	0.0147754386573112
0	0.0124710426599558
0	0.0162550440582996
0	0.0124710426599558
0	0.00218787561206636
0	0.0250479564811854
0	0.00949657684314625
0	0.0285405964334668
0	0.0624842233611993
0	0.00105289476778536
0	0.0172340684895088
0	0.0124710426599558
0	0.000795712140939138
0	0.0185755877456506
0	0.0157305690465752
0	0.0142587921389015
0	0.0146658990506981
0	0.0115607386360818
0	0.0234181493740854
0	0.0124710426599558
0	0.0124710426599558
0	0.0107407998576896
0	0.0115607386360818
0	0.0183270920414512
0	0.0149021563556302
0	0.016384772627507
0	0.0150818245685382
0	0.0136735050022499
0	0.0168851850650644
0	0.0152459890351945
0	0.0076920283962631
0	0.0124710426599558
0	0.0124710426599558
0	0.0119952555442433
0	0.0115607386360818
0	0.00892313943264043
0	0.0124710426599558
0	0.0124710426599558
0	0.0124710426599558
0	0.00227265132387836
0	0.00717111693901307
0	0.00571375904425752
0	0.0124710426599558
0	0.0124710426599558
0	0.0157025527834816
0	0.0124710426599558
0	0.0124710426599558
0	0.0124710426599558
0	0.0124710426599558
0	0.00667130440251628
0	0.00461702406266105
0	0.00855420605867876
0	0.0392860450094597
0	0.0124710426599558
0	0.0124710426599558
0	0.00950645489128191
0	0.00923546567739116
0	0.0148568410112181
0	0.0124710426599558
0	0.0157976664655507
0	0.00267843660050767
0	7.28534141160968e-05
0	0.0124710426599558
0	0.0022309883329774
0	0.00826462068608062
0	0.0128279325589437
0	0.0124710426599558
0	0.0125428934205533
0	0.0141460772788809
0	0.0124710426599558
0	0.0207670205084561
0	0.00418349615764979
0	0.0115607386360818
0	0.0124710426599558
0	0.0124710426599558
0	0.0115008941234335
0	0.00168815730781935
0	0.0189295998641365
0	0.00293664686285414
0	0.0192993345926715
0	0.00751679188561816
0	0.0102359964684988
0	0.0115725423281222
0	0.00682264440069111
0	0.0124710426599558
0	0.0237326413582161
0	0.511662302146982
0	0.0383229249622376
0	0.00234394796435013
0	0.015439757640735
0	0.00743811572566352
0	0.00774429044726692
0	0.0141173998067341
0	0.0133202142441613
0	0.00366571691843553
0	0.0132023362988755
0	0.956513449397809
0	0.00339332789989879
0	0.00519514655972392
0	0.0479309991373703
0	0.0124710426599558
0	0.00699902601468752
0	0.00390968314879945
0	0.0128517865304313
0	0.00953477626930558
0	0.00480245002394158
0	0.0124710426599558
0	0.0115307622689504
0	0.00972919489226276
0	0.0141173998067341
0	0.0017337275789879
0	0.00242182246333884
0	0.0103982492803022
0	0.0124710426599558
0	0.0124710426599558
0	0.00519514655972392
0	0.0124710426599558
0	0.0124710426599558
0	0.0411552997172894
0	0.0887916640482532
0	0.00927004988173369
0	0.0124710426599558
0	0.00766645334993032
0	0.00370762376394158
0	0.0126600018698937
0	0.0158485978997953
0	0.0124710426599558
0	0.0124710426599558
0	0.00252236294787325
0	0.00234427074705608
0	0.0161939681739608
0	0.0124710426599558
0	0.0124710426599558
0	0.00143136342811919
0	0.0124710426599558
0	0.0124710426599558
0	0.0243255616996833
0	0.0256744889394774
0	0.0124710426599558
0	0.00525668423304057
0	0.0113302236063981
0	0.0512923582312713
0	0.00838172022838869
0	0.00792521774597058
0	0.00845152766498106
0	0.0124710426599558
0	0.00714280554959701
0	0.0170342017183374
0	0.0363979737516097
0	0.0124710426599558
0	0.0124710426599558
0	0.0115607386360818
0	0.00875392792367623
0	0.0124710426599558
0	0.0124710426599558
0	0.180688761864368
0	0.0124710426599558
0	0.0124710426599558
0	0.025544925835662
0	0.0110431543815047
0	0.0124710426599558
0	0.0196542186980609
0	0.0141173998067341
0	0.0155300148019213
0	0.0124710426599558
0	0.0124710426599558
0	0.00519514655972392
0	0.00115528213229594
0	0.0124710426599558
0	0.0128966366240987
0	0.0127786361126524
0	0.0031892932294489
0	0.0124710426599558
0	0.0103982492803022
0	0.0124710426599558
0	0.0125145808805997
0	0.0124710426599558
0	0.00746364742658615
0	0.134250929874937
0	0.00455604167814512
0	0.0124710426599558
0	0.0103508754985589
0	0.00540399890200643
0	0.00894874418260077
0	0.00619213583424388
0	0.0124710426599558
0	0.0138002810466665
0	0.0243143774016856
0	0.00787307670704866
0	0.0124710426599558
0	0.0124710426599558
0	0.0107085825711703
0	0.0124710426599558
0	0.00129663070685109
0	0.00644908555278429
0	0.0124710426599558
0	0.0156505861066695
0	0.0124710426599558
0	0.028395563961323
0	0.0096270177049938
0	0.0034608229810596
0	0.0124710426599558
0	0.0161392225049789
0	0.00807918730929943
0	0.00991340496540477
0	0.201320060315033
0	0.0124710426599558
0	0.0124710426599558
0	0.00519514655972392
0	0.0124710426599558
0	0.00574651600701532
0	0.000665559019677153
0	0.0124710426599558
0	0.0115962662166007
0	0.00958399088806051
0	0.0209441659616
0	0.0124710426599558
0	0.0898656312935375
0	0.00706769134493782
0	0.00556046654324599
0	0.00269004062724921
0	0.0124710426599558
0	0.0115725423281222
0	0.00965176436614905
0	0.0115607386360818
0	0.00630395926373014
0	0.0124710426599558
0	0.016384772627507
0	0.00281813610227643
0	0.0106058673039013
0	0.0107900821769186
0	0.0124710426599558
0	0.00571375904425752
0	0.0124710426599558
0	0.0124710426599558
0	0.618104714658086
0	0.0124710426599558
0	0.145866275448979
0	0.00406176335991246
0	0.00536504645050958
0	0.0124710426599558
0	0.00966741692330167
0	0.00381234213034276
0	0.0124710426599558
0	0.0124710426599558
0	0.0124710426599558
0	0.00134612235906317
0	0.00609176261633197
0	0.0124710426599558
0	0.0124710426599558
0	0.00377222232505148
0	0.0151593329469295
0	0.0124710426599558
0	0.0169178187663494
0	0.0124710426599558
0	0.0084115859356991
0	0.00206657668679074
0	0.0124710426599558
0	0.0124710426599558
0	0.0188840478383238
0	0.0124710426599558
0	0.0103982492803022
0	0.0124710426599558
0	0.0124710426599558
0	0.00412346345824599
0	0.0134852347089972
0	0.0200670968815949
0	0.0133853612776665
0	0.00381234213034276
0	0.0196542186980609
0	0.00955452765832355
0	0.0150576491245918
0	0.00944523049487822
0	0.0124710426599558
0	0.00551757473967384
0	0.0124710426599558
0	0.00557176636564424
0	0.00332673941010753
0	0.0124710426599558
0	0.0222978344307674
0	0.0274851892666284
0	0.00376809886203861
0	0.00947568311119249
0	0.0124710426599558
0	0.0079494805122427
0	0.00991340496540477
0	0.00359948292531841
0	0.0124710426599558
0	0.00571375904425752
0	0.0124710426599558
0	0.0115874645535077
0	0.00540177299461895
0	0.0124710426599558
0	0.0124710426599558
0	0.00548535099409091
0	0.0141358758432577
0	0.00466042326345185
0	0.0124710426599558
0	0.0124710426599558
0	0.0124710426599558
0	0.0136597408817092
0	0.00838792920799706
0	0.0124710426599558
0	0.0268241502666117
0	0.0124710426599558
0	0.00991340496540477
0	0.00472735788678447
0	0.0145116068095898
0	0.0506333956842057
0	0.00461532029971198
0	0.016384772627507
0	0.0124710426599558
0	0.0124710426599558
0	0.0124710426599558
0	0.00549526458169346
0	0.00515963456348941
0	0.0124710426599558
0	0.0115607386360818
0	0.0124710426599558
0	0.000705700957511782
0	0.0124710426599558
0	0.016384772627507
0	0.0049338649563136
0	0.0315137158984792
0	0.0124710426599558
0	0.00132324213250187
0	0.0124710426599558
0	0.0427807159996271
0	0.00571375904425752
0	0.016384772627507
0	0.0288884812187704
0	0.0124710426599558
0	0.0124710426599558
0	0.0125086288528815
0	0.0124710426599558
0	0.0103982492803022
0	0.0124710426599558
0	0.0757816120712751
0	0.0124710426599558
0	0.0124710426599558
0	0.00476866453764123
0	0.016384772627507
0	0.0124710426599558
0	0.0124710426599558
0	0.0125086288528815
0	0.00883065687475156
0	0.004703091481041
0	0.0150818245685382
0	0.00260213004849423
0	0.0124710426599558
0	0.0124710426599558
0	0.00298112351650507
0	0.00769039660907191
0	0.0124710426599558
0	0.0255144885257985
0	0.0115607386360818
0	0.0115725423281222
0	0.0124710426599558
0	0.0165388990668029
0	0.0124710426599558
0	0.0124710426599558
0	0.0078465983071614
0	0.000415704135484193
0	0.00598166773980216
0	0.0124710426599558
0	0.00849865972961026
0	0.0119706591446394
0	0.0124710426599558
0	0.0124710426599558
0	0.0085338441036159
0	0.0161392225049789
0	0.016384772627507
0	0.0124710426599558
0	0.0124710426599558
0	0.13933568022249
0	0.00662463418523843
0	0.0129985605422754
0	0.0186095139496467
0	0.0107519302094636
0	0.0430193944355775
0	0.0123800779936432
0	0.0124710426599558
0	0.00804902261067262
0	0.0156442805252924
0	0.00471672884574794
0	0.0147350488724743
0	0.00320475959785458
0	0.03345949644432
0	0.00381234213034276
0	0.0124710426599558
0	0.0411552997172894
0	0.0124710426599558
0	0.0124710426599558
0	0.027350175647788
0	0.0124710426599558
0	0.0124710426599558
0	0.0124710426599558
0	0.0330456067598184
0	0.0124710426599558
0	0.0247357160694971
0	0.00856835741734033
0	0.0194579450400527
0	0.00658951041232631
0	0.00420559547840731
0	0.0124710426599558
0	0.0124710426599558
0	0.226998286714391
0	0.0196542186980609
0	0.0103982492803022
0	0.0103982492803022
0	0.0150746734725863
0	0.0124710426599558
0	0.0124710426599558
0	0.0124710426599558
0	0.0222940458929341
0	0.0124710426599558
0	0.00938688446974594
0	0.00534881967935807
0	0.00819371205904275
0	0.0124710426599558
0	0.0124710426599558
0	0.0124710426599558
0	0.012654195880442
0	0.0124710426599558
0	0.0107407998576896
0	0.00878860906202575
0	0.0100606748452005
0	0.00265089413855034
0	0.0124710426599558
0	0.0124710426599558
0	0.0124710426599558
0	0.00381234213034276
0	0.00430766287972491
0	0.0143085298095742
0	0.0141460772788809
0	0.0125086288528815
0	0.0247357160694971
0	0.0107407998576896
0	0.00199168842955859
0	0.0124710426599558
0	0.0124710426599558
0	0.015363296399509
0	0.0111787406266837
0	0.0124710426599558
0	0.00541817017274465
0	0.0124710426599558
0	0.0119115247070463
0	0.0124710426599558
0	0.0124710426599558
0	0.00524505737631945
0	0.000572484357451176
0	0.0019508519209188
0	0.00325340719462449
0	0.0115607386360818
0	0.032660039179671
0	0.0141173998067341
0	0.0141460772788809
0	0.00123383702095251
0	0.0124710426599558
0	0.00411823185729991
0	0.0131149421531362
0	0.00651414281298309
0	0.00276486648992424
0	0.0146163329589909
0	0.0106594076184123
0	0.00928420197169401
0	0.0124710426599558
0	0.0124710426599558
0	0.0124710426599558
0	0.00519514655972392
0	0.0124710426599558
0	0.0111787406266837
0	0.0124710426599558
0	0.0124710426599558
0	0.00063473750091034
0	0.016519882751604
0	0.00792330025888928
0	0.00827317073319527
0	0.00106453602972343
0	0.0124710426599558
0	0.0124710426599558
0	0.009559504991739
0	0.0124710426599558
0	0.00941086183868926
0	0.00833149388213217
0	0.00991340496540477
0	0.00408810596696061
0	0.0124710426599558
0	0.0103982492803022
0	0.0221533337451232
0	0.0154362420633111
0	0.0124710426599558
0	0.0110431543815047
0	0.0318160365132027
0	0.0124710426599558
0	0.0124710426599558
0	0.0209994828192791
0	0.00549683499565649
0	0.0199479660351043
0	0.00684483161352113
0	0.0124710426599558
0	0.00492221908484163
0	0.00611251414740327
0	0.0124710426599558
0	0.0113302236063981
0	0.0124710426599558
0	0.0411552997172894
0	0.0224953355364947
0	0.00571375904425752
0	0.0285224684990067
0	0.0124710426599558
0	0.0124710426599558
0	0.0090416498639577
0	0.00381234213034276
0	0.0141218797580026
0	0.0124710426599558
0	0.0124710426599558
0	0.00135908540963917
0	0.0124710426599558
0	0.0124710426599558
0	0.0436941012508338
0	0.0154465204544489
0	0.0111787406266837
0	0.0336708252287632
0	0.00320645667042617
0	0.000570873701649594
0	0.014022547421957
0	0.0124710426599558
0	0.0141173998067341
0	0.0124710426599558
0	0.0122522989770374
0	0.0432970412219337
0	0.0124710426599558
0	0.0124710426599558
0	0.00535529669857779
0	0.00252236294787325
0	0.0141173998067341
0	0.0124710426599558
0	0.0124710426599558
0	0.0398539698930436
0	0.0100095451050021
0	0.0105057999370445
0	0.0157620546472075
0	0.0331717352280747
0	0.00564936580388988
0	0.00867888395577938
0	0.0124710426599558
0	0.0124710426599558
0	0.0124710426599558
0	0.0124710426599558
0	0.0248721181933227
0	0.0124710426599558
0	0.0124710426599558
0	0.00519514655972392
0	0.0128772100713584
0	0.0124710426599558
0	0.0124710426599558
0	0.0124710426599558
0	0.0124710426599558
0	0.0124710426599558
0	0.0124710426599558
0	0.00564337962818458
0	0.0139037517645633
0	0.0124710426599558
0	0.0135074832306169
0	0.0057610079015848
0	0.0114114186616495
0	0.0113302236063981
0	0.0114160453888927
0	0.00486746319861789
0	0.0178986078333049
0	0.00435268255517936
0	0.0130160667577668
0	0.0124710426599558
0	0.0124710426599558
0	0.0066288919894284
0	0.0198534725242858
0	0.0124710426599558
0	0.0124710426599558
0	0.0124710426599558
0	0.00365809817427339
0	0.0128652512601685
0	0.0124710426599558
0	0.00879214800663216
0	0.00086144437463892
0	0.0124710426599558
0	0.0124710426599558
0	0.0110431543815047
0	0.0193409578762498
0	0.00749050908007468
0	0.00322229085285532
0	0.0124710426599558
0	0.017702041482775
0	0.0128772100713584
0	0.0247992420149105
0	0.192123378248221
0	0.0137491626121224
0	0.0105088844444869
0	0.00256715717470155
0	0.0124710426599558
0	0.00547413068959753
0	0.0124710426599558
0	0.0284715490667103
0	0.00381234213034276
0	0.0124710426599558
0	0.0115607386360818
0	0.00556622378319177
0	0.00396870593559796
0	0.0124710426599558
0	0.0111787406266837
0	0.0285689409696963
0	0.00381234213034276
0	0.0124710426599558
0	0.0110431543815047
0	0.0124710426599558
0	0.0124710426599558
0	0.00959371464080131
0	0.027374350240104
0	0.0140865445421315
0	0.00921247707475698
0	0.0124710426599558
0	0.0113302236063981
0	0.0216631923378976
0	0.00519514655972392
0	0.0124710426599558
0	0.0124710426599558
0	0.0124710426599558
0	0.021183481794066
0	0.00252236294787325
0	0.0110431543815047
0	0.0119972671929234
0	0.0559301303695042
0	0.00681180684637094
0	0.0107407998576896
0	0.0124710426599558
0	0.000655680548210606
0	0.0125312043171312
0	0.0187591458257496
0	0.0111651825029401
0	0.0111618290788649
0	0.0124710426599558
0	0.00945157664611779
0	0.0124710426599558
0	0.00321615220088858
0	0.00519514655972392
0	0.0124710426599558
0	0.0124710426599558
0	0.014673656444268
0	0.0129235857789549
0	0.0124710426599558
0	0.009559504991739
0	0.00119432538785598
0	0.0758790362075139
0	0.0124710426599558
0	0.0115725423281222
0	0.00908694699765555
0	0.0124710426599558
0	0.0124710426599558
0	0.00670459541002333
0	0.0388800667009561
0	0.0124710426599558
0	0.00569139053050015
0	0.264601992901023
0	0.0124710426599558
0	0.0124710426599558
0	0.00735350201836972
0	0.0124710426599558
0	0.00694566934716052
0	0.0124710426599558
0	0.0124710426599558
0	0.0097665291049109
0	0.0124710426599558
0	0.00832996883986131
0	0.0312196614097667
0	0.0172340684895088
0	0.00613198668702831
0	0.00693597786783745
0	0.0124710426599558
0	0.00659508734559032
0	0.0124710426599558
0	0.0124301481365734
0	0.0124710426599558
0	0.0182998373221442
0	0.012036000342791
0	0.00752534060009281
0	0.00658977730383909
0	0.00822238456151953
0	0.0415279444922764
0	0.0124710426599558
0	0.00924440561424012
0	0.0128772100713584
0	0.0185349077712143
0	0.0043651427747651
0	0.001171257978315
0	0.0124710426599558
0	0.00240195123815039
0	0.0124710426599558
0	0.0124710426599558
0	0.0124710426599558
0	0.00471672884574794
0	0.0124710426599558
0	0.0793625099824964
0	0.0124710426599558
0	0.0204513597132103
0	0.0124710426599558
0	0.0124710426599558
0	0.0124710426599558
0	0.00540177299461895
0	0.00287622266476486
0	0.0108819146144871
0	0.0124710426599558
0	0.000173384571371895
0	0.0124710426599558
0	0.0105197099177567
0	0.0161392225049789
0	0.0124710426599558
0	0.0124710426599558
0	0.00231150886105822
0	0.0124710426599558
0	0.0125145808805997
0	0.00964957998564966
0	0.0124710426599558
0	0.0114160453888927
0	0.0124710426599558
0	0.00804902261067262
0	0.0124710426599558
0	0.0124710426599558
0	0.0117867285909591
0	0.0124710426599558
0	0.00573082847205127
0	0.0137491626121224
0	0.00882169310810312
0	0.016384772627507
0	0.00595968918325721
0	0.0124710426599558
0	0.0124710426599558
0	0.00440020503549413
0	0.0116063226862154
0	0.00121239131828724
0	0.0156972562946856
0	0.0124710426599558
0	0.0463382528496929
0	0.0124710426599558
0	0.0124710426599558
0	0.0768233598269927
0	0.00490695488591779
0	0.0124710426599558
0	0.0124710426599558
0	0.020199516216151
0	0.014174638442229
0	0.0098513016275548
0	0.000449558345366889
0	0.00540177299461895
0	0.0125076386856185
0	0.0124710426599558
0	0.0124710426599558
0	0.00840827456563613
0	0.0124710426599558
0	0.00300541499961136
0	0.0124710426599558
0	0.0267203297741987
0	0.0124710426599558
0	0.0150818245685382
0	0.0124710426599558
0	0.0124710426599558
0	0.0115607386360818
0	0.0124710426599558
0	0.0124710426599558
0	0.0124710426599558
0	0.00519514655972392
0	0.0124710426599558
0	0.0124710426599558
0	0.00236492682360377
0	0.0124710426599558
0	0.0124710426599558
0	0.0124710426599558
0	0.0124710426599558
0	0.0225168563821925
0	0.00574553403039848
0	0.00567619039171763
0	0.0258733480061598
0	0.0124710426599558
0	0.0124710426599558
0	0.0115607386360818
0	0.0305973466960532
0	0.0194557220579234
0	0.00524824312660943
0	0.0124710426599558
0	0.0124710426599558
0	0.0296474502775485
0	0.0175212253017822
0	0.0124710426599558
0	0.0124710426599558
0	0.0124710426599558
0	0.0119952555442433
0	0.0124710426599558
0	0.0124710426599558
0	0.00712873323622538
0	0.0124710426599558
0	0.0110431543815047
0	0.00540177299461895
0	0.0124710426599558
0	0.00370316446000641
0	0.0175866742220421
0	0.0075099484804244
0	0.0124710426599558
0	0.00991340496540477
0	0.0150818245685382
0	0.0124710426599558
0	0.0124710426599558
0	0.0167498727776496
0	0.0124710426599558
0	0.0124710426599558
0	0.010151723514784
0	0.0124710426599558
0	0.00980728206319678
0	0.0124710426599558
0	0.00950911037780533
0	0.0124710426599558
0	0.0092392927425621
0	0.0157341568733704
0	0.00483859339707837
0	0.0044224265038153
0	0.0124710426599558
0	0.00681883771893026
0	0.00106751964819235
0	0.0202238700890796
0	0.00519514655972392
0	0.0076228053169802
0	0.00423401988983119
0	0.0215655685433264
0	0.0137318430219105
0	0.00560064420051617
0	0.0124710426599558
0	0.0124710426599558
0	0.0141460772788809
0	0.0151072365739153
0	0.852933186727375
0	0.0115607386360818
0	0.0940781590290992
0	0.0271959962337244
0	0.00252236294787325
0	0.0124710426599558
0	0.00668546619077361
0	0.00809545847997896
0	0.0222877045256998
0	0.0124710426599558
0	0.0124710426599558
0	0.0150818245685382
0	0.00180782432323162
0	0.0196542186980609
0	0.0183065091064995
0	0.0124710426599558
0	0.0582129208524549
0	0.0462430618564443
0	0.0645264245835569
0	0.0124710426599558
0	0.0124710426599558
0	0.0236616957011939
0	0.0122069618235252
0	0.0156972562946856
0	0.0129243015884012
0	0.0110431543815047
0	0.00519514655972392
0	0.926635967737886
0	0.00894471562215399
0	0.0128517865304313
0	0.0103982492803022
0	0.00735350201836972
0	0.0124710426599558
0	0.0124710426599558
0	0.00840708662854862
0	0.0124710426599558
0	0.00548110948414131
0	0.00252236294787325
0	0.0124710426599558
0	0.0124710426599558
0	0.0110431543815047
0	0.865677869227996
0	0.0107539684661527
0	0.00342124645150401
0	0.0124710426599558
0	0.00453558149796362
0	0.0139420401648599
0	0.00533081112175241
0	0.0124710426599558
0	0.0124710426599558
0	0.00967324851397086
0	0.0113302236063981
0	0.0136024986274981
0	0.0331717352280747
0	0.0124710426599558
0	0.00336288836381038
0	0.0169178187663494
0	0.00820968775956819
0	0.000391089561938874
0	0.0124710426599558
0	0.0124710426599558
0	0.0010874736418718
0	0.00968133784434464
0	0.0226081879616315
0	0.00210778520534846
0	0.0124710426599558
0	0.0156505861066695
0	0.0126824302362295
0	0.0124710426599558
0	0.0196542186980609
0	0.0124710426599558
0	0.0672491237603815
0	0.00820561808930299
0	0.0124710426599558
0	0.0144457706297519
0	0.00916369435221835
0	0.0124710426599558
0	0.0179223928269579
0	0.0136367300079775
0	0.0237326413582161
0	0.0110431543815047
0	0.0124710426599558
0	0.0124710426599558
0	0.0124710426599558
0	0.0124710426599558
0	0.0167954870442007
0	0.665289768528927
0	0.00571375904425752
0	0.0124710426599558
0	0.0124710426599558
0	0.0124710426599558
0	0.00752534060009281
0	0.0124710426599558
0	0.00935927115222227
0	0.016384772627507
0	0.0078594275084535
0	0.038451067885914
0	0.00927004988173369
0	0.00886495035782601
0	0.0124710426599558
0	0.171226009253515
0	0.0128772100713584
0	0.0124710426599558
0	0.0124710426599558
0	0.00847492930855745
0	0.00519514655972392
0	0.0124710426599558
0	0.0145797351109217
0	0.00564936580388988
0	0.0124710426599558
0	0.0105621437268474
0	0.0124710426599558
0	0.0113302236063981
0	0.0124710426599558
0	0.00863702114280854
0	0.0370419268912463
0	0.021183481794066
0	0.001902813468996
0	0.0124710426599558
0	0.0123197410165302
0	0.0124710426599558
0	0.00793548422835738
0	0.0124710426599558
0	0.0124710426599558
0	0.00626339514646183
0	0.0137491626121224
0	0.010642613336007
0	0.0243384794307404
0	0.00672835393620488
0	0.00710307527330416
0	0.0124710426599558
0	0.0124710426599558
0	0.0124710426599558
0	0.0124710426599558
0	0.0126553682875952
0	0.00774372986118806
0	0.0287684697119918
