1	0.0233369846327175
1	0.602572499315536
1	0.969506156764829
1	0.21176521395158
1	0.987758821953292
1	0.956746799925867
1	0.981912022319149
1	0.672981160563164
1	0.834697866738919
1	0.962194892434811
1	0.503890391250171
1	0.0615847053031178
1	0.994587638305676
1	0.215012846688342
1	0.103292389513313
1	0.990757472599254
1	0.892721841060819
1	0.0628374353140239
1	0.0316519080772708
1	0.742164274297294
1	0.971855869297983
1	0.994967487236866
1	0.80015881857403
1	0.947507391372711
1	0.192674020946803
1	0.700225005460851
1	0.224091875162316
1	0.388563462909922
1	0.37922121953382
1	0.989031149363123
1	0.342431210743469
1	0.883457189481332
1	0.66067431670445
1	0.959880679390093
1	0.998059717566762
1	0.903148936717872
1	0.0151859203160976
1	0.703172480817503
1	0.949027913117893
1	0.991685065689338
1	0.154815391706935
1	0.451067311433206
1	0.791957691129491
1	0.660815338327075
1	0.775840990334817
1	0.372004172992017
1	0.576529068867401
1	0.0718097648569054
1	0.960557543514798
1	0.0156210012179404
1	0.419306977406758
1	0.166190123114851
1	0.823814244939625
1	0.997567852597499
1	0.944722284312896
1	0.824057678280911
1	0.0215721941446745
1	0.892966764462588
1	0.080956413364403
1	0.99060145353544
1	0.967084204609804
1	0.561378586553597
1	0.432606763588782
1	0.744388065811418
1	0.422893488001293
1	0.97942429278415
1	0.544595946919343
1	0.0215661127341559
1	0.0668221437366781
1	0.33076098919498
1	0.993251940901308
1	0.479343788421371
1	0.964643318823744
1	0.865739400050678
1	0.933681012651051
1	0.0375028314161422
1	0.0663034471397125
1	0.815480757240308
1	0.993264536505224
1	0.864095526060789
1	0.987041474301194
1	0.0151859203160976
1	0.261116505682989
1	0.761322739099434
1	0.893343756671
1	0.985854990238566
1	0.149238300499342
1	0.96339696214889
1	0.0257797201027237
1	0.976261323496899
1	0.763807409202497
1	0.881181091476068
1	0.216853408808144
1	0.235123402466856
1	0.539041382226316
1	0.374575741386596
1	0.963909913590289
1	0.893277257015587
1	0.788895746847206
1	0.0176411419230242
1	0.821182595923968
1	0.665476308953126
1	0.683641974980325
1	0.243535196331966
1	0.443834019037804
1	0.855073715446476
1	0.98692082621415
1	0.231427222251516
1	0.72073687219061
1	0.819258868554212
1	0.990598062910226
1	0.958400173661056
1	0.970872717962593
1	0.849873895264969
1	0.651444286864996
1	0.798593152548638
1	0.991464902823703
1	0.978296565157353
1	0.0478263062490082
1	0.0369086506087076
1	0.835991820503509
1	0.918005368149397
1	0.227789482592145
1	0.997860534035896
1	0.897313042085053
1	0.969436364608459
1	0.887979971799236
1	0.855582654620919
1	0.396326242072836
1	0.0518322202935696
1	0.725979522511975
1	0.972437372478457
1	0.99613125572135
1	0.481547880026994
1	0.880197697902124
1	0.995613100912311
1	0.870302741274362
1	0.422420056073838
1	0.956281337852183
1	0.663818470543138
1	0.987471271836898
1	0.981546650053645
1	0.206272484572958
1	0.982791543562487
1	0.651973732460677
1	0.925264095989235
1	0.995801204506643
1	0.900080438495408
1	0.16616928906846
1	0.143412077742785
1	0.907335114334453
1	0.762390726076311
1	0.986325526783463
1	0.869784868669821
1	0.129337077657435
1	0.86721216186872
1	0.914646947919264
1	0.949527916821577
1	0.0258240152911352
1	0.751563778759742
1	0.964210739234298
1	0.831041894982411
1	0.900919985600259
1	0.816543835054367
1	0.946428195227712
1	0.692289307169403
1	0.688398567378449
1	0.621531696225613
1	0.557142972533749
1	0.949263458917194
1	0.0841052590689542
1	0.955958422017941
1	0.47895563068037
1	0.786720152973617
1	0.40711346113329
1	0.993761397963806
1	0.396416157542128
1	0.828182358971733
1	0.122677509448168
1	0.89995445264694
1	0.978443465440147
1	0.635735707327873
1	0.537977298961568
1	0.989751101200252
1	0.978373733059383
1	0.991005793261815
1	0.933086029773743
1	0.037231460622115
1	0.899095397333177
1	0.485284755800944
1	0.997778016346982
1	0.957640953555021
1	0.94127432832733
1	0.829758613871416
1	0.979036034495866
1	0.884154617127805
1	0.975848490621388
1	0.976100080211824
1	0.473211589788548
1	0.0300522385185794
0	0.0151859203160976
0	0.0296156232562887
0	0.0201367188931694
0	0.0151859203160976
0	0.0151859203160976
0	0.0151859203160976
0	0.0151859203160976
0	0.0165983715056392
0	0.752221072763749
0	0.0151859203160976
0	0.113895050573106
0	0.0151859203160976
0	0.329248506499461
0	0.0172395984186509
0	0.567041115714786
0	0.0151859203160976
0	0.0432878167376481
0	0.0201367188931694
0	0.0151859203160976
0	0.0151859203160976
0	0.0151859203160976
0	0.0151859203160976
0	0.017378706268552
0	0.0534915289646327
0	0.0341466645360579
0	0.0172395984186509
0	0.0151859203160976
0	0.0151859203160976
0	0.0151859203160976
0	0.0151859203160976
0	0.0151859203160976
0	0.0165983715056392
0	0.0151859203160976
0	0.0151859203160976
0	0.0151859203160976
0	0.0151859203160976
0	0.0151859203160976
0	0.0151859203160976
0	0.0151859203160976
0	0.0235598222356079
0	0.0151859203160976
0	0.0151859203160976
0	0.0151859203160976
0	0.0151859203160976
0	0.0151859203160976
0	0.0201367188931694
0	0.0151859203160976
0	0.0151859203160976
0	0.0151859203160976
0	0.0151859203160976
0	0.0789731740548035
0	0.0151859203160976
0	0.0151859203160976
0	0.0151859203160976
0	0.0231669733399507
0	0.0231669733399507
0	0.0151859203160976
0	0.0151859203160976
0	0.0151859203160976
0	0.0151859203160976
0	0.0151859203160976
0	0.0388061408489048
0	0.0190123776911855
0	0.0235942861552959
0	0.0151859203160976
0	0.0151859203160976
0	0.0151859203160976
0	0.469664241841913
0	0.0151859203160976
0	0.0541643021423272
0	0.0165983715056392
0	0.0151859203160976
0	0.0151859203160976
0	0.0151859203160976
0	0.0151859203160976
0	0.0151859203160976
0	0.0151859203160976
0	0.0151859203160976
0	0.0151859203160976
0	0.0151859203160976
0	0.0151859203160976
0	0.0151859203160976
0	0.0151859203160976
0	0.0151859203160976
0	0.0151859203160976
0	0.0151859203160976
0	0.0169919749081021
0	0.0151859203160976
0	0.0151859203160976
0	0.0151859203160976
0	0.0151859203160976
0	0.0151859203160976
0	0.0151859203160976
0	0.0151859203160976
0	0.0151859203160976
0	0.0151859203160976
0	0.0172395984186509
0	0.0151859203160976
0	0.0339415075878242
0	0.0151859203160976
0	0.0151859203160976
0	0.0151859203160976
0	0.0151859203160976
0	0.0151859203160976
0	0.0347416994477151
0	0.0165983715056392
0	0.0151859203160976
0	0.0151859203160976
0	0.0151859203160976
0	0.0151859203160976
0	0.0165983715056392
0	0.0151859203160976
0	0.0151859203160976
0	0.0151859203160976
0	0.0190123776911855
0	0.0173403763842526
0	0.0151859203160976
0	0.0244557111277133
0	0.0151859203160976
0	0.0151859203160976
0	0.0151859203160976
0	0.0151859203160976
0	0.0151859203160976
0	0.0151859203160976
0	0.0151859203160976
0	0.0151859203160976
0	0.0151859203160976
0	0.0151859203160976
0	0.0151859203160976
0	0.0151859203160976
0	0.0200350712326035
0	0.0151859203160976
0	0.0151859203160976
0	0.0235598222356079
0	0.0151859203160976
0	0.0151859203160976
0	0.0151859203160976
0	0.0151859203160976
0	0.0151859203160976
0	0.0151859203160976
0	0.0235474417762792
0	0.0151859203160976
0	0.0201367188931694
0	0.0151859203160976
0	0.0151859203160976
0	0.120378089890697
0	0.0151859203160976
0	0.0151859203160976
0	0.0151859203160976
0	0.0151859203160976
0	0.0151859203160976
0	0.0151859203160976
0	0.0151859203160976
0	0.0847887033868488
0	0.205868911635686
0	0.0151859203160976
0	0.0151859203160976
0	0.0151859203160976
0	0.0151859203160976
0	0.0151859203160976
0	0.183065406711089
0	0.0235598222356079
0	0.0154373882672692
0	0.029734751641269
0	0.0151859203160976
0	0.0151859203160976
0	0.0151859203160976
0	0.0151859203160976
0	0.0151859203160976
0	0.0151859203160976
0	0.0151859203160976
0	0.0151859203160976
0	0.0184418311334979
0	0.0151859203160976
0	0.0151859203160976
0	0.0151859203160976
0	0.0151859203160976
0	0.0151859203160976
0	0.0151859203160976
0	0.0151859203160976
0	0.0151859203160976
0	0.0151859203160976
0	0.0151859203160976
0	0.0151859203160976
0	0.0151859203160976
0	0.0151859203160976
0	0.0151859203160976
0	0.0151859203160976
0	0.0151859203160976
0	0.0151859203160976
0	0.0235598222356079
0	0.0151859203160976
0	0.0151859203160976
0	0.0165983715056392
0	0.0151859203160976
0	0.2512137806249
0	0.0151859203160976
0	0.0151859203160976
0	0.0151859203160976
0	0.0172395984186509
0	0.0723138666207934
0	0.0219208804123218
0	0.0151859203160976
0	0.0151859203160976
0	0.0151859203160976
0	0.0151859203160976
0	0.0334941379465445
0	0.047263046633175
0	0.022333477609715
0	0.0151859203160976
0	0.0151859203160976
0	0.0258268922978928
0	0.048535211799039
0	0.0349922738569216
0	0.0190123776911855
0	0.0151859203160976
0	0.0194088985294068
0	0.0151859203160976
0	0.0151859203160976
0	0.0151859203160976
0	0.0214986308280172
0	0.0151859203160976
0	0.0235598222356079
0	0.0172416966107872
0	0.0151859203160976
0	0.0151859203160976
0	0.0151859203160976
0	0.0151859203160976
0	0.0151859203160976
0	0.0151859203160976
0	0.0151859203160976
0	0.0151859203160976
0	0.103906615619887
0	0.0151859203160976
0	0.0151859203160976
0	0.0154373882672692
0	0.0151859203160976
0	0.0151859203160976
0	0.377515582108072
0	0.0585266127655667
0	0.0151859203160976
0	0.045342720256754
0	0.0151859203160976
0	0.0151859203160976
0	0.016676709331026
0	0.0151859203160976
0	0.0151859203160976
0	0.0312931068839028
0	0.0151859203160976
0	0.0151859203160976
0	0.0151859203160976
0	0.0151859203160976
0	0.0151859203160976
0	0.0151859203160976
0	0.0312884390345211
0	0.0345936951130896
0	0.0151859203160976
0	0.0257345232689201
0	0.0151859203160976
0	0.0172416966107872
0	0.0175107714027193
0	0.0309121912385308
0	0.0151859203160976
0	0.015447839794277
0	0.0151859203160976
0	0.0151859203160976
0	0.0332819036855265
0	0.0151859203160976
0	0.022333477609715
0	0.0151859203160976
0	0.0151859203160976
0	0.0151859203160976
0	0.0151859203160976
0	0.143475433087526
0	0.0151859203160976
0	0.0151859203160976
0	0.0334295880847558
0	0.0151859203160976
0	0.0172395984186509
0	0.0151859203160976
0	0.0151859203160976
0	0.030668135610646
0	0.0151859203160976
0	0.0253026744931485
0	0.196659551013282
0	0.660950690561735
0	0.0342156273738229
0	0.0431348336207269
0	0.0151859203160976
0	0.0188991861273229
0	0.0151859203160976
0	0.0151859203160976
0	0.0151859203160976
0	0.0151859203160976
0	0.0151859203160976
0	0.0151859203160976
0	0.0151859203160976
0	0.0172416966107872
0	0.0151859203160976
0	0.0175244686545336
0	0.0151859203160976
0	0.0151859203160976
0	0.0151859203160976
0	0.0151859203160976
0	0.152134963972889
0	0.0151859203160976
0	0.0151859203160976
0	0.0151859203160976
0	0.0151859203160976
0	0.0151859203160976
0	0.0151859203160976
0	0.0151859203160976
0	0.0151859203160976
0	0.0154373882672692
0	0.0151859203160976
0	0.0254210312806136
0	0.0151859203160976
0	0.0151859203160976
0	0.0172395984186509
0	0.0893974321695622
0	0.0151859203160976
0	0.0151859203160976
0	0.0172416966107872
0	0.0151859203160976
0	0.0151859203160976
0	0.0151859203160976
0	0.0151859203160976
0	0.0151859203160976
0	0.0345936951130896
0	0.0151859203160976
0	0.0151859203160976
0	0.0151859203160976
0	0.0151859203160976
0	0.0151859203160976
0	0.0151859203160976
0	0.0345936951130896
0	0.0151859203160976
0	0.0151859203160976
0	0.0151859203160976
0	0.0151859203160976
0	0.0258972506609431
0	0.0151859203160976
0	0.0151859203160976
0	0.0151859203160976
0	0.0151859203160976
0	0.0151859203160976
0	0.0151859203160976
0	0.0151859203160976
0	0.0151859203160976
0	0.0151859203160976
0	0.0151859203160976
0	0.0183356241707819
0	0.125669184133974
0	0.0151859203160976
0	0.0151859203160976
0	0.0151859203160976
0	0.0151859203160976
0	0.0151859203160976
0	0.0277276999801069
0	0.0255754885555971
0	0.0151859203160976
0	0.0151859203160976
0	0.0151859203160976
0	0.0326872491620469
0	0.0151859203160976
0	0.0151859203160976
0	0.0151859203160976
0	0.0192851131262943
0	0.0151859203160976
0	0.0151859203160976
0	0.0151859203160976
0	0.0151859203160976
0	0.0183356241707819
0	0.0202987210155202
0	0.579492964760926
0	0.0151859203160976
0	0.0151859203160976
0	0.0165983715056392
0	0.022333477609715
0	0.184360438648651
0	0.0151859203160976
0	0.0151859203160976
0	0.0214860193398826
0	0.0151859203160976
0	0.0151859203160976
0	0.243067060398481
0	0.0151859203160976
0	0.0190123776911855
0	0.0231669733399507
0	0.0151859203160976
0	0.0516774772172222
0	0.0151859203160976
0	0.0151859203160976
0	0.0215661127341559
0	0.0151859203160976
0	0.0151859203160976
0	0.0383946386572269
0	0.0151859203160976
0	0.0347458524686782
0	0.0151859203160976
0	0.0172395984186509
0	0.0151859203160976
0	0.0151859203160976
0	0.0151859203160976
0	0.0417264037793446
0	0.0151859203160976
0	0.0151859203160976
0	0.0172395984186509
0	0.0151859203160976
0	0.0183356241707819
0	0.0151859203160976
0	0.0151859203160976
0	0.0151859203160976
0	0.0151859203160976
0	0.0976636821938532
0	0.310555224869379
0	0.0151859203160976
0	0.0183356241707819
0	0.0394238772988525
0	0.0151859203160976
0	0.0151859203160976
0	0.0151859203160976
0	0.0172416966107872
0	0.0151859203160976
0	0.0151859203160976
0	0.0151859203160976
0	0.133908136707405
0	0.0151859203160976
0	0.228436965746751
0	0.0421794685271424
0	0.0151859203160976
0	0.0151859203160976
0	0.0347458524686782
0	0.0169919749081021
0	0.0214986308280172
0	0.046557005552787
0	0.0151859203160976
0	0.0151859203160976
0	0.0151859203160976
0	0.0151859203160976
0	0.0151859203160976
0	0.0151859203160976
0	0.0151859203160976
0	0.0620187463028878
0	0.022333477609715
0	0.0151859203160976
0	0.0151859203160976
0	0.0151859203160976
0	0.0151859203160976
0	0.0151859203160976
0	0.0151859203160976
0	0.0151859203160976
0	0.0151859203160976
0	0.0151859203160976
0	0.0151859203160976
0	0.0151859203160976
0	0.227236089909665
0	0.0151859203160976
0	0.0151859203160976
0	0.79706286466382
0	0.0151859203160976
0	0.0151859203160976
0	0.0151859203160976
0	0.0151859203160976
0	0.0151859203160976
0	0.0151859203160976
0	0.0151859203160976
0	0.0151859203160976
0	0.0448764620351843
0	0.0151859203160976
0	0.029734751641269
0	0.169199249145118
0	0.0151859203160976
0	0.0151859203160976
0	0.0151859203160976
0	0.105584661043195
0	0.0151859203160976
0	0.0151859203160976
0	0.0151859203160976
0	0.022333477609715
0	0.0151859203160976
0	0.0218557887014495
0	0.0151859203160976
0	0.0151859203160976
0	0.022333477609715
0	0.0151859203160976
0	0.0151859203160976
0	0.0172395984186509
0	0.0151859203160976
0	0.0151859203160976
0	0.0168728279086945
0	0.0151859203160976
0	0.0151859203160976
0	0.0151859203160976
0	0.207105813160352
0	0.0151859203160976
0	0.0258510913394454
0	0.0269398164449716
0	0.0151859203160976
0	0.0151859203160976
0	0.0151859203160976
0	0.0151859203160976
0	0.0188991861273229
0	0.0151859203160976
0	0.0151859203160976
0	0.0151859203160976
0	0.0151859203160976
0	0.0151859203160976
0	0.0151859203160976
0	0.0151859203160976
0	0.0151859203160976
0	0.0151859203160976
0	0.0151859203160976
0	0.0151859203160976
0	0.0151859203160976
0	0.0151859203160976
0	0.0151859203160976
0	0.0214986308280172
0	0.0151859203160976
0	0.594423177943796
0	0.0236388313674094
0	0.0151859203160976
0	0.0151859203160976
0	0.015447839794277
0	0.0151859203160976
0	0.0151859203160976
0	0.0151859203160976
0	0.020870845986738
0	0.0151859203160976
0	0.0151859203160976
0	0.0151859203160976
0	0.0151859203160976
0	0.0794953823112347
0	0.0151859203160976
0	0.0169919749081021
0	0.015447839794277
0	0.0151859203160976
0	0.0151859203160976
0	0.0151859203160976
0	0.0151859203160976
0	0.0151859203160976
0	0.0151859203160976
0	0.0151859203160976
0	0.0151859203160976
0	0.0151859203160976
0	0.0151859203160976
0	0.0151859203160976
0	0.0151859203160976
0	0.0151859203160976
0	0.093899583594392
0	0.0151859203160976
0	0.0373913600939959
0	0.017443559242083
0	0.0151859203160976
0	0.0151859203160976
0	0.0151859203160976
0	0.273835448866975
0	0.0151859203160976
0	0.0473255872389972
0	0.0151859203160976
0	0.0151859203160976
0	0.0151859203160976
0	0.0151859203160976
0	0.0228157369698273
0	0.0151859203160976
0	0.0427251576427312
0	0.0151859203160976
0	0.0151859203160976
0	0.0165983715056392
0	0.0151859203160976
0	0.0151859203160976
0	0.0151859203160976
0	0.0151859203160976
0	0.0151859203160976
0	0.0151859203160976
0	0.0151859203160976
0	0.0164603021867793
0	0.0151859203160976
0	0.0151859203160976
0	0.0151859203160976
0	0.0151859203160976
0	0.0151859203160976
0	0.0151859203160976
0	0.0151859203160976
0	0.0151859203160976
0	0.0214986308280172
0	0.0151859203160976
0	0.0151859203160976
0	0.029700038396673
0	0.0151859203160976
0	0.0190123776911855
0	0.0172395984186509
0	0.0151859203160976
0	0.0151859203160976
0	0.252806392500375
0	0.02082064418625
0	0.0151859203160976
0	0.0504083466321809
0	0.0151859203160976
0	0.0151859203160976
0	0.0151859203160976
0	0.0188592168801051
0	0.0151859203160976
0	0.0151859203160976
0	0.0151859203160976
0	0.0151859203160976
0	0.0235598222356079
0	0.0281809078681871
0	0.0432672262576251
0	0.0151859203160976
0	0.0151859203160976
0	0.0172395984186509
0	0.0151859203160976
0	0.0205084708201722
0	0.224111756965029
0	0.0151859203160976
0	0.0151859203160976
0	0.0151859203160976
0	0.229499739932
0	0.0151859203160976
0	0.0321681944240338
0	0.0172395984186509
0	0.0151859203160976
0	0.0151859203160976
0	0.0151859203160976
0	0.0312884390345211
0	0.0221874497157982
0	0.0151859203160976
0	0.0151859203160976
0	0.0267044555905053
0	0.145883546437503
0	0.0151859203160976
0	0.0151859203160976
0	0.0151859203160976
0	0.414334535083975
0	0.0151859203160976
0	0.0351550695853969
0	0.0151859203160976
0	0.0151859203160976
0	0.0244557111277133
0	0.0151859203160976
0	0.0151859203160976
0	0.0151859203160976
0	0.0151859203160976
0	0.0151859203160976
0	0.0151859203160976
0	0.0151859203160976
0	0.0151859203160976
0	0.0151859203160976
0	0.0151859203160976
0	0.0201367188931694
0	0.027909892939278
0	0.0151859203160976
0	0.0312884390345211
0	0.0365699740176304
0	0.0151859203160976
0	0.0151859203160976
0	0.0151859203160976
0	0.0165984916585425
0	0.0151859203160976
0	0.0151859203160976
0	0.0151859203160976
0	0.0231669733399507
0	0.0172395984186509
0	0.0151859203160976
0	0.0151859203160976
0	0.0151859203160976
0	0.0151859203160976
0	0.0151859203160976
0	0.0151859203160976
0	0.026706969382502
0	0.0151859203160976
0	0.0391722718408319
0	0.0151859203160976
0	0.0151859203160976
0	0.0151859203160976
0	0.0151859203160976
0	0.0189281203826417
0	0.0151859203160976
0	0.0151859203160976
0	0.0151859203160976
0	0.031797943605638
0	0.0170905344382227
0	0.0154373882672692
0	0.0167718420023182
0	0.0151859203160976
0	0.0151859203160976
0	0.0554803707947281
0	0.0151859203160976
0	0.0151859203160976
0	0.0151859203160976
0	0.0165983715056392
0	0.021158502375162
0	0.0183356241707819
0	0.0151859203160976
0	0.0151859203160976
0	0.0151859203160976
0	0.0151859203160976
0	0.0151859203160976
0	0.0151859203160976
0	0.0172395984186509
0	0.0151859203160976
0	0.0206475496094173
0	0.318309569231889
0	0.0151859203160976
0	0.0151859203160976
0	0.0151859203160976
0	0.0151859203160976
0	0.0151859203160976
0	0.0151859203160976
0	0.0151859203160976
0	0.0151859203160976
0	0.0151859203160976
0	0.0151859203160976
0	0.0151859203160976
0	0.0347416994477151
0	0.0151859203160976
0	0.0151859203160976
0	0.0151859203160976
0	0.0151859203160976
0	0.0151859203160976
0	0.0151859203160976
0	0.0151859203160976
0	0.0172416966107872
0	0.0151859203160976
0	0.0151859203160976
0	0.0151859203160976
0	0.0151859203160976
0	0.0151859203160976
0	0.0151859203160976
0	0.0151859203160976
0	0.0151859203160976
0	0.0151859203160976
0	0.0154373882672692
0	0.0489191347816226
0	0.0151859203160976
0	0.0201367188931694
0	0.0757543404935127
0	0.292305452244774
0	0.0151859203160976
0	0.0339415075878242
0	0.176881986587032
0	0.532295208081845
0	0.0151859203160976
0	0.0473255872389972
0	0.0151859203160976
0	0.0172416966107872
0	0.0356114407385272
0	0.0345936951130896
0	0.0231669733399507
0	0.0151859203160976
0	0.018225253598791
0	0.0151859203160976
0	0.0151859203160976
0	0.0151859203160976
0	0.0151859203160976
0	0.0151859203160976
0	0.0151859203160976
0	0.0174244480026879
0	0.0172395984186509
0	0.0151859203160976
0	0.0383804628835451
0	0.0231669733399507
0	0.0151859203160976
0	0.0154373882672692
0	0.0151859203160976
0	0.0151859203160976
0	0.0257488849701372
0	0.0244557111277133
0	0.0169919749081021
0	0.0151859203160976
0	0.0165983715056392
0	0.0151859203160976
0	0.0151859203160976
0	0.0168842346010375
0	0.0231669733399507
0	0.0244557111277133
0	0.0151859203160976
0	0.0151859203160976
0	0.0151859203160976
0	0.0188991861273229
0	0.0151859203160976
0	0.0151859203160976
0	0.0234247780874128
0	0.0151859203160976
0	0.0151859203160976
0	0.0151859203160976
0	0.0172416966107872
0	0.0151859203160976
0	0.0151859203160976
0	0.0197964133473125
0	0.0151859203160976
0	0.0151859203160976
0	0.0559195981181931
0	0.0151859203160976
0	0.0151859203160976
0	0.0151859203160976
0	0.0151859203160976
0	0.0172395984186509
0	0.0190123776911855
0	0.0151859203160976
0	0.0172395984186509
0	0.0151859203160976
0	0.0312884390345211
0	0.0151859203160976
0	0.0183356241707819
0	0.0151859203160976
0	0.0151859203160976
0	0.0151859203160976
0	0.0154373882672692
0	0.0151859203160976
0	0.0151859203160976
0	0.0151859203160976
0	0.102961259103846
0	0.0151859203160976
0	0.0231669733399507
0	0.0460138681269219
0	0.0151859203160976
0	0.0151859203160976
0	0.0151859203160976
0	0.0151859203160976
0	0.0167718420023182
0	0.0151859203160976
0	0.0151859203160976
0	0.0151859203160976
0	0.0151859203160976
0	0.0263213499014803
0	0.0151859203160976
0	0.0151859203160976
0	0.0151859203160976
0	0.0151859203160976
0	0.0219237252516038
0	0.0151859203160976
0	0.0151859203160976
0	0.0151859203160976
0	0.0243558665205573
0	0.0151859203160976
0	0.0151859203160976
0	0.0151859203160976
0	0.0151859203160976
0	0.0151859203160976
0	0.0151859203160976
0	0.0151859203160976
0	0.0151859203160976
0	0.0151859203160976
0	0.0235598222356079
0	0.0151859203160976
0	0.0151859203160976
0	0.0151859203160976
0	0.0151859203160976
0	0.0151859203160976
0	0.0151859203160976
0	0.0151859203160976
0	0.0151859203160976
0	0.034304934318482
0	0.0151859203160976
0	0.0151859203160976
0	0.0151859203160976
0	0.0151859203160976
0	0.0151859203160976
0	0.0151859203160976
0	0.0151859203160976
0	0.0151859203160976
0	0.0151859203160976
0	0.0151859203160976
0	0.064619215591013
0	0.130832824855653
0	0.0151859203160976
0	0.0151859203160976
0	0.0151859203160976
0	0.0151859203160976
0	0.0303666435604388
0	0.0151859203160976
0	0.0513588653759629
0	0.0151859203160976
0	0.029734751641269
0	0.0151859203160976
0	0.0151859203160976
0	0.0151859203160976
0	0.0151859203160976
0	0.138678354049613
0	0.0151859203160976
0	0.0151859203160976
0	0.0151859203160976
0	0.017443559242083
0	0.0151859203160976
0	0.0235474417762792
0	0.0151859203160976
0	0.0151859203160976
0	0.0151859203160976
0	0.0151859203160976
0	0.0151859203160976
0	0.0151859203160976
0	0.0173403763842526
0	0.0151859203160976
0	0.0151859203160976
0	0.0183356241707819
0	0.0547388085557365
0	0.0151859203160976
0	0.0151859203160976
0	0.0151859203160976
0	0.0151859203160976
0	0.0151859203160976
0	0.0154373882672692
0	0.0151859203160976
0	0.0151859203160976
0	0.0345530196735857
0	0.0183356241707819
0	0.0151859203160976
0	0.0151859203160976
0	0.0151859203160976
0	0.0151859203160976
0	0.0151859203160976
0	0.0151859203160976
0	0.0151859203160976
0	0.0151859203160976
0	0.0151859203160976
0	0.0151859203160976
0	0.0341466645360579
0	0.0325074612948363
0	0.0151859203160976
0	0.0151859203160976
0	0.0151859203160976
0	0.0151859203160976
0	0.0311239324008775
0	0.0151859203160976
0	0.0151859203160976
0	0.0151859203160976
0	0.0151859203160976
0	0.0151859203160976
0	0.0151859203160976
0	0.0151859203160976
0	0.0151859203160976
0	0.0151859203160976
0	0.0151859203160976
0	0.0231669733399507
0	0.0151859203160976
0	0.0151859203160976
0	0.0151859203160976
0	0.0151859203160976
0	0.0194241100140717
0	0.0151859203160976
0	0.0201367188931694
0	0.0151859203160976
0	0.0169919749081021
0	0.0395667784332279
0	0.030668135610646
0	0.325317619665516
0	0.0151859203160976
0	0.0151859203160976
0	0.0151859203160976
0	0.0151859203160976
0	0.0151859203160976
0	0.0151859203160976
0	0.0151859203160976
0	0.0151859203160976
0	0.0243942598801905
0	0.0154373882672692
0	0.0190123776911855
0	0.0151859203160976
0	0.0151859203160976
0	0.0151859203160976
0	0.288025152136078
0	0.0151859203160976
0	0.0151859203160976
0	0.0235598222356079
0	0.0295445625069644
0	0.0151859203160976
0	0.0151859203160976
0	0.0151859203160976
0	0.0151859203160976
0	0.0151859203160976
0	0.0151859203160976
0	0.0151859203160976
0	0.0151859203160976
0	0.0171988103864075
0	0.0151859203160976
0	0.0151859203160976
0	0.0151859203160976
0	0.0151859203160976
0	0.034515576925223
0	0.0165983715056392
0	0.0175244686545336
0	0.0151859203160976
0	0.0151859203160976
0	0.0151859203160976
0	0.0151859203160976
0	0.0151859203160976
0	0.0151859203160976
0	0.0151859203160976
0	0.0151859203160976
0	0.0151859203160976
0	0.0296825555111656
0	0.0151859203160976
0	0.0151859203160976
0	0.0505453442613409
0	0.015447839794277
0	0.0151859203160976
0	0.0151859203160976
0	0.0151859203160976
0	0.0151859203160976
0	0.0151859203160976
0	0.0151859203160976
0	0.0151859203160976
0	0.0151859203160976
0	0.174727659157883
0	0.0151859203160976
0	0.0151859203160976
0	0.0151859203160976
0	0.0151859203160976
0	0.0151859203160976
0	0.0151859203160976
0	0.0151859203160976
0	0.0151859203160976
0	0.0363733856243136
0	0.0151859203160976
0	0.0151859203160976
0	0.020243719499007
0	0.0151859203160976
0	0.0534896208605416
0	0.0151859203160976
0	0.0173403763842526
0	0.0151859203160976
0	0.0154373882672692
0	0.0151859203160976
0	0.022844010121657
0	0.0151859203160976
0	0.0151859203160976
0	0.0231669733399507
0	0.0151859203160976
0	0.0517697336936069
0	0.0151859203160976
0	0.0850085615894677
0	0.0151859203160976
0	0.0151859203160976
0	0.0267136119180196
0	0.0165983715056392
0	0.0151859203160976
0	0.648363973932205
0	0.0151859203160976
0	0.022333477609715
0	0.0197964133473125
0	0.0151859203160976
0	0.0410584238553323
0	0.0151859203160976
0	0.0151859203160976
0	0.0151859203160976
0	0.0151859203160976
0	0.0151859203160976
0	0.0151859203160976
0	0.0151859203160976
0	0.0151859203160976
0	0.0151859203160976
0	0.0151859203160976
0	0.0151859203160976
0	0.0231669733399507
0	0.0151859203160976
0	0.614330638186863
0	0.0459141465826913
0	0.0151859203160976
0	0.0151859203160976
0	0.0151859203160976
0	0.0151859203160976
0	0.0188991861273229
0	0.0151859203160976
0	0.0941190905651718
0	0.0201367188931694
0	0.0151859203160976
0	0.0231669733399507
0	0.0151859203160976
0	0.0267184504842078
0	0.0151859203160976
0	0.0151859203160976
0	0.0151859203160976
0	0.0151859203160976
0	0.0151859203160976
0	0.0151859203160976
0	0.0172395984186509
0	0.0151859203160976
0	0.0151859203160976
0	0.0151859203160976
0	0.0151859203160976
0	0.0151859203160976
0	0.0290802562570371
0	0.181599243230137
0	0.0151859203160976
0	0.0151859203160976
0	0.0151859203160976
0	0.0471261001043437
0	0.0151859203160976
0	0.0151859203160976
0	0.0151859203160976
0	0.0151859203160976
0	0.0151859203160976
0	0.0151859203160976
0	0.0151859203160976
0	0.0151859203160976
0	0.0151859203160976
0	0.0163284235429432
0	0.0151859203160976
0	0.0151859203160976
0	0.0151859203160976
0	0.0457584859029009
0	0.0151859203160976
0	0.0151859203160976
0	0.0151859203160976
0	0.0151859203160976
0	0.0151859203160976
0	0.0151859203160976
0	0.0151859203160976
0	0.0151859203160976
0	0.459905276401394
0	0.0151859203160976
0	0.0154373882672692
0	0.0201367188931694
0	0.0151859203160976
0	0.0192874553874138
0	0.0151859203160976
0	0.0151859203160976
0	0.0479528356915347
0	0.0151859203160976
0	0.0151859203160976
0	0.0151859203160976
0	0.0151859203160976
0	0.428011390279448
0	0.0347458524686782
0	0.0151859203160976
0	0.0188416984816943
0	0.0197988164543976
0	0.0151859203160976
0	0.0332819036855265
0	0.0423156888878625
0	0.0267136119180196
0	0.0151859203160976
0	0.0151859203160976
0	0.0172395984186509
0	0.0151859203160976
0	0.0151859203160976
0	0.0151859203160976
0	0.0151859203160976
0	0.0151859203160976
0	0.0151859203160976
0	0.0151859203160976
0	0.0151859203160976
0	0.0151859203160976
0	0.0151859203160976
0	0.0151859203160976
0	0.0151859203160976
0	0.0151859203160976
0	0.0172395984186509
0	0.0151859203160976
0	0.0151859203160976
0	0.0151859203160976
0	0.97042033204862
0	0.0151859203160976
0	0.0151859203160976
0	0.0151859203160976
0	0.0151859203160976
0	0.0151859203160976
0	0.0151859203160976
0	0.0151859203160976
0	0.0183356241707819
0	0.0151859203160976
0	0.0151859203160976
0	0.0151859203160976
0	0.0151859203160976
0	0.0151859203160976
0	0.0151859203160976
0	0.0151859203160976
0	0.0189281203826417
0	0.0151859203160976
0	0.0151859203160976
0	0.025805490997449
0	0.0151859203160976
0	0.593481907026454
0	0.0151859203160976
0	0.0235598222356079
0	0.0151859203160976
0	0.0151859203160976
0	0.0151859203160976
0	0.0151859203160976
0	0.0151859203160976
0	0.0151859203160976
0	0.0172395984186509
0	0.339911883259352
0	0.07085614152105
0	0.0151859203160976
0	0.0151859203160976
0	0.148219530785742
0	0.0167718420023182
0	0.0188394093132392
0	0.0151859203160976
0	0.0151859203160976
0	0.0151859203160976
0	0.0151859203160976
0	0.0151859203160976
0	0.0151859203160976
0	0.0151859203160976
0	0.0344005618800963
0	0.0151859203160976
0	0.0544715101646883
0	0.0151859203160976
0	0.0151859203160976
0	0.0151859203160976
0	0.0151859203160976
0	0.0151859203160976
0	0.0151859203160976
0	0.0151859203160976
0	0.0151859203160976
0	0.0151859203160976
0	0.0933974096978729
0	0.0151859203160976
0	0.099727379156143
0	0.0151859203160976
0	0.0151859203160976
0	0.0172395984186509
0	0.0243942598801905
0	0.0151859203160976
0	0.0151859203160976
0	0.0151859203160976
0	0.0151859203160976
0	0.0151859203160976
0	0.0151859203160976
0	0.363255389739294
0	0.0151859203160976
0	0.0151859203160976
0	0.0717291017830933
0	0.0151859203160976
0	0.0151859203160976
0	0.0151859203160976
0	0.0151859203160976
0	0.0151859203160976
0	0.0151859203160976
0	0.0196795915474275
0	0.0151859203160976
0	0.0169919749081021
0	0.0267184504842078
0	0.0151859203160976
0	0.0151859203160976
0	0.0201367188931694
0	0.0151859203160976
0	0.0190123776911855
0	0.0169919749081021
0	0.0151859203160976
0	0.0151859203160976
0	0.0172395984186509
0	0.0151859203160976
0	0.0151859203160976
0	0.0151859203160976
0	0.0151859203160976
0	0.0151859203160976
0	0.0151859203160976
0	0.0231669733399507
0	0.0151859203160976
0	0.0169919749081021
0	0.0151859203160976
0	0.0151859203160976
0	0.0151859203160976
0	0.0151859203160976
0	0.0151859203160976
0	0.0151859203160976
0	0.0165983715056392
0	0.0151859203160976
0	0.0151859203160976
0	0.0172395984186509
0	0.0151859203160976
0	0.0151859203160976
0	0.0175266008992527
0	0.0151859203160976
0	0.0151859203160976
0	0.0151859203160976
0	0.0151859203160976
0	0.0151859203160976
0	0.0172416966107872
0	0.0151859203160976
0	0.0172416966107872
0	0.0151859203160976
0	0.0151859203160976
0	0.0151859203160976
0	0.0151859203160976
0	0.0151859203160976
0	0.0151859203160976
0	0.0151859203160976
0	0.0151859203160976
0	0.0151859203160976
0	0.0242879408455734
0	0.0151859203160976
0	0.0151859203160976
0	0.0151859203160976
0	0.0190123776911855
0	0.0186382618563942
0	0.0151859203160976
0	0.848367547058685
0	0.0151859203160976
0	0.0151859203160976
0	0.0151859203160976
0	0.0151859203160976
0	0.0183356241707819
0	0.0487578723889613
0	0.0151859203160976
0	0.0151859203160976
0	0.0151859203160976
0	0.0154373882672692
0	0.0151859203160976
0	0.0536368070662442
0	0.0151859203160976
0	0.0151859203160976
0	0.0151859203160976
0	0.0151859203160976
0	0.0831544556763875
0	0.0151859203160976
0	0.0151859203160976
0	0.0151859203160976
0	0.0151859203160976
0	0.016676709331026
0	0.591811384266069
0	0.0151859203160976
0	0.0151859203160976
0	0.594624017744196
0	0.0151859203160976
0	0.030668135610646
0	0.0151859203160976
0	0.0377521215132093
0	0.789154197667118
0	0.0151859203160976
0	0.0151859203160976
0	0.0151859203160976
0	0.0151859203160976
0	0.0151859203160976
0	0.029734751641269
0	0.0165983715056392
0	0.0151859203160976
0	0.0151859203160976
0	0.0151859203160976
0	0.0151859203160976
0	0.0673159157794031
0	0.0151859203160976
0	0.0201367188931694
0	0.0151859203160976
0	0.0151859203160976
0	0.0221160350507612
0	0.0151859203160976
0	0.0235598222356079
0	0.0151859203160976
0	0.0151859203160976
0	0.0151859203160976
0	0.0151859203160976
0	0.0151859203160976
0	0.0517968673793536
0	0.0312884390345211
0	0.204968885919746
0	0.0151859203160976
0	0.0151859203160976
0	0.0244557111277133
0	0.30306325410503
0	0.0151859203160976
0	0.0231669733399507
0	0.0509069275465862
0	0.024119163991133
0	0.0352938535906381
0	0.0151859203160976
0	0.0151859203160976
0	0.030668135610646
0	0.663991153781451
0	0.0151859203160976
0	0.0152741668582129
0	0.352646000660215
0	0.0151859203160976
0	0.0151859203160976
0	0.0206497684609167
0	0.0151859203160976
0	0.0151859203160976
0	0.0151859203160976
0	0.0151859203160976
0	0.0167718420023182
0	0.0151859203160976
0	0.0466827792406796
0	0.0151859203160976
0	0.0151859203160976
0	0.0151859203160976
0	0.0151859203160976
0	0.0151859203160976
0	0.0244557111277133
0	0.0151859203160976
0	0.0228157369698273
0	0.279297491554963
0	0.0151859203160976
0	0.0151859203160976
0	0.225501843708544
0	0.0151859203160976
0	0.0151859203160976
0	0.0151859203160976
0	0.0151859203160976
0	0.0151859203160976
0	0.0151859203160976
0	0.0151859203160976
0	0.0151859203160976
0	0.0151859203160976
0	0.0151859203160976
0	0.0151859203160976
0	0.0151859203160976
0	0.0151859203160976
0	0.0151859203160976
0	0.0151859203160976
0	0.0151859203160976
0	0.0175244686545336
0	0.0151859203160976
0	0.0151859203160976
0	0.0151859203160976
0	0.0151859203160976
0	0.0151859203160976
0	0.0284274352077219
0	0.0151859203160976
0	0.022333477609715
0	0.0151859203160976
0	0.0235598222356079
0	0.0151859203160976
0	0.0151859203160976
0	0.0151859203160976
0	0.0151859203160976
0	0.0169919749081021
0	0.0151859203160976
0	0.0151859203160976
0	0.0151859203160976
0	0.0151859203160976
0	0.0151859203160976
0	0.0151859203160976
0	0.0151859203160976
0	0.0151859203160976
0	0.0309784231541319
0	0.015447839794277
0	0.204971691112098
0	0.0151859203160976
0	0.0151859203160976
0	0.0151859203160976
0	0.0151859203160976
0	0.0151859203160976
0	0.0151859203160976
0	0.0151859203160976
0	0.0151859203160976
0	0.0151859203160976
0	0.0154373882672692
0	0.0151859203160976
0	0.0151859203160976
0	0.0151859203160976
0	0.0151859203160976
0	0.029734751641269
0	0.0151859203160976
0	0.0244557111277133
0	0.0151859203160976
0	0.109542257289818
0	0.0151859203160976
0	0.0151859203160976
0	0.0151859203160976
0	0.493409565483203
0	0.0151859203160976
0	0.0151859203160976
0	0.0151859203160976
0	0.0151859203160976
0	0.0151859203160976
0	0.0151859203160976
0	0.0151859203160976
0	0.0151859203160976
0	0.0615847053031178
0	0.0774402657513491
0	0.0151859203160976
0	0.0151859203160976
0	0.0151859203160976
0	0.0151859203160976
0	0.0404589672683253
0	0.0151859203160976
0	0.0190123776911855
0	0.0151859203160976
0	0.0151859203160976
0	0.0383039393760704
0	0.0527097960515119
0	0.0151859203160976
0	0.0172395984186509
0	0.0206316737977753
0	0.0960633908886175
0	0.0151859203160976
0	0.0151859203160976
0	0.0151859203160976
0	0.0262711821618667
0	0.0151859203160976
0	0.0151859203160976
0	0.0364975904110444
0	0.0151859203160976
0	0.0151859203160976
0	0.0178125608451407
0	0.0151859203160976
0	0.0151859203160976
0	0.0151859203160976
0	0.0151859203160976
0	0.0151859203160976
0	0.0151859203160976
0	0.0151859203160976
0	0.0151859203160976
0	0.0151859203160976
0	0.0151859203160976
0	0.0151859203160976
0	0.0151859203160976
0	0.0151859203160976
0	0.0631789464840992
0	0.035722320531301
0	0.0151859203160976
0	0.0151859203160976
0	0.0231669733399507
0	0.0151859203160976
0	0.107077229652133
0	0.0594279535865847
0	0.0733309720000022
0	0.0463566036640606
0	0.0151859203160976
0	0.0172395984186509
0	0.0151859203160976
0	0.0151859203160976
0	0.0384052771168129
0	0.0151859203160976
0	0.0165983715056392
0	0.0151859203160976
0	0.0151859203160976
0	0.0151859203160976
0	0.0151859203160976
0	0.0228012249889344
0	0.0151859203160976
0	0.0151859203160976
0	0.0151859203160976
0	0.0151859203160976
0	0.253155102341723
0	0.0151859203160976
0	0.0151859203160976
0	0.0151859203160976
0	0.0151859203160976
0	0.0151859203160976
0	0.0207813188858196
0	0.0151859203160976
0	0.0151859203160976
0	0.0151859203160976
0	0.0151859203160976
0	0.267283316778684
0	0.0151859203160976
0	0.0151859203160976
0	0.0151859203160976
0	0.0151859203160976
0	0.0151859203160976
0	0.0151859203160976
0	0.0175244686545336
0	0.0151859203160976
0	0.0151859203160976
0	0.0165983715056392
0	0.0151859203160976
0	0.0151859203160976
0	0.0151859203160976
0	0.0593150466565857
0	0.0151859203160976
0	0.0151859203160976
0	0.0151859203160976
0	0.0151859203160976
0	0.0151859203160976
0	0.0151859203160976
0	0.0215661127341559
0	0.029734751641269
0	0.0151859203160976
0	0.0151859203160976
0	0.0151859203160976
0	0.0722594475816408
0	0.0151859203160976
0	0.0190123776911855
0	0.0151859203160976
0	0.0165983715056392
0	0.0151859203160976
0	0.0212636852494279
0	0.0151859203160976
0	0.0151859203160976
0	0.022333477609715
0	0.0955790288506788
0	0.0151859203160976
0	0.0438353323567706
0	0.0151859203160976
0	0.0172395984186509
0	0.318996812923653
0	0.0151859203160976
0	0.0151859203160976
0	0.0151859203160976
0	0.0151859203160976
0	0.0151859203160976
0	0.0151859203160976
0	0.0151859203160976
0	0.0235598222356079
0	0.0231669733399507
0	0.0151859203160976
0	0.0151859203160976
0	0.0151859203160976
0	0.0151859203160976
0	0.0151859203160976
0	0.0151859203160976
0	0.0151859203160976
0	0.0538830517706435
0	0.0151859203160976
0	0.0151859203160976
0	0.0151859203160976
0	0.0197988164543976
0	0.0616543759652539
0	0.0151859203160976
0	0.0151859203160976
0	0.0194538319816055
0	0.0151859203160976
0	0.0151859203160976
0	0.0151859203160976
0	0.0186877088603555
0	0.0224623117941883
0	0.0151859203160976
0	0.0151859203160976
0	0.0257172938840737
0	0.0151859203160976
0	0.0151859203160976
0	0.0151859203160976
0	0.0151859203160976
0	0.0151859203160976
0	0.0151859203160976
0	0.0151859203160976
0	0.0151859203160976
0	0.0151859203160976
0	0.0154373882672692
0	0.124881081363484
0	0.0151859203160976
0	0.0322963853339434
0	0.0151859203160976
0	0.0151859203160976
0	0.0151859203160976
0	0.0151859203160976
0	0.0151859203160976
0	0.0151859203160976
0	0.0151859203160976
0	0.0151859203160976
0	0.0151859203160976
0	0.0172416966107872
0	0.0151859203160976
0	0.022333477609715
0	0.0151859203160976
0	0.0151859203160976
0	0.0151859203160976
0	0.0151859203160976
0	0.0151859203160976
0	0.0151859203160976
0	0.0151859203160976
0	0.0151859203160976
0	0.0151859203160976
0	0.0151859203160976
0	0.0151859203160976
0	0.0151859203160976
0	0.0151859203160976
0	0.0190123776911855
0	0.0151859203160976
0	0.0151859203160976
0	0.0151859203160976
0	0.0151859203160976
0	0.0183356241707819
0	0.0151859203160976
0	0.0151859203160976
0	0.0151859203160976
0	0.0151859203160976
0	0.0151859203160976
0	0.0151859203160976
0	0.0151859203160976
0	0.0151859203160976
0	0.0151859203160976
0	0.764494698659564
0	0.0151859203160976
0	0.0211442234284996
0	0.0151859203160976
0	0.0151859203160976
0	0.0151859203160976
0	0.0151859203160976
0	0.0151859203160976
0	0.0151859203160976
0	0.0151859203160976
0	0.0154373882672692
0	0.0151859203160976
0	0.0151859203160976
0	0.0151859203160976
0	0.0151859203160976
0	0.0151859203160976
0	0.0151859203160976
0	0.0151859203160976
0	0.026706969382502
0	0.0235474417762792
0	0.0151859203160976
0	0.0151859203160976
0	0.0151859203160976
0	0.0151859203160976
0	0.0151859203160976
0	0.0151859203160976
0	0.0151859203160976
0	0.0151859203160976
0	0.0151859203160976
0	0.0321819456326142
0	0.0151859203160976
0	0.0151859203160976
0	0.0151859203160976
0	0.0151859203160976
0	0.0151859203160976
0	0.0456635495807225
0	0.0151859203160976
0	0.0151859203160976
0	0.0178125608451407
0	0.0151859203160976
0	0.0151859203160976
0	0.0151859203160976
0	0.0151859203160976
0	0.0151859203160976
0	0.0151859203160976
0	0.0151859203160976
0	0.0151859203160976
0	0.0151859203160976
0	0.0151859203160976
0	0.0151859203160976
0	0.0151859203160976
0	0.0151859203160976
0	0.0151859203160976
0	0.287752403023755
0	0.0151859203160976
0	0.0428460903063346
0	0.0215721941446745
0	0.0151859203160976
0	0.0172395984186509
0	0.0151859203160976
0	0.0151859203160976
0	0.0151859203160976
0	0.0151859203160976
0	0.0312884390345211
0	0.0255951239712308
0	0.0420233385360133
0	0.0151859203160976
0	0.0151859203160976
0	0.0151859203160976
0	0.0201367188931694
0	0.0151859203160976
0	0.0151859203160976
0	0.0151859203160976
0	0.0154373882672692
0	0.0151859203160976
0	0.0151859203160976
0	0.0151859203160976
0	0.0154373882672692
0	0.0151859203160976
0	0.0151859203160976
0	0.0151859203160976
0	0.772652474544478
0	0.0151859203160976
0	0.0151859203160976
0	0.0151859203160976
0	0.0151859203160976
0	0.0151859203160976
0	0.0151859203160976
0	0.0201367188931694
0	0.0151859203160976
0	0.0151859203160976
0	0.0151859203160976
0	0.0327894732954567
0	0.0163284235429432
0	0.0201367188931694
0	0.065716446602428
0	0.0151859203160976
0	0.0151859203160976
0	0.0151859203160976
0	0.0151859203160976
0	0.0151859203160976
0	0.0151859203160976
0	0.0151859203160976
0	0.0221167312240881
0	0.0151859203160976
0	0.0151859203160976
0	0.0151859203160976
0	0.0278959070940764
0	0.0151859203160976
0	0.0172395984186509
0	0.96432480900896
0	0.103419098259454
0	0.0211373791653173
0	0.0406090929597367
0	0.0151859203160976
0	0.0151859203160976
0	0.0151859203160976
0	0.0151859203160976
0	0.0151859203160976
0	0.13859538090903
0	0.0151859203160976
0	0.0151859203160976
0	0.0165983715056392
0	0.0151859203160976
0	0.113966420271195
0	0.0151859203160976
0	0.0151859203160976
0	0.0151859203160976
0	0.0151859203160976
0	0.0151859203160976
0	0.0151859203160976
0	0.0227005757492992
0	0.0151859203160976
0	0.0151859203160976
0	0.0151859203160976
0	0.0231669733399507
0	0.0151859203160976
0	0.0151859203160976
0	0.242289489979293
0	0.0151859203160976
0	0.0212636852494279
0	0.0151859203160976
0	0.0151859203160976
0	0.0151859203160976
0	0.0151859203160976
0	0.022333477609715
0	0.0165983715056392
0	0.0151859203160976
0	0.029734751641269
0	0.0151859203160976
0	0.0151859203160976
0	0.0151859203160976
0	0.0151859203160976
0	0.0151859203160976
0	0.0151859203160976
0	0.0151859203160976
0	0.0437748341023577
0	0.0151859203160976
0	0.0151859203160976
0	0.0151859203160976
0	0.0151859203160976
0	0.0151859203160976
0	0.0151859203160976
0	0.0151859203160976
0	0.0151859203160976
0	0.0151859203160976
0	0.0151859203160976
0	0.0151859203160976
0	0.0151859203160976
0	0.0151859203160976
0	0.0151859203160976
0	0.0165983715056392
0	0.0151859203160976
0	0.0151859203160976
0	0.0151859203160976
0	0.0231669733399507
0	0.0151859203160976
0	0.0172395984186509
0	0.0151859203160976
0	0.0215661127341559
0	0.0151859203160976
0	0.0938566850865185
0	0.141704464333678
0	0.365301979426867
0	0.0151859203160976
0	0.0151859203160976
0	0.267819305491
0	0.0151859203160976
0	0.0151859203160976
0	0.0151859203160976
0	0.0151859203160976
0	0.0151859203160976
0	0.0151859203160976
0	0.332371843237845
0	0.0151859203160976
0	0.0151859203160976
0	0.0303657390741459
0	0.0151859203160976
0	0.0151859203160976
0	0.0165983715056392
0	0.136501801209782
0	0.0151859203160976
0	0.33490272888361
0	0.0151859203160976
0	0.0151859203160976
0	0.0215721941446745
0	0.0151859203160976
0	0.0151859203160976
0	0.0151859203160976
0	0.0151859203160976
0	0.0253026744931485
0	0.0154373882672692
0	0.0151859203160976
0	0.0172395984186509
0	0.0151859203160976
0	0.0231669733399507
0	0.0151859203160976
0	0.0151859203160976
0	0.0151859203160976
0	0.0151859203160976
0	0.0165983715056392
0	0.0151859203160976
0	0.0151859203160976
0	0.0151859203160976
0	0.0151859203160976
0	0.0151859203160976
0	0.0151859203160976
0	0.0151859203160976
0	0.140931515366623
0	0.0154373882672692
0	0.0151859203160976
0	0.0165983715056392
0	0.0151859203160976
0	0.0151859203160976
0	0.0946818443291697
0	0.0424862782647649
0	0.0229379782369749
0	0.0165983715056392
0	0.0197964133473125
0	0.0151859203160976
0	0.0277310386359703
0	0.0151859203160976
0	0.0151859203160976
0	0.0154373882672692
0	0.0151859203160976
0	0.0151859203160976
0	0.0151859203160976
0	0.0151859203160976
0	0.0151859203160976
0	0.0151859203160976
0	0.0151859203160976
0	0.0195678649636206
0	0.0151859203160976
0	0.032334070387226
0	0.0151859203160976
0	0.0151859203160976
0	0.118705588402194
0	0.0151859203160976
0	0.0151859203160976
0	0.0151859203160976
0	0.0154373882672692
0	0.0151859203160976
0	0.212252559286477
0	0.0151859203160976
0	0.0151859203160976
0	0.0151859203160976
0	0.041739061045388
0	0.0151859203160976
0	0.0151859203160976
0	0.0151859203160976
0	0.0151859203160976
0	0.0151859203160976
0	0.0151859203160976
0	0.0151859203160976
0	0.0151859203160976
0	0.0151859203160976
0	0.0151859203160976
0	0.0151859203160976
0	0.0151859203160976
0	0.0151859203160976
0	0.0151859203160976
0	0.0151859203160976
0	0.0151859203160976
0	0.0151859203160976
0	0.0165983715056392
0	0.0151859203160976
0	0.0233929068478024
0	0.0151859203160976
0	0.0151859203160976
0	0.0222280009774726
0	0.0151859203160976
0	0.0151859203160976
0	0.0151859203160976
0	0.0221160350507612
0	0.0151859203160976
0	0.0151859203160976
0	0.0151859203160976
0	0.0151859203160976
0	0.112109384153422
0	0.143184897329284
0	0.0151859203160976
0	0.0172416966107872
0	0.0151859203160976
0	0.0151859203160976
0	0.0151859203160976
0	0.0151859203160976
0	0.822711592449122
0	0.0253026744931485
0	0.0151859203160976
0	0.0151859203160976
0	0.0151859203160976
0	0.0151859203160976
0	0.0151859203160976
0	0.0151859203160976
0	0.0151859203160976
0	0.0151859203160976
0	0.0151859203160976
0	0.0151859203160976
0	0.0151859203160976
0	0.0151859203160976
0	0.0151859203160976
0	0.0151859203160976
0	0.0151859203160976
0	0.030668135610646
0	0.022333477609715
0	0.0151859203160976
0	0.0151859203160976
0	0.0151859203160976
0	0.0151859203160976
0	0.0151859203160976
0	0.0151859203160976
0	0.0151859203160976
