1	0.819543881607316
1	0.960210008422991
1	0.978730635548267
1	0.878077606359784
1	0.361360827036012
1	0.8382157202237
1	0.911224076022157
1	0.97503147042349
1	0.856043132099532
1	0.783300359770311
1	0.93005036743639
1	0.835903787715219
1	0.918393032240317
1	0.800722695669927
1	0.95239841427941
1	0.0564240891757219
1	0.0208897040508523
1	0.76715902012987
1	0.962477814479978
1	0.794578103302733
1	0.959345865840353
1	0.0158594455715292
1	0.970160439877236
1	0.699983742693593
1	0.0158594455715292
1	0.796469395398061
1	0.959735159592801
1	0.962196883927864
1	0.285702396782753
1	0.850932881864572
1	0.67014261409969
1	0.686971903102799
1	0.904022798270298
1	0.945698629014676
1	0.943146338112389
1	0.246512785776234
1	0.333899193658949
1	0.669978318925477
1	0.281262770553279
1	0.970943684313448
1	0.595612515931222
1	0.0262736527298076
1	0.782613727574108
1	0.950106392048473
1	0.699262371394538
1	0.197893152000066
1	0.686092582832157
1	0.909912556493237
1	0.0158594455715292
1	0.952282112087876
1	0.967376072001791
1	0.0158594455715292
1	0.753431983054739
1	0.100311464003066
1	0.894085924590887
1	0.984903159256011
1	0.0158594455715292
1	0.624458032780559
1	0.631634721199099
1	0.873682553914175
1	0.899169203178188
1	0.947644277958337
1	0.0513192811636976
1	0.973195253011779
1	0.781601790413104
1	0.86502841204556
1	0.280941078278604
1	0.930741331556657
1	0.766577251732257
1	0.0158594455715292
1	0.846734480833815
1	0.0158594455715292
1	0.976482508052883
1	0.901925305470765
1	0.922310254152495
1	0.990708736574262
1	0.961000499395102
1	0.992003965287471
1	0.939695021334525
1	0.864751942145139
1	0.977173141619952
1	0.745524747663438
1	0.964231635021518
1	0.870033675826622
1	0.762882167366309
1	0.938296000472133
1	0.799742438639169
1	0.915888201292743
1	0.862747464985185
1	0.943532904855337
1	0.568409502316779
1	0.800823069471397
1	0.860490616044006
1	0.793033845900573
1	0.97559401283863
1	0.946028563306991
1	0.512114647639713
1	0.940912862793287
1	0.932168422147565
1	0.059079685547821
1	0.937817733566462
1	0.0158594455715292
1	0.800558385113305
1	0.967905206349218
1	0.505929992606539
1	0.942453404111485
1	0.0240322001587496
1	0.462682782765816
1	0.69176224475362
1	0.931259182089342
1	0.901957766776902
1	0.620885488518512
1	0.913171485656124
1	0.0338326167391314
1	0.917118138553103
1	0.845494842113781
1	0.986561551360824
1	0.919385933658275
1	0.939567113998537
1	0.231397450127217
1	0.664618557982983
1	0.0808941730537821
1	0.818571979753165
1	0.92841056765353
1	0.837859793540588
1	0.0158594455715292
1	0.901636521528707
1	0.93262427335654
1	0.90912690425828
1	0.0169244267320769
1	0.954669833208141
1	0.0158594455715292
1	0.717426188471087
1	0.0330938720045161
1	0.859960623713753
1	0.0416996421717239
1	0.0892504687824021
1	0.951064923758601
1	0.976658754942643
1	0.85595004708296
1	0.913768764991856
1	0.474999065260089
1	0.764697076228214
1	0.883436056243488
1	0.261459911074399
1	0.876750966395222
1	0.858490130613309
1	0.642861306667756
1	0.0158594455715292
1	0.781954567460191
1	0.956372581538297
1	0.0157828514502912
1	0.482119474302827
1	0.197893152000066
1	0.956997792438421
1	0.730839260316536
1	0.858973016434214
1	0.0488986509900253
1	0.631634721199099
1	0.921181241650799
1	0.943108500742199
1	0.886836841495589
1	0.826294719908078
1	0.813057922848589
1	0.610950348276935
1	0.985782709552649
1	0.927377641125927
1	0.0369838201267555
1	0.764574984404299
1	0.95850546893034
1	0.626730168161688
1	0.92120309498215
1	0.897416508704787
1	0.866753296338455
1	0.762882167366309
1	0.0441670472907132
1	0.900702780971382
1	0.932754782088414
1	0.794389930878403
1	0.0564222148934929
1	0.908389874439998
1	0.482119474302827
1	0.653158778344574
1	0.893089600403642
1	0.816888229773154
1	0.971674313342881
1	0.938445921645712
1	0.842676462258263
1	0.877876316813553
1	0.957287021642246
1	0.574905097159566
1	0.929076997626871
1	0.948125189059744
1	0.86453532633559
1	0.990744936812952
1	0.842190390956006
1	0.854292087694736
1	0.882487290578526
1	0.89808905225402
1	0.943617620617704
0	0.0158594455715292
0	0.0158594455715292
0	0.0158594455715292
0	0.0144996504674108
0	0.0158594455715292
0	0.0158594455715292
0	0.0158594455715292
0	0.0158594455715292
0	0.0158594455715292
0	0.0158594455715292
0	0.0158594455715292
0	0.0158594455715292
0	0.0158594455715292
0	0.0158594455715292
0	0.0158594455715292
0	0.0318916341995986
0	0.0158594455715292
0	0.0158594455715292
0	0.0275089215327523
0	0.0158594455715292
0	0.897775078406729
0	0.0158594455715292
0	0.0158594455715292
0	0.0131916217616834
0	0.0158594455715292
0	0.0158594455715292
0	0.0158594455715292
0	0.0415281959146984
0	0.0240322001587496
0	0.0158594455715292
0	0.0158594455715292
0	0.0158594455715292
0	0.0186164194186128
0	0.0158594455715292
0	0.0158594455715292
0	0.0158594455715292
0	0.0240322001587496
0	0.820703261696797
0	0.0158594455715292
0	0.0296585953896036
0	0.0158594455715292
0	0.0235286401310521
0	0.0158594455715292
0	0.0245171867636209
0	0.0158594455715292
0	0.0158594455715292
0	0.665553732894132
0	0.0158594455715292
0	0.0158594455715292
0	0.0158594455715292
0	0.0158594455715292
0	0.349679630137784
0	0.0158594455715292
0	0.0158594455715292
0	0.0196108908818493
0	0.0158594455715292
0	0.0158594455715292
0	0.558175590353573
0	0.0240322001587496
0	0.0158594455715292
0	0.0158594455715292
0	0.0275089215327523
0	0.0158594455715292
0	0.0220435881881461
0	0.0151253929307669
0	0.0158594455715292
0	0.0158594455715292
0	0.0158594455715292
0	0.00494264538052389
0	0.0158689258447663
0	0.0158594455715292
0	0.0133682649297788
0	0.015052289737181
0	0.0158594455715292
0	0.01209618680066
0	0.0158594455715292
0	0.0158594455715292
0	0.0158594455715292
0	0.0158594455715292
0	0.0170064651863393
0	0.0158594455715292
0	0.0158594455715292
0	0.0158594455715292
0	0.0158594455715292
0	0.0111431737912734
0	0.0158594455715292
0	0.0158594455715292
0	0.0213691010409685
0	0.0158594455715292
0	0.0200688716814103
0	0.0158594455715292
0	0.0158594455715292
0	0.0158594455715292
0	0.0158594455715292
0	0.124539638234249
0	0.0158594455715292
0	0.0158594455715292
0	0.027667518476585
0	0.0138276514800675
0	0.0158594455715292
0	0.0158594455715292
0	0.0240322001587496
0	0.0158594455715292
0	0.0158594455715292
0	0.0158594455715292
0	0.0158594455715292
0	0.0157828514502912
0	0.0145370380050415
0	0.0158594455715292
0	0.0158594455715292
0	0.0262736527298076
0	0.0138409441729003
0	0.0158594455715292
0	0.0158594455715292
0	0.0158594455715292
0	0.0158594455715292
0	0.0158594455715292
0	0.0240322001587496
0	0.0158594455715292
0	0.0158594455715292
0	0.0213691010409685
0	0.0199314420668702
0	0.0158594455715292
0	0.0158689258447663
0	0.0158594455715292
0	0.0158594455715292
0	0.0158594455715292
0	0.0158594455715292
0	0.0419361491789071
0	0.0158594455715292
0	0.0240322001587496
0	0.0158594455715292
0	0.0158594455715292
0	0.0283369315069062
0	0.0158594455715292
0	0.0240322001587496
0	0.0158594455715292
0	0.0158594455715292
0	0.0196108908818493
0	0.0158594455715292
0	0.0192770428910456
0	0.369849916418747
0	0.0158594455715292
0	0.0158594455715292
0	0.0158594455715292
0	0.0158594455715292
0	0.0158594455715292
0	0.0382559534586444
0	0.0158594455715292
0	0.0158594455715292
0	0.0158594455715292
0	0.0240322001587496
0	0.0158594455715292
0	0.0663195843714427
0	0.0158594455715292
0	0.0158594455715292
0	0.0158594455715292
0	0.0158594455715292
0	0.0203427515891384
0	0.0158594455715292
0	0.0156579017232986
0	0.0145370380050415
0	0.0158594455715292
0	0.0158594455715292
0	0.0158594455715292
0	0.0158594455715292
0	0.0158594455715292
0	0.0158594455715292
0	0.0158594455715292
0	0.00647401114717307
0	0.0354185636602218
0	0.0158594455715292
0	0.0158594455715292
0	0.0177264046309212
0	0.0158594455715292
0	0.0236359686371463
0	0.0158594455715292
0	0.0158594455715292
0	0.0158594455715292
0	0.0158594455715292
0	0.0158594455715292
0	0.0158594455715292
0	0.0158594455715292
0	0.0451490255279512
0	0.0158594455715292
0	0.0389039291380449
0	0.0158594455715292
0	0.021381803255644
0	0.0262736527298076
0	0.0158594455715292
0	0.0158594455715292
0	0.0158594455715292
0	0.0158594455715292
0	0.0158594455715292
0	0.0213691010409685
0	0.0158594455715292
0	0.0158594455715292
0	0.0158594455715292
0	0.0158594455715292
0	0.0158594455715292
0	0.0155899308043433
0	0.0158594455715292
0	0.0158594455715292
0	0.0324191168464218
0	0.0196108908818493
0	0.0158594455715292
0	0.0196108908818493
0	0.0158594455715292
0	0.0158594455715292
0	0.0158594455715292
0	0.0415841127171981
0	0.0158594455715292
0	0.010273927698563
0	0.0652423302427095
0	0.0158594455715292
0	0.0158594455715292
0	0.0158594455715292
0	0.0158594455715292
0	0.0158594455715292
0	0.0158594455715292
0	0.0257548379586868
0	0.0158594455715292
0	0.0248927827723111
0	0.0158594455715292
0	0.0158594455715292
0	0.0169270276214303
0	0.715004205104544
0	0.0289241080835384
0	0.0158594455715292
0	0.0228125070695877
0	0.0158594455715292
0	0.0240466011274379
0	0.0158594455715292
0	0.0403102853573579
0	0.0158689258447663
0	0.0188868477532104
0	0.0100962684898367
0	0.0158594455715292
0	0.0268718432695958
0	0.0158594455715292
0	0.0158594455715292
0	0.061076568806466
0	0.0151253929307669
0	0.0158594455715292
0	0.0158594455715292
0	0.0196108908818493
0	0.0236359686371463
0	0.0158594455715292
0	0.0158594455715292
0	0.0158594455715292
0	0.0158594455715292
0	0.0158594455715292
0	0.0454180119943543
0	0.0107288159557815
0	0.0158594455715292
0	0.0158594455715292
0	0.0158594455715292
0	0.0214897438099699
0	0.0248850719848393
0	0.0145370380050415
0	0.0158594455715292
0	0.0158594455715292
0	0.0158594455715292
0	0.0200688716814103
0	0.0158594455715292
0	0.0158594455715292
0	0.021806837297054
0	0.0158594455715292
0	0.0158594455715292
0	0.0145370380050415
0	0.0158594455715292
0	0.0158594455715292
0	0.0158594455715292
0	0.0158594455715292
0	0.0369211895407031
0	0.0158594455715292
0	0.0157828514502912
0	0.0158594455715292
0	0.0158594455715292
0	0.0158594455715292
0	0.0158594455715292
0	0.0158594455715292
0	0.0158594455715292
0	0.0375891180195594
0	0.0144305445389549
0	0.0158594455715292
0	0.0158594455715292
0	0.0158594455715292
0	0.0158594455715292
0	0.0158594455715292
0	0.0158594455715292
0	0.0158594455715292
0	0.0236359686371463
0	0.0158594455715292
0	0.0268718432695958
0	0.0158594455715292
0	0.0302357970458486
0	0.0133719194972422
0	0.0144305445389549
0	0.0158594455715292
0	0.0158594455715292
0	0.0158594455715292
0	0.0158594455715292
0	0.0316952964783706
0	0.0213691010409685
0	0.0158594455715292
0	0.0158594455715292
0	0.0158594455715292
0	0.0158594455715292
0	0.0158594455715292
0	0.0403489694290236
0	0.0158594455715292
0	0.0487309159292624
0	0.0191658882634957
0	0.0158594455715292
0	0.0182816401755544
0	0.0240464464753317
0	0.0158594455715292
0	0.0158594455715292
0	0.0245026685588897
0	0.235472075474214
0	0.0245026685588897
0	0.0158594455715292
0	0.0158594455715292
0	0.0267435094040436
0	0.0158594455715292
0	0.0158594455715292
0	0.0158594455715292
0	0.0158594455715292
0	0.0158594455715292
0	0.0158594455715292
0	0.00760159389841335
0	0.0158594455715292
0	0.0158594455715292
0	0.0170064651863393
0	0.0158594455715292
0	0.0158594455715292
0	0.0158594455715292
0	0.0158594455715292
0	0.0170064651863393
0	0.0158594455715292
0	0.0210234342862376
0	0.0145370380050415
0	0.0158594455715292
0	0.0158594455715292
0	0.0213691010409685
0	0.0288541760619891
0	0.0158594455715292
0	0.0158594455715292
0	0.0240322001587496
0	0.0158594455715292
0	0.0151253929307669
0	0.0158594455715292
0	0.0132256817937305
0	0.0158594455715292
0	0.0187065034712795
0	0.0158594455715292
0	0.0369034504876927
0	0.0158594455715292
0	0.0158594455715292
0	0.0218977155445166
0	0.0158594455715292
0	0.0158594455715292
0	0.0158594455715292
0	0.0158594455715292
0	0.0145370380050415
0	0.0158594455715292
0	0.0158594455715292
0	0.0233630818085012
0	0.0158689258447663
0	0.0158689258447663
0	0.0158594455715292
0	0.0158594455715292
0	0.0158594455715292
0	0.0158594455715292
0	0.0158594455715292
0	0.0144305445389549
0	0.796192577484822
0	0.0484248506081649
0	0.0158594455715292
0	0.014804201540898
0	0.0158594455715292
0	0.0158594455715292
0	0.0158594455715292
0	0.0158594455715292
0	0.021806837297054
0	0.00852226260467115
0	0.0158594455715292
0	0.0196108908818493
0	0.0302536068647482
0	0.0158594455715292
0	0.0158689258447663
0	0.0158594455715292
0	0.0158594455715292
0	0.0158594455715292
0	0.0213691010409685
0	0.0158594455715292
0	0.0158594455715292
0	0.0158594455715292
0	0.0158594455715292
0	0.0170064651863393
0	0.0145370380050415
0	0.0158594455715292
0	0.0158594455715292
0	0.0158594455715292
0	0.0158594455715292
0	0.0158594455715292
0	0.00894755282186854
0	0.0158594455715292
0	0.0158594455715292
0	0.0158594455715292
0	0.0158594455715292
0	0.0145370380050415
0	0.0196108908818493
0	0.0158594455715292
0	0.020892798164827
0	0.0158594455715292
0	0.0145370380050415
0	0.0158594455715292
0	0.0240322001587496
0	0.0158594455715292
0	0.487329961763772
0	0.0158594455715292
0	0.0158594455715292
0	0.0245171867636209
0	0.0191658882634957
0	0.0158594455715292
0	0.0158594455715292
0	0.0158594455715292
0	0.0256025342360825
0	0.0158594455715292
0	0.0213691010409685
0	0.0158594455715292
0	0.0158594455715292
0	0.0158594455715292
0	0.0158594455715292
0	0.0245026685588897
0	0.0158594455715292
0	0.0131916217616834
0	0.0158594455715292
0	0.492164046976601
0	0.0158594455715292
0	0.0158594455715292
0	0.0158594455715292
0	0.0158594455715292
0	0.0158594455715292
0	0.0145370380050415
0	0.0158594455715292
0	0.0158594455715292
0	0.0213691010409685
0	0.0863673778238826
0	0.0158594455715292
0	0.0158594455715292
0	0.0158594455715292
0	0.0158594455715292
0	0.0158594455715292
0	0.0158594455715292
0	0.0236359686371463
0	0.0158594455715292
0	0.0502876204980925
0	0.0158594455715292
0	0.0158594455715292
0	0.0369211895407031
0	0.0158594455715292
0	0.0158594455715292
0	0.104650905372366
0	0.0158594455715292
0	0.0158594455715292
0	0.0125096772096167
0	0.0158594455715292
0	0.0158594455715292
0	0.0158594455715292
0	0.0158594455715292
0	0.0158594455715292
0	0.0158594455715292
0	0.0158594455715292
0	0.0288862335955758
0	0.0218523977714203
0	0.0415281959146984
0	0.0301625900864567
0	0.0158594455715292
0	0.02622084738201
0	0.0158594455715292
0	0.0163068202766512
0	0.019073634972311
0	0.0158594455715292
0	0.0132256817937305
0	0.0158594455715292
0	0.0158594455715292
0	0.0257548379586868
0	0.362620292197517
0	0.0158594455715292
0	0.0158689258447663
0	0.0158594455715292
0	0.0408842894955324
0	0.14552118371872
0	0.0240322001587496
0	0.0158594455715292
0	0.0162201978747555
0	0.0158594455715292
0	0.0196108908818493
0	0.0158594455715292
0	0.0158594455715292
0	0.0693604654415076
0	0.0151253929307669
0	0.0158594455715292
0	0.0158594455715292
0	0.0158594455715292
0	0.0262736527298076
0	0.0383660789037876
0	0.0158594455715292
0	0.0354839774234795
0	0.019073634972311
0	0.0158594455715292
0	0.0158594455715292
0	0.0158594455715292
0	0.0158594455715292
0	0.0158594455715292
0	0.0151253929307669
0	0.0158594455715292
0	0.0158594455715292
0	0.0158594455715292
0	0.0158594455715292
0	0.0204755535633914
0	0.0158594455715292
0	0.0158594455715292
0	0.0191658882634957
0	0.010790976461347
0	0.0158594455715292
0	0.0158594455715292
0	0.894656449192323
0	0.0132890955970348
0	0.0158594455715292
0	0.0158594455715292
0	0.0158594455715292
0	0.0158594455715292
0	0.0158594455715292
0	0.02512761565755
0	0.0158594455715292
0	0.0158594455715292
0	0.0158594455715292
0	0.0158594455715292
0	0.0158594455715292
0	0.0158594455715292
0	0.0158594455715292
0	0.0240322001587496
0	0.0144305445389549
0	0.0158594455715292
0	0.020208445642189
0	0.0213691010409685
0	0.0158594455715292
0	0.0245026685588897
0	0.0158594455715292
0	0.470535915558785
0	0.0213691010409685
0	0.0158594455715292
0	0.0158594455715292
0	0.0196108908818493
0	0.0158594455715292
0	0.0158594455715292
0	0.0158594455715292
0	0.0158594455715292
0	0.0158594455715292
0	0.0222277951289406
0	0.0181369393529749
0	0.0248850719848393
0	0.0288263706687481
0	0.0158594455715292
0	0.0158594455715292
0	0.0145370380050415
0	0.0158594455715292
0	0.0158594455715292
0	0.0196108908818493
0	0.0158594455715292
0	0.867842320961345
0	0.0522829727195318
0	0.0158594455715292
0	0.0158594455715292
0	0.0158594455715292
0	0.122726839188004
0	0.0416996421717239
0	0.0158594455715292
0	0.0158594455715292
0	0.015052289737181
0	0.0158594455715292
0	0.0158594455715292
0	0.0158594455715292
0	0.0245171867636209
0	0.0196108908818493
0	0.0791478184819144
0	0.0158594455715292
0	0.0158594455715292
0	0.0144305445389549
0	0.0158689258447663
0	0.0158594455715292
0	0.0158594455715292
0	0.0158594455715292
0	0.0158594455715292
0	0.0158594455715292
0	0.0249237293931437
0	0.0158594455715292
0	0.0158594455715292
0	0.0951991601691818
0	0.0158594455715292
0	0.0158594455715292
0	0.0158594455715292
0	0.0158594455715292
0	0.0296428227964832
0	0.786279390117482
0	0.0160358683334702
0	0.0158594455715292
0	0.0158594455715292
0	0.0158594455715292
0	0.0158594455715292
0	0.0268565692845557
0	0.0158594455715292
0	0.0158594455715292
0	0.0158594455715292
0	0.0158594455715292
0	0.0158594455715292
0	0.0158594455715292
0	0.0158594455715292
0	0.0419516437024396
0	0.0158594455715292
0	0.0158594455715292
0	0.0158594455715292
0	0.0240322001587496
0	0.0213691010409685
0	0.0158594455715292
0	0.0158594455715292
0	0.0158594455715292
0	0.0236359686371463
0	0.0249237293931437
0	0.0444390005621825
0	0.0158594455715292
0	0.0158594455715292
0	0.0236359686371463
0	0.742247427413532
0	0.0212053353262134
0	0.0158594455715292
0	0.0158594455715292
0	0.0158594455715292
0	0.0240322001587496
0	0.0158594455715292
0	0.0240322001587496
0	0.0158594455715292
0	0.0174899126830388
0	0.0158594455715292
0	0.0158594455715292
0	0.0158594455715292
0	0.0158594455715292
0	0.566042386180364
0	0.0151253929307669
0	0.0158594455715292
0	0.0158594455715292
0	0.0353978242989158
0	0.0158594455715292
0	0.0196108908818493
0	0.0158594455715292
0	0.0158594455715292
0	0.0158594455715292
0	0.0158594455715292
0	0.0179813920298099
0	0.0158594455715292
0	0.0145457394686089
0	0.0158594455715292
0	0.0158594455715292
0	0.0158594455715292
0	0.0158594455715292
0	0.0158594455715292
0	0.0158594455715292
0	0.0158594455715292
0	0.0158594455715292
0	0.0158594455715292
0	0.587682614458747
0	0.0158594455715292
0	0.0300883036051846
0	0.0158594455715292
0	0.0158594455715292
0	0.0205470505548915
0	0.0158594455715292
0	0.0158594455715292
0	0.0158594455715292
0	0.0376304110708205
0	0.180740658638403
0	0.679550045599816
0	0.0145457394686089
0	0.0158594455715292
0	0.0158594455715292
0	0.0158594455715292
0	0.0107323850455486
0	0.0158594455715292
0	0.0158594455715292
0	0.0158594455715292
0	0.024690511252555
0	0.0144996504674108
0	0.0158594455715292
0	0.0240322001587496
0	0.0170064651863393
0	0.0158594455715292
0	0.0158594455715292
0	0.0158594455715292
0	0.0555687948591918
0	0.0197366641811849
0	0.0158594455715292
0	0.0205140300764632
0	0.0158689258447663
0	0.0158594455715292
0	0.0158594455715292
0	0.0158594455715292
0	0.0158594455715292
0	0.0185128968891922
0	0.0151253929307669
0	0.0158594455715292
0	0.0158594455715292
0	0.0158594455715292
0	0.0158594455715292
0	0.0158594455715292
0	0.0158594455715292
0	0.428132493704174
0	0.0145370380050415
0	0.0236359686371463
0	0.0906912179319905
0	0.0158594455715292
0	0.0296585953896036
0	0.0240322001587496
0	0.0158594455715292
0	0.0158594455715292
0	0.0158689258447663
0	0.0158594455715292
0	0.7188598287401
0	0.0158594455715292
0	0.0250157634785719
0	0.0158594455715292
0	0.0285167142839042
0	0.0158594455715292
0	0.466943460539302
0	0.0158594455715292
0	0.0158594455715292
0	0.0158594455715292
0	0.0145370380050415
0	0.0158594455715292
0	0.0158594455715292
0	0.064467632257144
0	0.0343576645318665
0	0.0213691010409685
0	0.0158594455715292
0	0.019073634972311
0	0.0158594455715292
0	0.0161945529255127
0	0.0158594455715292
0	0.0231883270811495
0	0.0145370380050415
0	0.0158594455715292
0	0.38559034726409
0	0.906107254949862
0	0.0158594455715292
0	0.0158594455715292
0	0.030278039272323
0	0.0158594455715292
0	0.0158594455715292
0	0.0158594455715292
0	0.0248850719848393
0	0.0158594455715292
0	0.0144305445389549
0	0.0158594455715292
0	0.0158594455715292
0	0.0158594455715292
0	0.0158594455715292
0	0.0108749925299217
0	0.0158594455715292
0	0.0158594455715292
0	0.0145457394686089
0	0.0158594455715292
0	0.0158594455715292
0	0.0158594455715292
0	0.0196108908818493
0	0.0158594455715292
0	0.0158594455715292
0	0.0158594455715292
0	0.0158594455715292
0	0.02512761565755
0	0.0158594455715292
0	0.0158594455715292
0	0.0158594455715292
0	0.0158594455715292
0	0.0158594455715292
0	0.0148638333275152
0	0.0170166192560002
0	0.0158594455715292
0	0.0158594455715292
0	0.406514414984281
0	0.0158594455715292
0	0.0158594455715292
0	0.0158594455715292
0	0.0225502279346165
0	0.0158594455715292
0	0.0158594455715292
0	0.0158594455715292
0	0.0158594455715292
0	0.0249237293931437
0	0.0158594455715292
0	0.0158594455715292
0	0.0220435881881461
0	0.0158594455715292
0	0.0158594455715292
0	0.0213691010409685
0	0.0151253929307669
0	0.0158594455715292
0	0.0277615580940274
0	0.0158594455715292
0	0.0643181675686616
0	0.0158594455715292
0	0.161829122564382
0	0.0158594455715292
0	0.0158594455715292
0	0.0158594455715292
0	0.0158594455715292
0	0.0158594455715292
0	0.0158594455715292
0	0.0158594455715292
0	0.0158594455715292
0	0.0216794156455729
0	0.0158594455715292
0	0.0158594455715292
0	0.0158594455715292
0	0.0158594455715292
0	0.0158594455715292
0	0.0158594455715292
0	0.0158594455715292
0	0.0158594455715292
0	0.0158594455715292
0	0.0158594455715292
0	0.0158594455715292
0	0.762835993447143
0	0.0158594455715292
0	0.0158594455715292
0	0.0158594455715292
0	0.28617500104408
0	0.0158594455715292
0	0.0402669108639631
0	0.0158594455715292
0	0.0196108908818493
0	0.0145370380050415
0	0.0158594455715292
0	0.0302357970458486
0	0.0219086450604159
0	0.0158594455715292
0	0.0158594455715292
0	0.0158594455715292
0	0.0158594455715292
0	0.0158594455715292
0	0.0158594455715292
0	0.0234556328547823
0	0.0158594455715292
0	0.0151253929307669
0	0.0158594455715292
0	0.0158594455715292
0	0.0158594455715292
0	0.0245171867636209
0	0.0158594455715292
0	0.0151253929307669
0	0.0158594455715292
0	0.0158594455715292
0	0.41044418858595
0	0.0160358683334702
0	0.0225636160468977
0	0.0158594455715292
0	0.0120889327174819
0	0.019073634972311
0	0.0699901078592577
0	0.0158594455715292
0	0.780764235264989
0	0.0158594455715292
0	0.0158594455715292
0	0.0158594455715292
0	0.0158594455715292
0	0.0158594455715292
0	0.0158594455715292
0	0.0158594455715292
0	0.0158594455715292
0	0.0245171867636209
0	0.0158594455715292
0	0.0158594455715292
0	0.0158594455715292
0	0.0158594455715292
0	0.0158594455715292
0	0.0158594455715292
0	0.0158594455715292
0	0.0158594455715292
0	0.04892798208087
0	0.0158594455715292
0	0.0158594455715292
0	0.0158594455715292
0	0.0158594455715292
0	0.0181935641840768
0	0.0158689258447663
0	0.0240322001587496
0	0.0158594455715292
0	0.0572426606372829
0	0.0158594455715292
0	0.0158594455715292
0	0.0369211895407031
0	0.0236359686371463
0	0.0158594455715292
0	0.0158594455715292
0	0.0158594455715292
0	0.0158594455715292
0	0.0158594455715292
0	0.0839639289881306
0	0.0203624140742879
0	0.0158594455715292
0	0.0370786813576457
0	0.0196108908818493
0	0.0158594455715292
0	0.0158594455715292
0	0.0158594455715292
0	0.0158594455715292
0	0.0145370380050415
0	0.0296585953896036
0	0.0158594455715292
0	0.0158594455715292
0	0.0158594455715292
0	0.0158594455715292
0	0.0158594455715292
0	0.0158594455715292
0	0.0158594455715292
0	0.0158594455715292
0	0.0158594455715292
0	0.0236806308947428
0	0.0158594455715292
0	0.0123140310459928
0	0.0158594455715292
0	0.0158594455715292
0	0.0158594455715292
0	0.0158594455715292
0	0.0196225689374054
0	0.0158594455715292
0	0.0158594455715292
0	0.0158594455715292
0	0.0158594455715292
0	0.0162201978747555
0	0.0158594455715292
0	0.0158594455715292
0	0.0214242450425707
0	0.0158594455715292
0	0.0196108908818493
0	0.0158594455715292
0	0.281262770553279
0	0.0158594455715292
0	0.0158594455715292
0	0.0158594455715292
0	0.0158594455715292
0	0.0158594455715292
0	0.0170166192560002
0	0.0107323850455486
0	0.0107323850455486
0	0.0245171867636209
0	0.0158594455715292
0	0.0213691010409685
0	0.0107388339674162
0	0.015052289737181
0	0.0145370380050415
0	0.0158594455715292
0	0.0158594455715292
0	0.0693071167730348
0	0.0151253929307669
0	0.0158689258447663
0	0.02512761565755
0	0.0158594455715292
0	0.0158594455715292
0	0.0182816401755544
0	0.0336595741571984
0	0.510707661316641
0	0.0158594455715292
0	0.0158594455715292
0	0.0158594455715292
0	0.035670900759062
0	0.0158594455715292
0	0.0158594455715292
0	0.0471818803983549
0	0.0222277951289406
0	0.0158594455715292
0	0.0158594455715292
0	0.0158594455715292
0	0.0200688716814103
0	0.0158594455715292
0	0.0158594455715292
0	0.0158594455715292
0	0.0158594455715292
0	0.0148446245913679
0	0.334401986682627
0	0.0158594455715292
0	0.0158594455715292
0	0.0145370380050415
0	0.0158689258447663
0	0.0158594455715292
0	0.05900876661231
0	0.631216692420297
0	0.0158594455715292
0	0.0239170944803644
0	0.804843856189299
0	0.0158594455715292
0	0.0158594455715292
0	0.0182816401755544
0	0.0158594455715292
0	0.0220435881881461
0	0.0158594455715292
0	0.0158594455715292
0	0.0158594455715292
0	0.0158594455715292
0	0.0148767136828473
0	0.0240322001587496
0	0.0158594455715292
0	0.0158594455715292
0	0.0158594455715292
0	0.0158594455715292
0	0.0240322001587496
0	0.0158594455715292
0	0.0145370380050415
0	0.0353978242989158
0	0.0210234342862376
0	0.0352014375001623
0	0.0498174388692081
0	0.391512172161172
0	0.0593826777215834
0	0.0158594455715292
0	0.0158594455715292
0	0.0158594455715292
0	0.0158594455715292
0	0.0143493944893953
0	0.0233919362868737
0	0.03159048847695
0	0.0158689258447663
0	0.0158594455715292
0	0.0158594455715292
0	0.0158594455715292
0	0.0158594455715292
0	0.0158594455715292
0	0.0158594455715292
0	0.0158594455715292
0	0.0152331159845914
0	0.0158594455715292
0	0.0151253929307669
0	0.0158594455715292
0	0.0158594455715292
0	0.0213691010409685
0	0.0158594455715292
0	0.0158594455715292
0	0.0162201978747555
0	0.0158594455715292
0	0.00928799246159296
0	0.0161945529255127
0	0.0245742147452558
0	0.0210234342862376
0	0.0158594455715292
0	0.0158594455715292
0	0.0236359686371463
0	0.0240322001587496
0	0.0158594455715292
0	0.023378068446293
0	0.0158594455715292
0	0.0158594455715292
0	0.0158594455715292
0	0.0158594455715292
0	0.0139629552200595
0	0.724221243828122
0	0.0158594455715292
0	0.0245026685588897
0	0.0102057888432729
0	0.0158594455715292
0	0.0240322001587496
0	0.0309578266675419
0	0.0158594455715292
0	0.0158594455715292
0	0.0158594455715292
0	0.0158594455715292
0	0.00842188905902055
0	0.0158594455715292
0	0.0158594455715292
0	0.022476022900402
0	0.0783853699187775
0	0.0158594455715292
0	0.0158594455715292
0	0.0245742147452558
0	0.0158594455715292
0	0.375820435799055
0	0.0158594455715292
0	0.0240322001587496
0	0.0158594455715292
0	0.319435016673324
0	0.0158594455715292
0	0.0158594455715292
0	0.0268718432695958
0	0.0158594455715292
0	0.0284593095802757
0	0.0132256817937305
0	0.0158594455715292
0	0.0158594455715292
0	0.0158594455715292
0	0.0283394134871794
0	0.0158594455715292
0	0.0158689258447663
0	0.0158594455715292
0	0.0158594455715292
0	0.0158594455715292
0	0.0112872717684093
0	0.0158594455715292
0	0.0158594455715292
0	0.0158594455715292
0	0.0158594455715292
0	0.0160358683334702
0	0.0158594455715292
0	0.0685261266876263
0	0.0158594455715292
0	0.0158594455715292
0	0.0158594455715292
0	0.0158594455715292
0	0.0158594455715292
0	0.0248850719848393
0	0.0250275373067902
0	0.0151253929307669
0	0.0158594455715292
0	0.0158594455715292
0	0.0240322001587496
0	0.0382559534586444
0	0.0158594455715292
0	0.0158594455715292
0	0.0158594455715292
0	0.0158594455715292
0	0.0168538290072284
0	0.0158594455715292
0	0.028864900436925
0	0.0158594455715292
0	0.0162201978747555
0	0.0158594455715292
0	0.0158594455715292
0	0.0158594455715292
0	0.0158594455715292
0	0.0158594455715292
0	0.177053510418358
0	0.015052289737181
0	0.0158594455715292
0	0.0158594455715292
0	0.0213691010409685
0	0.0158594455715292
0	0.0576722504113871
0	0.0191658882634957
0	0.0158594455715292
0	0.0158594455715292
0	0.0235087318744818
0	0.0158594455715292
0	0.0158594455715292
0	0.0151253929307669
0	0.0158594455715292
0	0.0158594455715292
0	0.0158594455715292
0	0.0158594455715292
0	0.0158594455715292
0	0.0158594455715292
0	0.184812022199579
0	0.0158689258447663
0	0.0158594455715292
0	0.0158594455715292
0	0.0282755431161969
0	0.0158594455715292
0	0.0240322001587496
0	0.0158594455715292
0	0.0158689258447663
0	0.0158594455715292
0	0.019073634972311
0	0.0158594455715292
0	0.0158594455715292
0	0.0158594455715292
0	0.0144305445389549
0	0.0158594455715292
0	0.0158594455715292
0	0.0158594455715292
0	0.0107323850455486
0	0.0158594455715292
0	0.0158594455715292
0	0.0158594455715292
0	0.0307536649284328
0	0.0158594455715292
0	0.0158594455715292
0	0.0287922689869178
0	0.0158594455715292
0	0.045245203697683
0	0.270403380051415
0	0.0158594455715292
0	0.0158594455715292
0	0.0158594455715292
0	0.0158689258447663
0	0.0245026685588897
0	0.0191658882634957
0	0.854365231023876
0	0.0158594455715292
0	0.0158594455715292
0	0.0158594455715292
0	0.0158594455715292
0	0.0158594455715292
0	0.0158594455715292
0	0.0158594455715292
0	0.0158594455715292
0	0.0158594455715292
0	0.0158594455715292
0	0.0158594455715292
0	0.0158594455715292
0	0.0158594455715292
0	0.0158594455715292
0	0.0158594455715292
0	0.0158594455715292
0	0.752671924145546
0	0.0213691010409685
0	0.0161945529255127
0	0.0158594455715292
0	0.0158594455715292
0	0.0158594455715292
0	0.0158594455715292
0	0.0158594455715292
0	0.0158594455715292
0	0.0213691010409685
0	0.0407665063807334
0	0.0158594455715292
0	0.0225502279346165
0	0.0158594455715292
0	0.0158594455715292
0	0.0158594455715292
0	0.0158594455715292
0	0.0194052813056302
0	0.0191658882634957
0	0.0158594455715292
0	0.0158594455715292
0	0.0158594455715292
0	0.0158594455715292
0	0.0158594455715292
0	0.0107323850455486
0	0.0158594455715292
0	0.0158594455715292
0	0.0938068275142833
0	0.0158594455715292
0	0.0240322001587496
0	0.0151253929307669
0	0.0379952367977086
0	0.0158594455715292
0	0.0151253929307669
0	0.0158594455715292
0	0.0158594455715292
0	0.331958653694355
0	0.0248850719848393
0	0.0158594455715292
0	0.0158594455715292
0	0.0158594455715292
0	0.0137617036022094
0	0.0151253929307669
0	0.0158594455715292
0	0.0158594455715292
0	0.0158594455715292
0	0.0158594455715292
0	0.0158594455715292
0	0.0158594455715292
0	0.0196225689374054
0	0.0158594455715292
0	0.0145457394686089
0	0.0158594455715292
0	0.0158594455715292
0	0.0158594455715292
0	0.0158594455715292
0	0.0158594455715292
0	0.0265690572196387
0	0.0158594455715292
0	0.0158594455715292
0	0.0213691010409685
0	0.0158594455715292
0	0.0158594455715292
0	0.0158594455715292
0	0.0158594455715292
0	0.0158689258447663
0	0.0158594455715292
0	0.0158594455715292
0	0.0214568860372772
0	0.0158594455715292
0	0.0158594455715292
0	0.0158594455715292
0	0.0423312614431075
0	0.0158594455715292
0	0.0213691010409685
0	0.0158594455715292
0	0.0268718432695958
0	0.0158594455715292
0	0.0158594455715292
0	0.0158594455715292
0	0.0158594455715292
0	0.0158594455715292
0	0.0107323850455486
0	0.0158594455715292
0	0.0158594455715292
0	0.0158594455715292
0	0.0158594455715292
0	0.0158594455715292
0	0.0158594455715292
0	0.0289514366554589
0	0.0236359686371463
0	0.0158594455715292
0	0.0158594455715292
0	0.0158594455715292
0	0.0494450064590779
0	0.0158594455715292
0	0.0158594455715292
0	0.0191658882634957
0	0.0158594455715292
0	0.0158594455715292
0	0.0158594455715292
0	0.0322879627077319
0	0.0335585005718151
0	0.0158594455715292
0	0.0204691450408531
0	0.0158594455715292
0	0.0158594455715292
0	0.0158594455715292
0	0.0158594455715292
0	0.0151344411585423
0	0.0158594455715292
0	0.02512761565755
0	0.0155899308043433
0	0.0158594455715292
0	0.0158594455715292
0	0.0158594455715292
0	0.0158594455715292
0	0.0158594455715292
0	0.0158594455715292
0	0.0158594455715292
0	0.0378925859971618
0	0.0158594455715292
0	0.0158594455715292
0	0.0158594455715292
0	0.609813179521946
0	0.0233379432867909
0	0.0158594455715292
0	0.0158594455715292
0	0.0240322001587496
0	0.0170064651863393
0	0.0158594455715292
0	0.0158594455715292
0	0.0158594455715292
0	0.0158594455715292
0	0.0158594455715292
0	0.322723510508903
0	0.0158594455715292
0	0.0158594455715292
0	0.0158594455715292
0	0.0158594455715292
0	0.0158594455715292
0	0.0158594455715292
0	0.0145370380050415
0	0.0145370380050415
0	0.0158594455715292
0	0.0158594455715292
0	0.0158594455715292
0	0.0158594455715292
0	0.0222277951289406
0	0.0158594455715292
0	0.0158594455715292
0	0.0158594455715292
0	0.0158594455715292
0	0.0196108908818493
0	0.0158594455715292
0	0.356367047990029
0	0.0158594455715292
0	0.0158594455715292
0	0.0158594455715292
0	0.0158594455715292
0	0.0158594455715292
0	0.0249237293931437
0	0.0239008699460046
0	0.0158594455715292
0	0.0158594455715292
0	0.0158594455715292
0	0.0158594455715292
0	0.0383162521840732
0	0.3738278670487
0	0.0151253929307669
0	0.0158594455715292
0	0.0158594455715292
0	0.114464093386934
0	0.0158594455715292
0	0.071779072208526
0	0.0257548379586868
0	0.46474222292429
0	0.0158594455715292
0	0.0158594455715292
0	0.0158594455715292
0	0.0158594455715292
0	0.0158594455715292
0	0.0196108908818493
0	0.0244204959134339
0	0.0245026685588897
0	0.0158594455715292
0	0.0158594455715292
0	0.0192770428910456
0	0.0158594455715292
0	0.0257548379586868
0	0.0237433478757902
0	0.0151253929307669
0	0.0158594455715292
0	0.0151253929307669
0	0.00892457134982027
0	0.0158594455715292
0	0.0158594455715292
0	0.0111431737912734
0	0.0196108908818493
0	0.0170064651863393
0	0.0158594455715292
0	0.0158594455715292
0	0.0158594455715292
0	0.0158594455715292
0	0.0158594455715292
0	0.0284657253582655
0	0.0156579017232986
0	0.0158594455715292
0	0.0158594455715292
0	0.0158594455715292
0	0.0158594455715292
0	0.0158594455715292
0	0.0303758270083244
0	0.0158594455715292
0	0.0158594455715292
0	0.0158594455715292
0	0.0158594455715292
0	0.0308053876859048
0	0.0240322001587496
0	0.015052289737181
0	0.0158594455715292
0	0.888745728787479
0	0.0158594455715292
0	0.260479543493641
0	0.0158594455715292
0	0.0196108908818493
0	0.046001044916967
0	0.0158594455715292
0	0.0294335387820012
0	0.0158594455715292
0	0.0158594455715292
0	0.0158594455715292
0	0.0157828514502912
0	0.0262736527298076
0	0.0158594455715292
0	0.0191658882634957
0	0.0239170944803644
0	0.0158594455715292
0	0.0158594455715292
0	0.0245171867636209
0	0.0236359686371463
0	0.0158594455715292
0	0.0158594455715292
0	0.0158594455715292
0	0.0158594455715292
0	0.0151253929307669
0	0.0158594455715292
0	0.0229286856184268
0	0.0213538453141281
0	0.0158594455715292
0	0.0158594455715292
0	0.0240322001587496
0	0.0158594455715292
0	0.0158594455715292
0	0.0158594455715292
0	0.0158594455715292
0	0.0158594455715292
0	0.0158594455715292
0	0.919400756687726
0	0.0285167142839042
0	0.0191658882634957
0	0.0196108908818493
0	0.0158594455715292
0	0.0158594455715292
0	0.0158594455715292
0	0.0158594455715292
0	0.0196108908818493
0	0.0158594455715292
0	0.0158594455715292
0	0.0471232846576904
0	0.0158594455715292
0	0.0196108908818493
0	0.0158594455715292
0	0.0158594455715292
0	0.0151253929307669
0	0.0158594455715292
0	0.0158594455715292
0	0.0145370380050415
0	0.0240322001587496
0	0.0158594455715292
0	0.0158594455715292
0	0.0158594455715292
0	0.0158594455715292
0	0.0158594455715292
0	0.0158594455715292
0	0.0158594455715292
0	0.0158594455715292
0	0.0158594455715292
0	0.0158594455715292
0	0.0257548379586868
0	0.0158594455715292
0	0.0158594455715292
0	0.0158594455715292
0	0.0158594455715292
0	0.0158594455715292
0	0.0158594455715292
0	0.0158594455715292
0	0.0158594455715292
0	0.0158594455715292
0	0.0158594455715292
0	0.0158594455715292
0	0.0158594455715292
0	0.0158594455715292
0	0.0158594455715292
0	0.0158594455715292
0	0.0158594455715292
0	0.0158594455715292
0	0.681702912958986
0	0.0158594455715292
0	0.0158594455715292
0	0.0158594455715292
0	0.0152331159845914
0	0.0593665889388778
0	0.0158594455715292
0	0.0158594455715292
0	0.0132256817937305
0	0.0158594455715292
0	0.0158594455715292
0	0.0158594455715292
0	0.0158594455715292
0	0.0189782150911272
0	0.0158594455715292
0	0.0151253929307669
0	0.0158689258447663
0	0.0158594455715292
0	0.0281890796361933
0	0.0158594455715292
0	0.0158594455715292
0	0.0158594455715292
0	0.0322651688426711
0	0.0158594455715292
0	0.0151253929307669
0	0.0259384302245421
0	0.0158594455715292
0	0.0158594455715292
0	0.640083391865823
0	0.0158594455715292
0	0.0158594455715292
0	0.0306352965159288
0	0.0107323850455486
0	0.0158594455715292
0	0.0158594455715292
0	0.0158594455715292
0	0.0158594455715292
0	0.0158594455715292
0	0.0170064651863393
0	0.0158594455715292
0	0.0158594455715292
0	0.0245026685588897
0	0.0158594455715292
0	0.0158594455715292
0	0.0158594455715292
0	0.0145457394686089
0	0.0158594455715292
0	0.0158594455715292
0	0.0158594455715292
0	0.0416996421717239
0	0.0158594455715292
0	0.0158594455715292
0	0.0158594455715292
0	0.0158594455715292
0	0.0158594455715292
0	0.0219527527311613
0	0.0158594455715292
0	0.0158594455715292
0	0.12243630692751
0	0.0158594455715292
0	0.0158594455715292
0	0.0158594455715292
0	0.0158594455715292
0	0.0625920180724246
0	0.0158594455715292
0	0.0158594455715292
0	0.0158594455715292
0	0.041371978827312
0	0.0196108908818493
0	0.0158594455715292
0	0.0151344411585423
0	0.0158594455715292
0	0.0158594455715292
0	0.0158594455715292
0	0.0145370380050415
0	0.0240322001587496
0	0.0158594455715292
0	0.0158594455715292
0	0.0213691010409685
0	0.0422839792647995
0	0.0158594455715292
0	0.0158594455715292
0	0.0158594455715292
0	0.0158594455715292
0	0.0151253929307669
0	0.0245026685588897
0	0.0158594455715292
0	0.0158594455715292
0	0.0158594455715292
0	0.0154962196404032
0	0.0213691010409685
0	0.0196108908818493
0	0.0378493867567589
0	0.0158689258447663
0	0.0158594455715292
0	0.0158594455715292
0	0.0235087318744818
0	0.0170064651863393
0	0.0158594455715292
0	0.0158594455715292
0	0.0158594455715292
0	0.0158594455715292
0	0.0158594455715292
0	0.0158594455715292
0	0.0234779379906061
0	0.0158594455715292
0	0.0158594455715292
0	0.0158594455715292
0	0.0158594455715292
0	0.0214330991476192
0	0.0158594455715292
0	0.0467002852901373
0	0.0697754651167167
0	0.234148065680897
0	0.0225502279346165
0	0.0158594455715292
0	0.0158594455715292
0	0.0158594455715292
0	0.0240322001587496
0	0.0158594455715292
0	0.0370786813576457
0	0.0158594455715292
0	0.0158594455715292
0	0.0158594455715292
0	0.0158594455715292
0	0.665077166105856
0	0.0158594455715292
0	0.0236359686371463
0	0.0158594455715292
0	0.0158594455715292
0	0.0158594455715292
0	0.0107323850455486
0	0.0158594455715292
0	0.0302868444451831
0	0.0158594455715292
0	0.0158594455715292
0	0.0158594455715292
0	0.0158594455715292
0	0.0174879812292749
0	0.0158594455715292
0	0.0158594455715292
0	0.0158594455715292
0	0.0158594455715292
0	0.0191658882634957
0	0.0158594455715292
0	0.0158594455715292
0	0.0151253929307669
0	0.0216794156455729
0	0.0158594455715292
0	0.0196108908818493
0	0.0220166899315907
0	0.0151253929307669
0	0.0158594455715292
0	0.0158594455715292
0	0.0158689258447663
0	0.0213691010409685
0	0.0158594455715292
0	0.0158594455715292
0	0.0158594455715292
0	0.0158594455715292
0	0.0158594455715292
0	0.0158594455715292
0	0.0134433361407116
0	0.0158594455715292
0	0.0158594455715292
0	0.0158594455715292
0	0.0158594455715292
0	0.0158594455715292
0	0.0235087318744818
0	0.0222277951289406
0	0.0158594455715292
0	0.0158594455715292
0	0.0158594455715292
0	0.0158594455715292
0	0.0158594455715292
0	0.0158594455715292
0	0.0158594455715292
0	0.0158594455715292
0	0.0158594455715292
0	0.0158594455715292
0	0.0158594455715292
0	0.0158594455715292
0	0.0158594455715292
0	0.0158594455715292
0	0.0158594455715292
0	0.0345570534008989
0	0.0158594455715292
0	0.0158594455715292
0	0.0158594455715292
0	0.0158594455715292
0	0.0158594455715292
0	0.0158594455715292
0	0.0158594455715292
0	0.0318271638840432
0	0.0158594455715292
0	0.0158594455715292
0	0.0158594455715292
0	0.0200236528283592
0	0.0158594455715292
0	0.0158594455715292
0	0.0158594455715292
0	0.019073634972311
0	0.0158594455715292
0	0.0158594455715292
0	0.0240322001587496
0	0.0158594455715292
0	0.0240322001587496
0	0.0369838201267555
0	0.0158594455715292
0	0.0158594455715292
0	0.0360385888429148
0	0.0158594455715292
0	0.0158594455715292
0	0.0158594455715292
0	0.0158594455715292
0	0.102783330233805
0	0.0249237293931437
0	0.729657228571667
0	0.025741893425997
0	0.0651552798709749
0	0.0240322001587496
0	0.0158594455715292
0	0.0158594455715292
0	0.0158594455715292
0	0.0213691010409685
0	0.0158594455715292
0	0.0158594455715292
0	0.0158594455715292
0	0.0158594455715292
0	0.0158594455715292
0	0.0158594455715292
0	0.0144996504674108
0	0.0158594455715292
0	0.0158594455715292
0	0.0407998965130612
0	0.0158594455715292
0	0.0158594455715292
0	0.0158860986767044
0	0.0158594455715292
0	0.0158594455715292
0	0.0158594455715292
0	0.0445054751280193
0	0.0158594455715292
0	0.0195694709369742
0	0.0616422988491756
0	0.0158594455715292
0	0.0151253929307669
0	0.019073634972311
0	0.0158594455715292
0	0.0213691010409685
0	0.0158594455715292
0	0.0158594455715292
0	0.0196225689374054
0	0.0158594455715292
0	0.0158594455715292
0	0.0151253929307669
0	0.0158594455715292
0	0.0158594455715292
0	0.369849916418747
0	0.0245171867636209
0	0.0158594455715292
0	0.0213691010409685
0	0.0158594455715292
0	0.0236359686371463
0	0.0256413632635588
0	0.598964237783757
0	0.0158594455715292
0	0.0158594455715292
0	0.0158594455715292
0	0.0158594455715292
0	0.0158594455715292
0	0.0158594455715292
0	0.0158689258447663
0	0.0158594455715292
0	0.0158594455715292
0	0.0158594455715292
0	0.0158594455715292
0	0.0158594455715292
0	0.0158594455715292
0	0.0158594455715292
0	0.0158594455715292
0	0.0191658882634957
0	0.0668595835900667
0	0.0158594455715292
0	0.0158594455715292
0	0.0107323850455486
0	0.0158594455715292
0	0.0158594455715292
0	0.0158594455715292
0	0.0210234342862376
0	0.0196225689374054
0	0.0158594455715292
0	0.0158594455715292
0	0.0416996421717239
0	0.0158594455715292
0	0.0296585953896036
0	0.0158594455715292
0	0.0245171867636209
0	0.00760159389841335
0	0.0158689258447663
0	0.0158594455715292
0	0.0158594455715292
0	0.530257871218355
0	0.0158594455715292
0	0.58611501140891
0	0.0158594455715292
0	0.0158594455715292
0	0.0158594455715292
0	0.0158594455715292
0	0.0158594455715292
0	0.0144996504674108
0	0.0220435881881461
0	0.0158594455715292
0	0.0210234342862376
0	0.0158594455715292
0	0.0158594455715292
0	0.0216794156455729
0	0.114016826618593
0	0.0158594455715292
0	0.0158594455715292
0	0.0151344411585423
0	0.0158594455715292
0	0.0158594455715292
0	0.0158594455715292
0	0.020208445642189
0	0.0126770734179058
0	0.0158594455715292
0	0.0158594455715292
0	0.0158594455715292
0	0.0158594455715292
0	0.0158594455715292
0	0.0158594455715292
0	0.0158594455715292
0	0.0174687990112639
0	0.0233919362868737
0	0.0369211895407031
0	0.55950208757023
0	0.0158594455715292
0	0.0158594455715292
0	0.0112940503064605
0	0.0107388339674162
0	0.0158594455715292
0	0.0158594455715292
0	0.0158594455715292
0	0.0158594455715292
0	0.0158594455715292
0	0.0156579017232986
0	0.0146677325133266
0	0.0158594455715292
0	0.0158594455715292
0	0.0158594455715292
0	0.0158594455715292
0	0.0158594455715292
0	0.0158594455715292
0	0.0236359686371463
0	0.0158594455715292
0	0.0161945529255127
0	0.0158594455715292
0	0.0158594455715292
0	0.0158594455715292
0	0.0158594455715292
0	0.0158594455715292
0	0.0302357970458486
0	0.022428701650262
0	0.0158594455715292
0	0.0158594455715292
0	0.0158594455715292
0	0.0158594455715292
0	0.0158594455715292
0	0.0196108908818493
0	0.0158594455715292
0	0.0469626424614836
0	0.0158594455715292
0	0.0369621993497411
0	0.0484994923928719
0	0.0479201359565156
0	0.0158594455715292
0	0.0248850719848393
0	0.020208445642189
0	0.0240322001587496
0	0.0257548379586868
0	0.382608698638963
0	0.0158594455715292
0	0.0158594455715292
0	0.0162201978747555
0	0.030480579888535
0	0.0158594455715292
0	0.0158594455715292
0	0.0145370380050415
0	0.0182816401755544
0	0.0158594455715292
0	0.0158594455715292
0	0.0158594455715292
0	0.0158594455715292
0	0.0158594455715292
0	0.0158594455715292
0	0.0107388339674162
0	0.0158594455715292
0	0.0158594455715292
0	0.0158594455715292
0	0.0158594455715292
0	0.0144305445389549
0	0.0158594455715292
0	0.0240322001587496
0	0.0158594455715292
0	0.0158689258447663
0	0.0240322001587496
0	0.0249538814379512
0	0.837596827734245
0	0.0196108908818493
0	0.0158594455715292
0	0.0158594455715292
0	0.148860563903123
0	0.064467632257144
0	0.0158594455715292
0	0.0158594455715292
0	0.0158594455715292
0	0.0158594455715292
0	0.0289923366507524
0	0.0158594455715292
0	0.0196108908818493
0	0.0202482779855771
0	0.0158594455715292
0	0.0117160847276844
0	0.0158594455715292
0	0.0158594455715292
0	0.0145370380050415
0	0.0158594455715292
0	0.0158594455715292
0	0.0158594455715292
0	0.0240322001587496
0	0.0291723713529959
0	0.0177250890417024
0	0.0158594455715292
0	0.0158594455715292
0	0.0158594455715292
0	0.0118984746232892
0	0.0158594455715292
0	0.278210633155441
0	0.0158594455715292
0	0.0158594455715292
0	0.0158594455715292
0	0.0158594455715292
0	0.0158689258447663
0	0.0196108908818493
0	0.0158594455715292
0	0.0107323850455486
0	0.0421543449748347
0	0.0158594455715292
0	0.0158594455715292
0	0.0239170944803644
0	0.0151253929307669
0	0.0405956007866182
0	0.0158594455715292
0	0.0369778352752928
0	0.0158594455715292
0	0.0240322001587496
0	0.0158594455715292
0	0.0158594455715292
0	0.0158594455715292
0	0.0213691010409685
0	0.0158594455715292
0	0.0107323850455486
0	0.0158594455715292
0	0.0196108908818493
0	0.0158594455715292
0	0.0158594455715292
0	0.0158594455715292
0	0.0158594455715292
0	0.0235087318744818
0	0.0370786813576457
0	0.0240322001587496
0	0.0158594455715292
0	0.0531241621240914
0	0.0240392311230584
0	0.0191658882634957
0	0.0475204455887764
0	0.0240322001587496
0	0.0145370380050415
0	0.0158594455715292
0	0.0158594455715292
