1	0.653362062988015
1	0.0186500244127578
1	0.893972847241221
1	0.963248628358241
1	0.865058632918578
1	0.752170053856374
1	0.0186500244127578
1	0.946268200882345
1	0.792091374741317
1	0.965562551433841
1	0.929815113473586
1	0.943496734509202
1	0.0186500244127578
1	0.892467735907252
1	0.784562205737176
1	0.304358189653357
1	0.0186500244127578
1	0.942875395485575
1	0.644293499570677
1	0.954481099766809
1	0.895543285695499
1	0.504159907307965
1	0.890732183034826
1	0.443135739281676
1	0.881659632589252
1	0.535937986510489
1	0.774648031513894
1	0.909178103323596
1	0.184203791846406
1	0.857291212181361
1	0.321833973094739
1	0.940836083291925
1	0.444694211717528
1	0.352838297562594
1	0.843209851436999
1	0.925235521658774
1	0.964967782682343
1	0.248044091102358
1	0.0260155033265255
1	0.819928075492607
1	0.0412889829543954
1	0.0186500244127578
1	0.777941474173822
1	0.71159058491484
1	0.90621569064799
1	0.0186500244127578
1	0.936839358358648
1	0.534968846692476
1	0.411874420252812
1	0.976057578921478
1	0.289105000990595
1	0.899439243155567
1	0.245454065070594
1	0.0883355259703014
1	0.915039013669311
1	0.881682664401725
1	0.90876732230898
1	0.658741606685882
1	0.961975064780078
1	0.910812934399407
1	0.920394237122499
1	0.0241370898330953
1	0.944406618766499
1	0.944693524018629
1	0.962317441267304
1	0.578360771424198
1	0.911722708669306
1	0.92166203651571
1	0.804318637505892
1	0.77856591369187
1	0.976156130853284
1	0.0240055599051648
1	0.942079352523848
1	0.984033771815009
1	0.0575718160626942
1	0.826867914488685
1	0.970842538673877
1	0.783865254179553
1	0.903583833682573
1	0.141883768480694
1	0.919760295816402
1	0.0186500244127578
1	0.984524887259893
1	0.522795495364251
1	0.861929389965446
1	0.020086840483517
1	0.147194145617803
1	0.0230969445828002
1	0.888970103719065
1	0.950348921612692
1	0.928593013211022
1	0.936882014231304
1	0.946989830178048
1	0.960937306929291
1	0.957240428912504
1	0.959617000417279
1	0.898528980123229
1	0.642669457833017
1	0.920838065545364
1	0.966917002490363
1	0.74376799188023
1	0.761575192663053
1	0.947828579155242
1	0.0186500244127578
1	0.280819502018463
1	0.705605506675293
1	0.911940448571956
1	0.33981851441651
1	0.886427452469408
1	0.0186500244127578
1	0.26406748163435
1	0.816763316728788
1	0.939864296786251
1	0.0264208168461689
1	0.0186500244127578
1	0.0186500244127578
1	0.929165940575665
1	0.96613736036328
1	0.0286534221198721
1	0.959549644039334
1	0.180970064142504
1	0.946173177991928
1	0.365726593713128
1	0.76944993944063
1	0.885843505081413
1	0.0186500244127578
1	0.916143312543524
1	0.783530248316621
1	0.0318226630161567
1	0.0186500244127578
1	0.0300791035567105
1	0.0191432800540425
1	0.0186500244127578
1	0.0214495281517723
1	0.729653579194053
1	0.928299012151035
1	0.0451226487683839
1	0.959099343774835
1	0.920005155159544
1	0.0186500244127578
1	0.270784209832403
1	0.0360663479245632
1	0.0201588276059487
1	0.8659152253614
1	0.278675668637255
1	0.020086840483517
1	0.953016275362462
1	0.848570658985213
1	0.923789367716435
1	0.943845819567322
1	0.603979881346546
1	0.232226084072161
1	0.920877332433887
1	0.0420477952930267
1	0.95313087256675
1	0.962467745013537
1	0.0214495281517723
1	0.612678224212232
1	0.759191292450535
1	0.502162573393188
1	0.973069623819278
1	0.405035422522193
1	0.771676409750483
1	0.783814542205176
1	0.756657253148716
1	0.58678304584341
1	0.794121881126692
1	0.0327805420679436
1	0.0190185580120689
1	0.840354836106725
1	0.906612597936835
1	0.96060528032867
1	0.715805288671519
1	0.980539557496945
1	0.930746438692119
1	0.867139795853915
1	0.586194772279574
1	0.375103365293154
1	0.0245422773866533
1	0.0186500244127578
1	0.828735859011463
1	0.020086840483517
1	0.978725350728193
1	0.847097779399456
1	0.832249111969001
1	0.347120918027446
1	0.909663722920157
1	0.940386980544631
1	0.0186500244127578
1	0.911188824237036
1	0.0186500244127578
1	0.965977352630695
1	0.940208236827609
1	0.950750285356418
1	0.963500178029293
1	0.13680045474045
1	0.338215025902515
1	0.907255279975217
1	0.983263816634656
1	0.86970948881093
0	0.0186500244127578
0	0.0186500244127578
0	0.0186500244127578
0	0.0340643725155811
0	0.0186500244127578
0	0.0224843253661137
0	0.0186500244127578
0	0.0507944445206436
0	0.0186500244127578
0	0.0186500244127578
0	0.0285090536230321
0	0.0186500244127578
0	0.0186500244127578
0	0.0186500244127578
0	0.0214495281517723
0	0.0186500244127578
0	0.0186500244127578
0	0.0186500244127578
0	0.0186500244127578
0	0.0186500244127578
0	0.0214495281517723
0	0.0186500244127578
0	0.0212262443506225
0	0.0186500244127578
0	0.0186500244127578
0	0.0186500244127578
0	0.0186500244127578
0	0.0427870979457438
0	0.0186500244127578
0	0.0186500244127578
0	0.0186500244127578
0	0.0186500244127578
0	0.0186500244127578
0	0.0186500244127578
0	0.0186500244127578
0	0.0735534475708348
0	0.0186500244127578
0	0.0186500244127578
0	0.0186500244127578
0	0.327662906414468
0	0.0186500244127578
0	0.0186500244127578
0	0.0186500244127578
0	0.0186500244127578
0	0.0186500244127578
0	0.0863435792533662
0	0.0286534221198721
0	0.111486508822483
0	0.0245422773866533
0	0.020086840483517
0	0.0186500244127578
0	0.025434617904921
0	0.0186500244127578
0	0.0186500244127578
0	0.0186500244127578
0	0.0206996072712341
0	0.0317069049054026
0	0.0459695251286116
0	0.0186500244127578
0	0.0186500244127578
0	0.0186500244127578
0	0.0266122130739716
0	0.0186500244127578
0	0.0186500244127578
0	0.0241370898330953
0	0.0186500244127578
0	0.0186500244127578
0	0.0186500244127578
0	0.0186500244127578
0	0.0532141156394078
0	0.930220188801556
0	0.0186500244127578
0	0.0186500244127578
0	0.0530817318106327
0	0.020086840483517
0	0.0186500244127578
0	0.0241370898330953
0	0.0195373851795177
0	0.247986380108951
0	0.020086840483517
0	0.0186500244127578
0	0.0186500244127578
0	0.0269941625699296
0	0.0186500244127578
0	0.106154899292003
0	0.0186500244127578
0	0.0214495281517723
0	0.0186500244127578
0	0.0186500244127578
0	0.020086840483517
0	0.0186500244127578
0	0.020086840483517
0	0.0811851460993675
0	0.0186500244127578
0	0.0186500244127578
0	0.0186500244127578
0	0.0186500244127578
0	0.0186500244127578
0	0.0186500244127578
0	0.0186500244127578
0	0.0186500244127578
0	0.024468331715011
0	0.0441095923623949
0	0.0186500244127578
0	0.0186500244127578
0	0.0259854412192116
0	0.020086840483517
0	0.0186500244127578
0	0.0186500244127578
0	0.0186500244127578
0	0.0214495281517723
0	0.0186500244127578
0	0.0266190798771472
0	0.0186500244127578
0	0.020086840483517
0	0.0186500244127578
0	0.0186500244127578
0	0.0186500244127578
0	0.0186500244127578
0	0.0186500244127578
0	0.0306140174550717
0	0.0186500244127578
0	0.0186500244127578
0	0.0186500244127578
0	0.0249803324027128
0	0.0473050284522832
0	0.0186500244127578
0	0.0186500244127578
0	0.0186500244127578
0	0.69191735951493
0	0.0186500244127578
0	0.0216856061601088
0	0.0279958510129545
0	0.0186500244127578
0	0.0186500244127578
0	0.0884251770826089
0	0.0186500244127578
0	0.195922836973478
0	0.0186500244127578
0	0.0241370898330953
0	0.0186500244127578
0	0.0381407304387734
0	0.0713729006926528
0	0.0186500244127578
0	0.0186500244127578
0	0.0186500244127578
0	0.0205713822726056
0	0.0186500244127578
0	0.0186500244127578
0	0.019691884139255
0	0.0186500244127578
0	0.024632543717377
0	0.0186500244127578
0	0.0332124793138868
0	0.0186500244127578
0	0.0344830667035795
0	0.0186500244127578
0	0.0201102194947929
0	0.0186500244127578
0	0.021847863728287
0	0.0186500244127578
0	0.0186500244127578
0	0.0186500244127578
0	0.0186500244127578
0	0.0186500244127578
0	0.0186500244127578
0	0.0186500244127578
0	0.0223566087562272
0	0.0186500244127578
0	0.0186500244127578
0	0.0186500244127578
0	0.0186500244127578
0	0.0186500244127578
0	0.0186500244127578
0	0.0186500244127578
0	0.0487762051013509
0	0.0186500244127578
0	0.0214495281517723
0	0.0972120164133475
0	0.0241370898330953
0	0.0186500244127578
0	0.0186500244127578
0	0.0186500244127578
0	0.0186500244127578
0	0.0186500244127578
0	0.0186500244127578
0	0.0213198341813564
0	0.0236679235160898
0	0.0245422773866533
0	0.0609462240015973
0	0.0263336524747479
0	0.0186500244127578
0	0.0206911466897379
0	0.046883884833453
0	0.0186500244127578
0	0.737501145027353
0	0.024632543717377
0	0.0186500244127578
0	0.0186500244127578
0	0.0186500244127578
0	0.0186500244127578
0	0.0186500244127578
0	0.0241370898330953
0	0.0373877618550246
0	0.0193075234233709
0	0.0186500244127578
0	0.0186500244127578
0	0.0186500244127578
0	0.0186500244127578
0	0.0186500244127578
0	0.0186500244127578
0	0.0186500244127578
0	0.0186500244127578
0	0.023162723442133
0	0.0186500244127578
0	0.0297002596820268
0	0.0186500244127578
0	0.020086840483517
0	0.0271484722112041
0	0.0186500244127578
0	0.0186500244127578
0	0.0186500244127578
0	0.0186500244127578
0	0.0186500244127578
0	0.0186500244127578
0	0.0186500244127578
0	0.0186500244127578
0	0.0319280250780855
0	0.0186500244127578
0	0.0368800063095409
0	0.0214495281517723
0	0.0186500244127578
0	0.0245422773866533
0	0.0540584390858675
0	0.0186500244127578
0	0.0186500244127578
0	0.0195067206135135
0	0.0191132219906629
0	0.0186500244127578
0	0.0190185580120689
0	0.0186500244127578
0	0.0186500244127578
0	0.0186500244127578
0	0.020086840483517
0	0.0186500244127578
0	0.0186500244127578
0	0.033829634664016
0	0.0285681936001602
0	0.0275507575934857
0	0.0186500244127578
0	0.020086840483517
0	0.0186500244127578
0	0.533783088351788
0	0.0186500244127578
0	0.0530238022467793
0	0.0186500244127578
0	0.0186500244127578
0	0.0186500244127578
0	0.0216856061601088
0	0.0186500244127578
0	0.0186500244127578
0	0.028753941344411
0	0.0186500244127578
0	0.0186500244127578
0	0.0186500244127578
0	0.0186500244127578
0	0.0241370898330953
0	0.0186500244127578
0	0.0186500244127578
0	0.042157167492206
0	0.0186500244127578
0	0.0186500244127578
0	0.319636749770993
0	0.0186500244127578
0	0.0186500244127578
0	0.912091504281012
0	0.0186500244127578
0	0.0612293938830834
0	0.0186500244127578
0	0.0214495281517723
0	0.0186500244127578
0	0.020086840483517
0	0.0186500244127578
0	0.0241370898330953
0	0.0395490238956213
0	0.0218721483612154
0	0.0323897150893862
0	0.0201588276059487
0	0.0186500244127578
0	0.0230633741552972
0	0.030350169473947
0	0.0186500244127578
0	0.0360798618750943
0	0.0186500244127578
0	0.0245422773866533
0	0.0456236365897941
0	0.0186500244127578
0	0.0186500244127578
0	0.0240693337218407
0	0.0572930475520098
0	0.0186500244127578
0	0.0186500244127578
0	0.0186500244127578
0	0.0186500244127578
0	0.0186500244127578
0	0.0186500244127578
0	0.0186500244127578
0	0.0186500244127578
0	0.143986134144699
0	0.0249376568169474
0	0.0311585690815689
0	0.0186500244127578
0	0.0525193134347975
0	0.0186500244127578
0	0.0259854412192116
0	0.0186500244127578
0	0.0186500244127578
0	0.0186500244127578
0	0.0233507217306397
0	0.0186500244127578
0	0.0186500244127578
0	0.0529275946360517
0	0.0186500244127578
0	0.0186500244127578
0	0.0186500244127578
0	0.0186500244127578
0	0.0186500244127578
0	0.0248895912658416
0	0.0186500244127578
0	0.0186500244127578
0	0.0721688615344803
0	0.0201588276059487
0	0.0186500244127578
0	0.0186500244127578
0	0.0186500244127578
0	0.0186500244127578
0	0.0488458394750986
0	0.0245422773866533
0	0.0186500244127578
0	0.0186500244127578
0	0.0534365360299876
0	0.0186500244127578
0	0.0186500244127578
0	0.0186500244127578
0	0.0186500244127578
0	0.0256255924775769
0	0.41379858434789
0	0.0186500244127578
0	0.0186500244127578
0	0.0186500244127578
0	0.261642497092232
0	0.0230969445828002
0	0.0336763311985085
0	0.0186500244127578
0	0.0186500244127578
0	0.0186500244127578
0	0.0318226630161567
0	0.0186500244127578
0	0.0186500244127578
0	0.0186500244127578
0	0.0427304517249851
0	0.49458717627411
0	0.0186500244127578
0	0.0318775903215732
0	0.0186500244127578
0	0.0248545430908178
0	0.0186500244127578
0	0.0186500244127578
0	0.0186500244127578
0	0.0186500244127578
0	0.0186500244127578
0	0.0186500244127578
0	0.0252504984267664
0	0.0192298415524799
0	0.102788910830696
0	0.0186500244127578
0	0.0186500244127578
0	0.0186500244127578
0	0.0515716520282055
0	0.0186500244127578
0	0.0186500244127578
0	0.0872162649914308
0	0.0186500244127578
0	0.0207845589718939
0	0.019691884139255
0	0.039418277511571
0	0.023162723442133
0	0.0186500244127578
0	0.0186500244127578
0	0.0186500244127578
0	0.0186500244127578
0	0.0186500244127578
0	0.0186500244127578
0	0.0214495281517723
0	0.0186500244127578
0	0.0186500244127578
0	0.0186500244127578
0	0.0186500244127578
0	0.0186500244127578
0	0.0186500244127578
0	0.0240693337218407
0	0.0214495281517723
0	0.0717896826317545
0	0.0186500244127578
0	0.0199464329327031
0	0.0240793287154628
0	0.0186500244127578
0	0.0201588276059487
0	0.0186500244127578
0	0.0186500244127578
0	0.327352744591248
0	0.0186500244127578
0	0.0186500244127578
0	0.0186500244127578
0	0.0252146360898793
0	0.020086840483517
0	0.0186500244127578
0	0.0186500244127578
0	0.0279215162348921
0	0.0186500244127578
0	0.0186500244127578
0	0.0186500244127578
0	0.0186500244127578
0	0.0186500244127578
0	0.0190371723514195
0	0.0186500244127578
0	0.0361482422791988
0	0.0186500244127578
0	0.0186500244127578
0	0.0186500244127578
0	0.024632543717377
0	0.0186500244127578
0	0.0190371723514195
0	0.0186500244127578
0	0.025434617904921
0	0.0186500244127578
0	0.024632543717377
0	0.0186500244127578
0	0.0255858859452925
0	0.0186500244127578
0	0.0192298415524799
0	0.0186500244127578
0	0.0186500244127578
0	0.0403281086230772
0	0.0214495281517723
0	0.0186500244127578
0	0.0186500244127578
0	0.0186500244127578
0	0.0191132219906629
0	0.0329586234225485
0	0.0240127709740088
0	0.0186500244127578
0	0.0186500244127578
0	0.0186500244127578
0	0.0186500244127578
0	0.020086840483517
0	0.0186500244127578
0	0.0186500244127578
0	0.0186500244127578
0	0.0186500244127578
0	0.021847863728287
0	0.0620004414664084
0	0.0186500244127578
0	0.0186500244127578
0	0.0254421684395679
0	0.0186500244127578
0	0.0186500244127578
0	0.0214495281517723
0	0.0186500244127578
0	0.021847863728287
0	0.0186500244127578
0	0.0186500244127578
0	0.213998723624349
0	0.0191132219906629
0	0.0373960964850403
0	0.020086840483517
0	0.0186500244127578
0	0.0186500244127578
0	0.0186500244127578
0	0.0186500244127578
0	0.0225066435214773
0	0.0186500244127578
0	0.0186500244127578
0	0.0186500244127578
0	0.0186500244127578
0	0.0186500244127578
0	0.0241370898330953
0	0.0241370898330953
0	0.0186500244127578
0	0.0186500244127578
0	0.0913880226449283
0	0.0571250235753168
0	0.0186500244127578
0	0.0186500244127578
0	0.0186500244127578
0	0.561248981455248
0	0.0186500244127578
0	0.0201588276059487
0	0.033829634664016
0	0.0191132219906629
0	0.0186500244127578
0	0.0186500244127578
0	0.0433132467727223
0	0.0186500244127578
0	0.0278470436063084
0	0.0277150183401067
0	0.0186500244127578
0	0.0844016292605892
0	0.0186500244127578
0	0.0186500244127578
0	0.0186500244127578
0	0.0240127709740088
0	0.0186500244127578
0	0.0186500244127578
0	0.0241370898330953
0	0.0186500244127578
0	0.0186500244127578
0	0.0186500244127578
0	0.0186500244127578
0	0.0186500244127578
0	0.0186500244127578
0	0.0186500244127578
0	0.0186500244127578
0	0.0186500244127578
0	0.0286891840783088
0	0.0186500244127578
0	0.0191132219906629
0	0.0186500244127578
0	0.0186500244127578
0	0.0186500244127578
0	0.0235921074334185
0	0.0186500244127578
0	0.0186500244127578
0	0.0186500244127578
0	0.0186500244127578
0	0.0186500244127578
0	0.0515101678115026
0	0.0186500244127578
0	0.0186500244127578
0	0.0286534221198721
0	0.0186500244127578
0	0.0186500244127578
0	0.0186500244127578
0	0.0213198341813564
0	0.0186500244127578
0	0.0186500244127578
0	0.0186500244127578
0	0.0186500244127578
0	0.0186500244127578
0	0.0186500244127578
0	0.0186500244127578
0	0.0186500244127578
0	0.0186500244127578
0	0.0186500244127578
0	0.025672205145187
0	0.0190371723514195
0	0.0186500244127578
0	0.0186500244127578
0	0.0186500244127578
0	0.0186500244127578
0	0.020086840483517
0	0.0430943016130488
0	0.0186500244127578
0	0.865678258618243
0	0.0442702658908926
0	0.118768642318781
0	0.0186500244127578
0	0.0204999648189752
0	0.0186500244127578
0	0.0827951300734913
0	0.0296165567136611
0	0.0191432800540425
0	0.0252673982430035
0	0.0186500244127578
0	0.0186500244127578
0	0.0186500244127578
0	0.0186500244127578
0	0.0186500244127578
0	0.020086840483517
0	0.200992823820741
0	0.0186500244127578
0	0.0186500244127578
0	0.0363925345753019
0	0.0186500244127578
0	0.0513512343580108
0	0.0186500244127578
0	0.0186500244127578
0	0.0286534221198721
0	0.0186500244127578
0	0.0186500244127578
0	0.0186500244127578
0	0.0186500244127578
0	0.0186500244127578
0	0.189340775390718
0	0.0186500244127578
0	0.0583762701389298
0	0.0274449217813803
0	0.0814837990214854
0	0.0186500244127578
0	0.0186500244127578
0	0.0186500244127578
0	0.0186500244127578
0	0.0186500244127578
0	0.0186500244127578
0	0.0186500244127578
0	0.0186500244127578
0	0.0381357687278313
0	0.905802973176419
0	0.0186500244127578
0	0.0186500244127578
0	0.0186500244127578
0	0.0186500244127578
0	0.0295732891208211
0	0.0186500244127578
0	0.197050308939869
0	0.0186500244127578
0	0.112554068967756
0	0.0214495281517723
0	0.0186500244127578
0	0.0186500244127578
0	0.0186500244127578
0	0.0273795426419418
0	0.0186500244127578
0	0.0186500244127578
0	0.0186500244127578
0	0.020086840483517
0	0.0186500244127578
0	0.0186500244127578
0	0.0186500244127578
0	0.0186500244127578
0	0.0240852837924562
0	0.0186500244127578
0	0.0186500244127578
0	0.0186500244127578
0	0.0186500244127578
0	0.050424692611137
0	0.0186500244127578
0	0.0186500244127578
0	0.0186500244127578
0	0.374723494487603
0	0.0186500244127578
0	0.758561427755616
0	0.0186500244127578
0	0.75235601798431
0	0.963540089483416
0	0.0286534221198721
0	0.0186500244127578
0	0.0186500244127578
0	0.0186500244127578
0	0.0186500244127578
0	0.0186500244127578
0	0.0186500244127578
0	0.0186500244127578
0	0.0214495281517723
0	0.0186500244127578
0	0.0186500244127578
0	0.0213198341813564
0	0.0186500244127578
0	0.0186500244127578
0	0.0186500244127578
0	0.0186500244127578
0	0.0186500244127578
0	0.0186500244127578
0	0.0186500244127578
0	0.0235921074334185
0	0.0192298415524799
0	0.0186500244127578
0	0.0186500244127578
0	0.0280533513363665
0	0.0186500244127578
0	0.0241370898330953
0	0.0409616808441308
0	0.101502758589121
0	0.0249803324027128
0	0.0186500244127578
0	0.0479069879739662
0	0.0186500244127578
0	0.0186500244127578
0	0.0253150339584525
0	0.0186500244127578
0	0.0573586470274729
0	0.0306664238915128
0	0.0286534221198721
0	0.0186500244127578
0	0.0186500244127578
0	0.0186500244127578
0	0.0186500244127578
0	0.0186500244127578
0	0.0186500244127578
0	0.0186500244127578
0	0.0327805420679436
0	0.0186500244127578
0	0.0186500244127578
0	0.0186500244127578
0	0.0186500244127578
0	0.0186500244127578
0	0.0190185580120689
0	0.0186500244127578
0	0.0186500244127578
0	0.0186500244127578
0	0.025940863996445
0	0.0201588276059487
0	0.0186500244127578
0	0.0186500244127578
0	0.0186500244127578
0	0.665965268290425
0	0.0186500244127578
0	0.0192298415524799
0	0.0186500244127578
0	0.0186500244127578
0	0.0186500244127578
0	0.0249376568169474
0	0.0241370898330953
0	0.0186500244127578
0	0.0186500244127578
0	0.0186500244127578
0	0.0186500244127578
0	0.0247494148422206
0	0.0186500244127578
0	0.0186500244127578
0	0.0216856061601088
0	0.922870394142711
0	0.0186500244127578
0	0.0186500244127578
0	0.0375079967940898
0	0.0186500244127578
0	0.0211164319094564
0	0.0245422773866533
0	0.0241370898330953
0	0.0186500244127578
0	0.0465903781180178
0	0.0338187937432051
0	0.0186500244127578
0	0.0186500244127578
0	0.0186500244127578
0	0.0186500244127578
0	0.0186500244127578
0	0.020086840483517
0	0.0186500244127578
0	0.0240127709740088
0	0.0186500244127578
0	0.0186500244127578
0	0.0253772071320515
0	0.03075189974778
0	0.0186500244127578
0	0.0186500244127578
0	0.0186500244127578
0	0.0377229580308838
0	0.0186500244127578
0	0.0186500244127578
0	0.0319280250780855
0	0.0186500244127578
0	0.0186500244127578
0	0.0186500244127578
0	0.0190341718809855
0	0.0186500244127578
0	0.0186500244127578
0	0.0186500244127578
0	0.0192298415524799
0	0.0241370898330953
0	0.0186500244127578
0	0.024611331278201
0	0.0186500244127578
0	0.0277369621653317
0	0.0186500244127578
0	0.0186500244127578
0	0.020086840483517
0	0.0186500244127578
0	0.0186500244127578
0	0.0186500244127578
0	0.0737651436478986
0	0.0186500244127578
0	0.0296367134096445
0	0.0259854412192116
0	0.0186500244127578
0	0.0229456039544332
0	0.0289278006232225
0	0.0186500244127578
0	0.0186500244127578
0	0.41543966034077
0	0.020086840483517
0	0.0241370898330953
0	0.0186500244127578
0	0.0186500244127578
0	0.0308084082291513
0	0.0186500244127578
0	0.0186500244127578
0	0.0186500244127578
0	0.0186500244127578
0	0.0249376568169474
0	0.0186500244127578
0	0.0186500244127578
0	0.0862340037911662
0	0.020584974715525
0	0.0186500244127578
0	0.0186500244127578
0	0.0186500244127578
0	0.0186500244127578
0	0.0186500244127578
0	0.0186500244127578
0	0.0265484658067075
0	0.0336547743882608
0	0.0186500244127578
0	0.0245422773866533
0	0.036036200836031
0	0.0249376568169474
0	0.0186500244127578
0	0.644987686552505
0	0.0186500244127578
0	0.0241370898330953
0	0.0186500244127578
0	0.0571434847965356
0	0.0186500244127578
0	0.0186500244127578
0	0.0401009186818977
0	0.0318226630161567
0	0.0186500244127578
0	0.0186500244127578
0	0.0186500244127578
0	0.0186500244127578
0	0.0207845589718939
0	0.0186500244127578
0	0.0186500244127578
0	0.0241370898330953
0	0.0186500244127578
0	0.0286111445036268
0	0.0186500244127578
0	0.0260155033265255
0	0.0186500244127578
0	0.0186500244127578
0	0.0186500244127578
0	0.0186500244127578
0	0.0186500244127578
0	0.0186500244127578
0	0.0186500244127578
0	0.0306166148650488
0	0.0411096849888136
0	0.304613826694346
0	0.0395381577398291
0	0.0192298415524799
0	0.0186500244127578
0	0.0339880375898337
0	0.100212335596306
0	0.0186500244127578
0	0.0186500244127578
0	0.0186500244127578
0	0.0231794641254467
0	0.0186500244127578
0	0.0186500244127578
0	0.0450477075025329
0	0.0186500244127578
0	0.0186500244127578
0	0.0853823380433174
0	0.020086840483517
0	0.0186500244127578
0	0.0269044769612233
0	0.021847863728287
0	0.0186500244127578
0	0.0240127709740088
0	0.139488515373207
0	0.0186500244127578
0	0.0186500244127578
0	0.0186500244127578
0	0.0229456039544332
0	0.212347995527922
0	0.0186500244127578
0	0.0186500244127578
0	0.0186500244127578
0	0.0197381237546994
0	0.020086840483517
0	0.0186500244127578
0	0.0245422773866533
0	0.0206911466897379
0	0.0523934709756626
0	0.0186500244127578
0	0.0201588276059487
0	0.0186500244127578
0	0.0186500244127578
0	0.0249376568169474
0	0.0186500244127578
0	0.0186500244127578
0	0.0249376568169474
0	0.0186500244127578
0	0.019691884139255
0	0.0214495281517723
0	0.0186500244127578
0	0.0186500244127578
0	0.0186500244127578
0	0.0440695555974757
0	0.0186500244127578
0	0.0186500244127578
0	0.0186500244127578
0	0.0186500244127578
0	0.0186500244127578
0	0.0186500244127578
0	0.0537685514701734
0	0.0533302573581663
0	0.026755542986393
0	0.0186500244127578
0	0.0186500244127578
0	0.0426223104965095
0	0.224224829329484
0	0.0441115518602797
0	0.0807024910392689
0	0.024632543717377
0	0.0186500244127578
0	0.0245422773866533
0	0.0216856061601088
0	0.024632543717377
0	0.0186500244127578
0	0.020086840483517
0	0.0186500244127578
0	0.0245422773866533
0	0.0186500244127578
0	0.020086840483517
0	0.765561607087452
0	0.0186500244127578
0	0.0186500244127578
0	0.0186500244127578
0	0.0186500244127578
0	0.0186500244127578
0	0.0201588276059487
0	0.0186500244127578
0	0.0186500244127578
0	0.0186500244127578
0	0.0285718505606435
0	0.0186500244127578
0	0.0214495281517723
0	0.0186500244127578
0	0.020086840483517
0	0.0186500244127578
0	0.0186500244127578
0	0.0186500244127578
0	0.0186500244127578
0	0.0186500244127578
0	0.0186500244127578
0	0.0186500244127578
0	0.0186500244127578
0	0.0190185580120689
0	0.0246537856887358
0	0.0249376568169474
0	0.0186500244127578
0	0.0186500244127578
0	0.0186500244127578
0	0.185884628660145
0	0.0186500244127578
0	0.0191132219906629
0	0.0201588276059487
0	0.0186500244127578
0	0.0186500244127578
0	0.0214495281517723
0	0.0186500244127578
0	0.0186500244127578
0	0.0186500244127578
0	0.0599708157354207
0	0.0186500244127578
0	0.0214495281517723
0	0.0186500244127578
0	0.0571210469913996
0	0.0186500244127578
0	0.0186500244127578
0	0.0186500244127578
0	0.0186500244127578
0	0.0478613905856159
0	0.0186500244127578
0	0.0186500244127578
0	0.0219806976935394
0	0.0186500244127578
0	0.0412970647814047
0	0.0186500244127578
0	0.0186500244127578
0	0.0293931021692683
0	0.0186500244127578
0	0.0190371723514195
0	0.0313107946380915
0	0.0186500244127578
0	0.0186500244127578
0	0.0186500244127578
0	0.0186500244127578
0	0.961193208083878
0	0.0186500244127578
0	0.0186500244127578
0	0.0381296605853209
0	0.020086840483517
0	0.0186500244127578
0	0.0186500244127578
0	0.0186500244127578
0	0.0336352770730896
0	0.0186500244127578
0	0.0186500244127578
0	0.0186500244127578
0	0.0186500244127578
0	0.0186500244127578
0	0.0317069049054026
0	0.0186500244127578
0	0.0186500244127578
0	0.0214495281517723
0	0.0186500244127578
0	0.0186500244127578
0	0.0186500244127578
0	0.0186500244127578
0	0.0186500244127578
0	0.142278675271931
0	0.0186500244127578
0	0.0186500244127578
0	0.0241370898330953
0	0.0186500244127578
0	0.0422460085732771
0	0.0186500244127578
0	0.930029747580342
0	0.0264208168461689
0	0.0240693337218407
0	0.0202410353783695
0	0.0186500244127578
0	0.0268914775476474
0	0.0186500244127578
0	0.0438298844542895
0	0.0186500244127578
0	0.0241370898330953
0	0.0186500244127578
0	0.0186500244127578
0	0.0186500244127578
0	0.0186500244127578
0	0.0186500244127578
0	0.0186500244127578
0	0.0186500244127578
0	0.0186500244127578
0	0.0186500244127578
0	0.0249376568169474
0	0.0506697690955768
0	0.0186500244127578
0	0.0241370898330953
0	0.0186500244127578
0	0.0186500244127578
0	0.0284679443358372
0	0.0186500244127578
0	0.025434617904921
0	0.0186500244127578
0	0.0241370898330953
0	0.0421309454004105
0	0.0186500244127578
0	0.0186500244127578
0	0.0186500244127578
0	0.0186500244127578
0	0.0186500244127578
0	0.020086840483517
0	0.0217577543307201
0	0.0290832829887352
0	0.0186500244127578
0	0.0186500244127578
0	0.0186500244127578
0	0.0186500244127578
0	0.0534923381413676
0	0.0186500244127578
0	0.0186500244127578
0	0.112779296075422
0	0.0327234511606992
0	0.0186500244127578
0	0.0395254251509542
0	0.0557805647446364
0	0.0186500244127578
0	0.0186500244127578
0	0.153862722196823
0	0.0277997638477249
0	0.166446482697606
0	0.0214495281517723
0	0.020627774200767
0	0.0186500244127578
0	0.0186500244127578
0	0.0186500244127578
0	0.0186500244127578
0	0.0186500244127578
0	0.0186500244127578
0	0.0186500244127578
0	0.0186500244127578
0	0.0186500244127578
0	0.0186500244127578
0	0.0186500244127578
0	0.0186500244127578
0	0.0265514113366824
0	0.0186500244127578
0	0.0277369621653317
0	0.0186500244127578
0	0.0186500244127578
0	0.0186500244127578
0	0.0286534221198721
0	0.0703825125921609
0	0.0273795426419418
0	0.0186500244127578
0	0.0186500244127578
0	0.0186500244127578
0	0.0186500244127578
0	0.133674440652249
0	0.0186500244127578
0	0.0186500244127578
0	0.0186500244127578
0	0.025434617904921
0	0.0186500244127578
0	0.0186500244127578
0	0.0186500244127578
0	0.0644976218754426
0	0.0186500244127578
0	0.0186500244127578
0	0.0425050982778501
0	0.0186500244127578
0	0.0379640842702558
0	0.0186500244127578
0	0.0186500244127578
0	0.443001880659387
0	0.0278112478220864
0	0.0186500244127578
0	0.0186500244127578
0	0.0201588276059487
0	0.0186500244127578
0	0.0186500244127578
0	0.0186500244127578
0	0.0186500244127578
0	0.0186500244127578
0	0.0241370898330953
0	0.76322644029006
0	0.0186500244127578
0	0.0186500244127578
0	0.0186500244127578
0	0.0186500244127578
0	0.0308580980771135
0	0.0186500244127578
0	0.0229101388810258
0	0.0186500244127578
0	0.0477538502841447
0	0.0186500244127578
0	0.0241370898330953
0	0.0186500244127578
0	0.0272150314238274
0	0.0186500244127578
0	0.0351386660300158
0	0.0186500244127578
0	0.0186500244127578
0	0.0186500244127578
0	0.0186500244127578
0	0.0259233744154326
0	0.0186500244127578
0	0.551702700741733
0	0.0186500244127578
0	0.109180900950183
0	0.0186500244127578
0	0.0186500244127578
0	0.0186500244127578
0	0.0186500244127578
0	0.0201588276059487
0	0.0186500244127578
0	0.0186500244127578
0	0.0186500244127578
0	0.0186500244127578
0	0.0186500244127578
0	0.0186500244127578
0	0.0274397223085586
0	0.0343246156207137
0	0.0236557486838284
0	0.0189149835239184
0	0.0186500244127578
0	0.192494829062966
0	0.0186500244127578
0	0.020086840483517
0	0.0186500244127578
0	0.0691038925524805
0	0.187272387754448
0	0.0186500244127578
0	0.0241370898330953
0	0.0186500244127578
0	0.0186500244127578
0	0.0309826979318529
0	0.0186500244127578
0	0.0186500244127578
0	0.0240127709740088
0	0.0186500244127578
0	0.0191132219906629
0	0.0186500244127578
0	0.0186500244127578
0	0.0240127709740088
0	0.0186500244127578
0	0.0186500244127578
0	0.0583424721897525
0	0.0186500244127578
0	0.0186500244127578
0	0.0186500244127578
0	0.0186500244127578
0	0.0186500244127578
0	0.0186500244127578
0	0.0186500244127578
0	0.0186500244127578
0	0.0186500244127578
0	0.0491398616972056
0	0.0186500244127578
0	0.0186500244127578
0	0.0186500244127578
0	0.0241370898330953
0	0.0186500244127578
0	0.0186500244127578
0	0.0186500244127578
0	0.0251406987112092
0	0.0186500244127578
0	0.0186500244127578
0	0.0186500244127578
0	0.0186500244127578
0	0.0186500244127578
0	0.0186500244127578
0	0.0318226630161567
0	0.0201588276059487
0	0.0186500244127578
0	0.0186500244127578
0	0.0186500244127578
0	0.020086840483517
0	0.0186500244127578
0	0.0186500244127578
0	0.0844808095421763
0	0.0230969445828002
0	0.0186500244127578
0	0.0186500244127578
0	0.0186500244127578
0	0.0222242615124173
0	0.0234535390978978
0	0.0186500244127578
0	0.0186500244127578
0	0.0201588276059487
0	0.0186500244127578
0	0.0186500244127578
0	0.0186500244127578
0	0.0186500244127578
0	0.0186500244127578
0	0.0186500244127578
0	0.021847863728287
0	0.0186500244127578
0	0.0214495281517723
0	0.0186500244127578
0	0.0191432800540425
0	0.0186500244127578
0	0.0186500244127578
0	0.0186500244127578
0	0.0186500244127578
0	0.0201588276059487
0	0.0186500244127578
0	0.0186500244127578
0	0.0249376568169474
0	0.0186500244127578
0	0.0186500244127578
0	0.0186500244127578
0	0.0186500244127578
0	0.025434617904921
0	0.0186500244127578
0	0.0186500244127578
0	0.0186500244127578
0	0.111788473790266
0	0.0186500244127578
0	0.0186500244127578
0	0.0284639259018375
0	0.0186500244127578
0	0.0186500244127578
0	0.0186500244127578
0	0.0186500244127578
0	0.0186500244127578
0	0.0265178046043429
0	0.0186500244127578
0	0.0186500244127578
0	0.0186500244127578
0	0.0186500244127578
0	0.0186500244127578
0	0.0186500244127578
0	0.0186500244127578
0	0.0186500244127578
0	0.0410614668958908
0	0.0186500244127578
0	0.0186500244127578
0	0.024632543717377
0	0.0186500244127578
0	0.0186500244127578
0	0.0186500244127578
0	0.0464105523989714
0	0.0241370898330953
0	0.0186500244127578
0	0.0186500244127578
0	0.0186500244127578
0	0.0241370898330953
0	0.0391757232479171
0	0.020086840483517
0	0.0186500244127578
0	0.0186500244127578
0	0.0186500244127578
0	0.0214495281517723
0	0.031660043619114
0	0.0359839396950691
0	0.0186500244127578
0	0.0186500244127578
0	0.0457396692374857
0	0.0186500244127578
0	0.0186500244127578
0	0.0186500244127578
0	0.0350241410677178
0	0.0295063904788221
0	0.0186500244127578
0	0.0186500244127578
0	0.0186500244127578
0	0.0186500244127578
0	0.0260155033265255
0	0.0201830071318617
0	0.0186500244127578
0	0.0214495281517723
0	0.0186500244127578
0	0.0353285117765148
0	0.192228602838431
0	0.0186500244127578
0	0.0190341718809855
0	0.0186500244127578
0	0.56285738073185
0	0.0222242615124173
0	0.0186500244127578
0	0.0186500244127578
0	0.0281273183633021
0	0.0186500244127578
0	0.0241370898330953
0	0.0241370898330953
0	0.0219807948346806
0	0.0186500244127578
0	0.0186500244127578
0	0.0186500244127578
0	0.0214495281517723
0	0.0186500244127578
0	0.0309459888569728
0	0.0186500244127578
0	0.0186500244127578
0	0.0186500244127578
0	0.0186500244127578
0	0.0186500244127578
0	0.0262698952416387
0	0.0286534221198721
0	0.0315602518162963
0	0.0186500244127578
0	0.0186500244127578
0	0.0201588276059487
0	0.0286534221198721
0	0.0186500244127578
0	0.0201588276059487
0	0.0249803324027128
0	0.0214495281517723
0	0.0186500244127578
0	0.0186500244127578
0	0.474418673182495
0	0.0186500244127578
0	0.0186500244127578
0	0.0186500244127578
0	0.0251205111495161
0	0.0241541270496384
0	0.64433214534029
0	0.0186500244127578
0	0.0241370898330953
0	0.0186500244127578
0	0.0186500244127578
0	0.0268456269187152
0	0.0186500244127578
0	0.0186500244127578
0	0.029046916061629
0	0.408120371148497
0	0.0186500244127578
0	0.0186500244127578
0	0.0241370898330953
0	0.0186500244127578
0	0.443522007973328
0	0.0190185580120689
0	0.0186500244127578
0	0.0186500244127578
0	0.199496880847125
0	0.0186500244127578
0	0.0273091589531899
0	0.0186500244127578
0	0.0186500244127578
0	0.020086840483517
0	0.031660043619114
0	0.0249376568169474
0	0.0214495281517723
0	0.0186500244127578
0	0.0228838284330645
0	0.0186500244127578
0	0.0186500244127578
0	0.0249376568169474
0	0.588936194114748
0	0.0260155033265255
0	0.0473252878604314
0	0.0186500244127578
0	0.0186500244127578
0	0.0249376568169474
0	0.0186500244127578
0	0.0186500244127578
0	0.0186500244127578
0	0.0186500244127578
0	0.0404679808878687
0	0.0186500244127578
0	0.0190225782348313
0	0.0186500244127578
0	0.0642969861294471
0	0.0186500244127578
0	0.0186500244127578
0	0.0241370898330953
0	0.0186500244127578
0	0.0186500244127578
0	0.0241370898330953
0	0.0186500244127578
0	0.0186500244127578
0	0.0186500244127578
0	0.0186500244127578
0	0.027185832369185
0	0.0214495281517723
0	0.0186500244127578
0	0.0186500244127578
0	0.0186500244127578
0	0.021847863728287
0	0.0186500244127578
0	0.0186500244127578
0	0.0186500244127578
0	0.311840349612844
0	0.0214495281517723
0	0.0186500244127578
0	0.0236557486838284
0	0.0191132219906629
0	0.0255899326363618
0	0.0186500244127578
0	0.0240127709740088
0	0.0186500244127578
0	0.0265178046043429
0	0.0241370898330953
0	0.020086840483517
0	0.0186500244127578
0	0.0267507324883688
0	0.0838720198296624
0	0.0236557486838284
0	0.0186500244127578
0	0.0186500244127578
0	0.178295113224652
0	0.0476668828166798
0	0.0342389049011134
0	0.0273795426419418
0	0.0186500244127578
0	0.0186500244127578
0	0.0186500244127578
0	0.0186500244127578
0	0.0186500244127578
0	0.0186500244127578
0	0.0186500244127578
0	0.0194907268113423
0	0.0186500244127578
0	0.0186500244127578
0	0.31318617074336
0	0.0191132219906629
0	0.0186500244127578
0	0.0186500244127578
0	0.0674349477095455
0	0.0186500244127578
0	0.0322686109523172
0	0.0186500244127578
0	0.0186500244127578
0	0.0186500244127578
0	0.0186500244127578
0	0.166453164247767
0	0.0195373851795177
0	0.0186500244127578
0	0.0263336524747479
0	0.0186500244127578
0	0.0186500244127578
0	0.0186500244127578
0	0.0186500244127578
0	0.189191854051923
0	0.0186500244127578
0	0.140643459084495
0	0.0186500244127578
0	0.0186500244127578
0	0.0186500244127578
0	0.020086840483517
0	0.0186500244127578
0	0.0293899973840572
0	0.0186500244127578
0	0.04712459394738
0	0.0186500244127578
0	0.0186500244127578
0	0.193281079522305
0	0.0186500244127578
0	0.0214495281517723
0	0.0278709531401373
0	0.0186500244127578
0	0.0249376568169474
0	0.0268456269187152
0	0.0186500244127578
0	0.0201588276059487
0	0.0186500244127578
0	0.0453008133173322
0	0.0186500244127578
0	0.0285174161104159
0	0.0186500244127578
0	0.0201588276059487
0	0.0212262443506225
0	0.0186500244127578
0	0.0241370898330953
0	0.0437169691218579
0	0.0186500244127578
0	0.0186500244127578
0	0.0186500244127578
0	0.0186500244127578
0	0.0371182660974216
0	0.0186500244127578
0	0.0186500244127578
0	0.0240127709740088
0	0.0186500244127578
0	0.0186500244127578
0	0.0186500244127578
0	0.030350169473947
0	0.0186500244127578
0	0.0186500244127578
0	0.0186500244127578
0	0.0186500244127578
0	0.0186500244127578
0	0.0186500244127578
0	0.0186500244127578
0	0.0186500244127578
0	0.0346236666972689
0	0.020086840483517
0	0.0186500244127578
0	0.0258359468484245
0	0.0186500244127578
0	0.0385422612516896
0	0.0186500244127578
0	0.0186500244127578
0	0.0249376568169474
0	0.0186500244127578
0	0.0186500244127578
0	0.0186500244127578
0	0.0329938934545162
0	0.0186500244127578
0	0.0186500244127578
0	0.033324219764621
0	0.0186500244127578
0	0.0186500244127578
0	0.112988493345431
0	0.0241370898330953
0	0.0186500244127578
0	0.0186500244127578
0	0.0186500244127578
0	0.0277369621653317
0	0.0241578960461701
0	0.0186500244127578
0	0.0186500244127578
0	0.0190225782348313
0	0.020584974715525
0	0.0190341718809855
0	0.021847863728287
0	0.0466210068943851
0	0.0186500244127578
0	0.0186500244127578
0	0.0186500244127578
0	0.0186500244127578
0	0.020584974715525
0	0.0186500244127578
0	0.0186500244127578
0	0.0186500244127578
0	0.0186500244127578
0	0.0186500244127578
0	0.0186500244127578
0	0.177422866712113
0	0.0241370898330953
0	0.0214495281517723
0	0.0186500244127578
0	0.0186500244127578
0	0.0249376568169474
0	0.0186500244127578
0	0.0186500244127578
0	0.0186500244127578
0	0.0186500244127578
0	0.0186500244127578
0	0.0186500244127578
0	0.125940462103046
0	0.0186500244127578
0	0.0186500244127578
0	0.0218767583359208
0	0.0186500244127578
0	0.020086840483517
0	0.0186500244127578
0	0.0186500244127578
0	0.0186500244127578
0	0.0186500244127578
0	0.0186500244127578
0	0.0186500244127578
0	0.0186500244127578
0	0.0186500244127578
0	0.0186500244127578
0	0.0186500244127578
0	0.0339305090500758
0	0.0286534221198721
0	0.0186500244127578
0	0.0186500244127578
0	0.0186500244127578
0	0.0186500244127578
0	0.0186500244127578
0	0.027594626341811
0	0.0186500244127578
0	0.0259548163055785
0	0.0268456269187152
0	0.0186500244127578
0	0.0301802150122632
0	0.0186500244127578
0	0.0186500244127578
0	0.0186500244127578
0	0.0186500244127578
0	0.0186500244127578
0	0.0241370898330953
0	0.0186500244127578
0	0.0200221718647588
0	0.020086840483517
0	0.0186500244127578
0	0.0186500244127578
0	0.0186500244127578
0	0.0186500244127578
0	0.0186500244127578
0	0.0186500244127578
0	0.0186500244127578
0	0.0553049507031887
0	0.0322015943654586
0	0.0186500244127578
0	0.0573586470274729
0	0.0186500244127578
0	0.714408361483074
0	0.0186500244127578
0	0.0249803324027128
0	0.0186500244127578
0	0.0186500244127578
0	0.0186500244127578
0	0.0186500244127578
0	0.0186500244127578
0	0.0186500244127578
0	0.020086840483517
0	0.0186500244127578
0	0.0186500244127578
0	0.0186500244127578
0	0.0186500244127578
0	0.0186500244127578
0	0.0191132219906629
0	0.0186500244127578
0	0.0186500244127578
0	0.0186500244127578
0	0.0186500244127578
0	0.0186500244127578
0	0.0186500244127578
0	0.0186500244127578
0	0.0186500244127578
0	0.0186500244127578
0	0.0186500244127578
0	0.0189149835239184
0	0.0186500244127578
0	0.0186500244127578
0	0.0186500244127578
0	0.0372382869412582
0	0.0259854412192116
0	0.0186500244127578
0	0.0186500244127578
0	0.0241370898330953
0	0.0186500244127578
0	0.0186500244127578
0	0.0186500244127578
0	0.0186500244127578
0	0.020086840483517
0	0.0186500244127578
0	0.0239876520305449
0	0.0186500244127578
0	0.0186500244127578
0	0.0190185580120689
0	0.0280376993537548
0	0.0186500244127578
0	0.0186500244127578
0	0.0186500244127578
0	0.0260155033265255
0	0.0186500244127578
0	0.0207845589718939
0	0.0186500244127578
0	0.0186500244127578
0	0.0186500244127578
0	0.0186500244127578
0	0.0186500244127578
0	0.0186500244127578
0	0.0186500244127578
0	0.0201588276059487
0	0.0186500244127578
0	0.0834938495919272
0	0.0186500244127578
0	0.0186500244127578
0	0.0241370898330953
0	0.0186500244127578
0	0.0186500244127578
0	0.0186500244127578
0	0.020086840483517
0	0.0186500244127578
0	0.0186500244127578
0	0.0186500244127578
0	0.0273795426419418
0	0.0286534221198721
0	0.0186500244127578
0	0.0186500244127578
0	0.0186500244127578
0	0.0186500244127578
0	0.0241370898330953
0	0.0186500244127578
0	0.0186500244127578
0	0.020086840483517
0	0.0186500244127578
0	0.0186500244127578
0	0.0186500244127578
0	0.0399197455593496
0	0.0214495281517723
0	0.0186500244127578
0	0.0268456269187152
0	0.0186500244127578
0	0.0186500244127578
0	0.0557887891346988
0	0.0249376568169474
0	0.0186500244127578
0	0.0190185580120689
0	0.115689526035213
0	0.0186500244127578
0	0.0186500244127578
0	0.0328531742847648
0	0.0186500244127578
0	0.0186500244127578
0	0.0186500244127578
0	0.020086840483517
0	0.0186500244127578
0	0.0674876560246097
0	0.020086840483517
0	0.025434617904921
0	0.0186500244127578
0	0.0186500244127578
0	0.0186500244127578
0	0.0980214720817675
0	0.0186500244127578
0	0.0512933932951793
0	0.0186500244127578
0	0.0186500244127578
0	0.0186500244127578
0	0.0236557486838284
0	0.0259854412192116
0	0.0186500244127578
0	0.0251827451411345
0	0.0260155033265255
0	0.0186500244127578
0	0.0191132219906629
0	0.0186500244127578
0	0.0993228487581631
0	0.0249376568169474
0	0.0186500244127578
0	0.0186500244127578
0	0.0186500244127578
0	0.0219069053345704
0	0.951366583830194
0	0.0186500244127578
0	0.0186500244127578
0	0.0186500244127578
0	0.0186500244127578
0	0.0186500244127578
0	0.020086840483517
0	0.0186500244127578
0	0.0273795426419418
0	0.0186500244127578
0	0.0186500244127578
0	0.0241370898330953
0	0.0186500244127578
0	0.0186500244127578
0	0.0315285918331442
0	0.0240127709740088
0	0.0186500244127578
0	0.0186500244127578
0	0.0186500244127578
0	0.0186500244127578
0	0.0186500244127578
0	0.0186500244127578
0	0.0191132219906629
0	0.0292166723213627
0	0.0186500244127578
0	0.0186500244127578
0	0.0186500244127578
0	0.0190371723514195
0	0.031027736578152
0	0.0214495281517723
0	0.0308076106547619
0	0.0186500244127578
0	0.0186500244127578
0	0.0186500244127578
0	0.0186500244127578
0	0.0373877618550246
0	0.0195903080056441
0	0.0186500244127578
0	0.0186500244127578
0	0.143722422376158
0	0.0186500244127578
0	0.0186500244127578
0	0.0186500244127578
0	0.0445946242316716
0	0.0186500244127578
0	0.0186500244127578
0	0.0186500244127578
0	0.0186500244127578
0	0.0345208052111395
0	0.0186500244127578
0	0.0355943608364595
0	0.0186500244127578
0	0.0186500244127578
0	0.0274449217813803
0	0.0186500244127578
0	0.0186500244127578
0	0.0186500244127578
0	0.0258518545635221
0	0.0186500244127578
0	0.0186500244127578
0	0.0186500244127578
0	0.0186500244127578
0	0.0186500244127578
0	0.0186500244127578
0	0.506964377964311
0	0.0186500244127578
0	0.0186500244127578
0	0.0186500244127578
0	0.0186500244127578
0	0.0186500244127578
0	0.0260155033265255
0	0.0186500244127578
0	0.0186500244127578
0	0.758322705670834
0	0.0698054350415016
0	0.0328899287702004
0	0.0186500244127578
0	0.0186500244127578
0	0.0186500244127578
0	0.0353912892379558
0	0.0247186702343663
0	0.0186500244127578
0	0.0186500244127578
0	0.0186500244127578
0	0.0186500244127578
0	0.0393231802387902
0	0.0241370898330953
0	0.0241370898330953
0	0.0186500244127578
0	0.0300589100337025
0	0.0186500244127578
0	0.0186500244127578
0	0.0186500244127578
0	0.0186500244127578
0	0.0186500244127578
0	0.0186500244127578
0	0.0186500244127578
0	0.197278614578606
0	0.0186500244127578
0	0.280348023454789
0	0.100121108072043
0	0.0186500244127578
0	0.0186500244127578
0	0.0523349176761856
0	0.0186500244127578
0	0.0186500244127578
0	0.0186500244127578
0	0.0186500244127578
0	0.0186500244127578
0	0.0260155033265255
0	0.027594626341811
0	0.0186500244127578
0	0.109274264541202
0	0.0216856061601088
0	0.352886217026659
0	0.0186500244127578
0	0.0186500244127578
0	0.0186500244127578
0	0.0186500244127578
0	0.19728891717052
0	0.0602243300149259
0	0.0644883922553077
0	0.0277369621653317
0	0.0249803324027128
0	0.0366592324910704
0	0.0186500244127578
0	0.333279122667418
0	0.0186500244127578
0	0.0186500244127578
0	0.0333628573277168
0	0.0230969445828002
0	0.0241370898330953
0	0.0186500244127578
0	0.0186500244127578
0	0.0186500244127578
0	0.0186500244127578
0	0.0186500244127578
0	0.0190341718809855
0	0.0186500244127578
0	0.306726969586456
0	0.0186500244127578
0	0.0186500244127578
0	0.0186500244127578
0	0.0348888691106622
0	0.0186500244127578
0	0.0241370898330953
0	0.055584465051984
0	0.0545373367656001
0	0.0186500244127578
0	0.0186500244127578
0	0.0186500244127578
0	0.0249376568169474
0	0.0401418903860886
0	0.778104065984742
0	0.0186500244127578
0	0.0214907697658536
0	0.0843019324889657
0	0.0201588276059487
0	0.0247050245135346
0	0.0186500244127578
0	0.0186500244127578
0	0.0186500244127578
0	0.0249007212000347
0	0.0249803324027128
0	0.0186500244127578
0	0.0186500244127578
0	0.0186500244127578
0	0.0277369621653317
0	0.0186500244127578
0	0.020086840483517
0	0.0186500244127578
0	0.0225066435214773
0	0.187754183702447
0	0.0186500244127578
0	0.0186500244127578
0	0.021847863728287
0	0.0186500244127578
0	0.0186500244127578
0	0.0186500244127578
0	0.0186500244127578
0	0.028103804007206
0	0.0186500244127578
0	0.0186500244127578
0	0.0186500244127578
0	0.0186500244127578
0	0.0186500244127578
0	0.0283245282144673
0	0.0186500244127578
0	0.0186500244127578
0	0.0186500244127578
0	0.0186500244127578
0	0.0500382057815002
0	0.020086840483517
0	0.0314474196004212
0	0.0439287894870744
0	0.0186500244127578
0	0.0186500244127578
0	0.0186500244127578
0	0.0447994485585228
0	0.0327805420679436
0	0.0186500244127578
0	0.0186500244127578
0	0.0196716214670138
0	0.0186500244127578
0	0.0186500244127578
0	0.0214495281517723
0	0.0258518545635221
0	0.0220775397320285
0	0.0186500244127578
0	0.0186500244127578
0	0.77603895662635
0	0.141167243361755
0	0.0186500244127578
0	0.0186500244127578
0	0.0292222122984685
0	0.85528765134226
0	0.0300696945208219
0	0.0191132219906629
0	0.166605387889626
0	0.0186500244127578
0	0.0792455699385427
0	0.0186500244127578
0	0.020086840483517
0	0.0186500244127578
0	0.0186500244127578
0	0.119107054219517
0	0.0186500244127578
0	0.391851832612743
0	0.0262234655811652
0	0.0923875221585113
0	0.0290421915583385
0	0.846589486066662
0	0.0186500244127578
0	0.0186500244127578
0	0.0186500244127578
0	0.0186500244127578
0	0.0268840540675952
0	0.0186500244127578
0	0.0186500244127578
0	0.0186500244127578
0	0.0604904097221378
0	0.0186500244127578
0	0.0186500244127578
0	0.0186500244127578
0	0.0186500244127578
