1	0.94122479565674
1	0.909551811744155
1	0.948939936795611
1	0.532892469850193
1	0.942183322676574
1	0.942696548040783
1	0.227170776520559
1	0.0263034886297124
1	0.0259267553780713
1	0.44843678515041
1	0.937077244752453
1	0.966317070991818
1	0.894076919413777
1	0.883708154623088
1	0.812953129689325
1	0.885959750842333
1	0.967948080741634
1	0.0344573527823879
1	0.91843086720701
1	0.953259222238307
1	0.465273336346578
1	0.961591522533119
1	0.0920973362857741
1	0.619578324334317
1	0.707548788160831
1	0.0363205547559888
1	0.946939697636812
1	0.852994701558731
1	0.408500531867115
1	0.568746790479608
1	0.776821629248846
1	0.895628642474549
1	0.473233368465087
1	0.882613312654934
1	0.970871838911305
1	0.729990257416919
1	0.891408899726646
1	0.903485163843476
1	0.299534417016012
1	0.934480118035392
1	0.374271646212737
1	0.0192404649645203
1	0.928930189054162
1	0.0199787957330597
1	0.911123351485543
1	0.882327459256974
1	0.0784986579994704
1	0.963922994118324
1	0.0192404649645203
1	0.305831128559721
1	0.871443974722521
1	0.823041584682778
1	0.691363055056377
1	0.697912890545115
1	0.212861802282373
1	0.0896597551071606
1	0.808934252996261
1	0.528005057270489
1	0.0372335275162467
1	0.944987136863001
1	0.300508199452313
1	0.743974787949449
1	0.0307279195835946
1	0.912358757043364
1	0.906249727776518
1	0.84776168455837
1	0.0192404649645203
1	0.53925271456759
1	0.963281692905748
1	0.916605499812353
1	0.896242235572942
1	0.0192404649645203
1	0.0192404649645203
1	0.0192404649645203
1	0.844651489823769
1	0.950859881696295
1	0.93707903724848
1	0.79843855730247
1	0.853896479233369
1	0.798726842203676
1	0.466632187355427
1	0.898035193477946
1	0.561531003020413
1	0.373356213638923
1	0.912367077383824
1	0.856255159770019
1	0.920224162189603
1	0.950769297697009
1	0.0195929091064897
1	0.883738545529347
1	0.91831790309428
1	0.921352930738116
1	0.931247857631367
1	0.615396487597621
1	0.8047751019306
1	0.869258546767054
1	0.938610882655069
1	0.909204187633427
1	0.940971918149886
1	0.759664876718775
1	0.798832289764671
1	0.841893830948053
1	0.907690884526486
1	0.548046404505713
1	0.245946844390014
1	0.867203115675941
1	0.0192404649645203
1	0.457348160828385
1	0.922018934288111
1	0.953459617204679
1	0.4955568636815
1	0.885184685771341
1	0.939877681312884
1	0.964089868206694
1	0.74608678211863
1	0.927722378605811
1	0.0192404649645203
1	0.929279829582705
1	0.919916378152585
1	0.89575503209257
1	0.805909851523658
1	0.624824109742459
1	0.250319511884612
1	0.896149750298321
1	0.92300457511851
1	0.926496095941726
1	0.959392387576797
1	0.724498628977516
1	0.82294439349269
1	0.0307396501163319
1	0.975153808760174
1	0.876031545768523
1	0.0202361627562081
1	0.735228668918302
1	0.0225628762592834
1	0.0192404649645203
1	0.504425269339365
1	0.0192404649645203
1	0.591155987356771
1	0.944439958280733
1	0.933310276345711
1	0.890130608714194
1	0.842270262938795
1	0.971278130064909
1	0.833783896360899
1	0.829522035972417
1	0.755673342025345
1	0.964759132601758
1	0.0192404649645203
1	0.89921823566267
1	0.731131192764432
1	0.259035117999864
1	0.0192404649645203
1	0.0192404649645203
1	0.428896998636232
1	0.919231014220536
1	0.893101324004756
1	0.919529388907174
1	0.545807992646348
1	0.0192404649645203
1	0.949392270039506
1	0.712579105983772
1	0.835884519869063
1	0.755079759675153
1	0.661963389077704
1	0.941893253782497
1	0.658359587322676
1	0.863195686361311
1	0.984820521341376
1	0.857625055189589
1	0.935748234940924
1	0.862984045352574
1	0.0349982557422714
1	0.714054306039881
1	0.857492203694086
1	0.917766659115502
1	0.446003318593213
1	0.925494937341641
1	0.745174381991881
1	0.960447432633794
1	0.816736688105986
1	0.0192404649645203
1	0.02630729827463
1	0.827527493654539
1	0.952529425733311
1	0.622851341542473
1	0.153777336413494
1	0.0263034886297124
1	0.752311742516874
1	0.629719087211226
1	0.473102475004011
1	0.341397523329236
1	0.836041595649331
1	0.849017080337093
1	0.805112057894148
1	0.834071212225812
1	0.0192404649645203
1	0.789005405979169
1	0.522989315419908
1	0.916620497505607
0	0.0192404649645203
0	0.0254897419706333
0	0.0192404649645203
0	0.028886289453495
0	0.0192404649645203
0	0.0192404649645203
0	0.0192404649645203
0	0.0221344031457605
0	0.0192404649645203
0	0.0192404649645203
0	0.0336164946436164
0	0.752004496281519
0	0.0254897419706333
0	0.525778678013741
0	0.0202361627562081
0	0.0192404649645203
0	0.0192404649645203
0	0.0198899202675088
0	0.0260270230120689
0	0.0192404649645203
0	0.0263034886297124
0	0.0262455289365498
0	0.0192404649645203
0	0.0192404649645203
0	0.0192404649645203
0	0.0192404649645203
0	0.0199787957330597
0	0.0192404649645203
0	0.0192404649645203
0	0.0192404649645203
0	0.0192404649645203
0	0.192002306829384
0	0.0263034886297124
0	0.0192404649645203
0	0.0332589905892514
0	0.0214374396953248
0	0.0192404649645203
0	0.0455618635963347
0	0.0244386417851936
0	0.0192404649645203
0	0.0238528988839928
0	0.0192404649645203
0	0.140460376985671
0	0.0434411941703299
0	0.0236270502106528
0	0.590451830977912
0	0.0315699067787826
0	0.0263034886297124
0	0.0307279195835946
0	0.0192404649645203
0	0.0192404649645203
0	0.0452980616303213
0	0.0192404649645203
0	0.0192404649645203
0	0.0192404649645203
0	0.0192404649645203
0	0.0192404649645203
0	0.0192404649645203
0	0.0192404649645203
0	0.0376053399019451
0	0.0192404649645203
0	0.0192404649645203
0	0.0192404649645203
0	0.0192404649645203
0	0.0192404649645203
0	0.0192404649645203
0	0.033627593689699
0	0.0192404649645203
0	0.0192404649645203
0	0.0192404649645203
0	0.0192404649645203
0	0.0192404649645203
0	0.0225628762592834
0	0.17926373706223
0	0.0192404649645203
0	0.0192404649645203
0	0.0192404649645203
0	0.0246581051831763
0	0.0192404649645203
0	0.0288003981474345
0	0.0192404649645203
0	0.0375559653724429
0	0.0245290858535681
0	0.0192404649645203
0	0.0192404649645203
0	0.0192404649645203
0	0.0192404649645203
0	0.0192404649645203
0	0.0212447203999479
0	0.0354666655316978
0	0.0192404649645203
0	0.0192404649645203
0	0.0978560908313167
0	0.0192404649645203
0	0.0192404649645203
0	0.0192404649645203
0	0.0192404649645203
0	0.0192404649645203
0	0.0224222809633619
0	0.0252436140089971
0	0.202840028628709
0	0.0192404649645203
0	0.0246799693148772
0	0.0192404649645203
0	0.0192404649645203
0	0.0192404649645203
0	0.856329551618254
0	0.0192404649645203
0	0.0192404649645203
0	0.0192404649645203
0	0.0192404649645203
0	0.0192404649645203
0	0.0192404649645203
0	0.0192404649645203
0	0.0224582538051884
0	0.0192404649645203
0	0.0192404649645203
0	0.0192404649645203
0	0.0192404649645203
0	0.0268063949934575
0	0.0202361627562081
0	0.0535346991628404
0	0.0273053089354119
0	0.0381119552923594
0	0.0202361627562081
0	0.0192404649645203
0	0.0327655592987599
0	0.0192404649645203
0	0.0192404649645203
0	0.0202361627562081
0	0.113848853650458
0	0.0192404649645203
0	0.0202361627562081
0	0.107682635602145
0	0.033627593689699
0	0.0192404649645203
0	0.0306609411527696
0	0.0192404649645203
0	0.0192404649645203
0	0.0192404649645203
0	0.0192404649645203
0	0.0192404649645203
0	0.0192404649645203
0	0.0192404649645203
0	0.0192404649645203
0	0.0202361627562081
0	0.0192404649645203
0	0.0192404649645203
0	0.0192404649645203
0	0.0195929091064897
0	0.035378145872753
0	0.0192404649645203
0	0.0192404649645203
0	0.0192404649645203
0	0.0192404649645203
0	0.0237263500500044
0	0.0192404649645203
0	0.0192404649645203
0	0.0192404649645203
0	0.0192404649645203
0	0.818028704951463
0	0.0192404649645203
0	0.0192404649645203
0	0.0233218116393762
0	0.0192404649645203
0	0.0192404649645203
0	0.0365978159640025
0	0.0263034886297124
0	0.0292331642212218
0	0.0192404649645203
0	0.0192404649645203
0	0.0826219354481385
0	0.0225628762592834
0	0.0192404649645203
0	0.0192404649645203
0	0.0192404649645203
0	0.0192404649645203
0	0.0273053089354119
0	0.022974754204304
0	0.0912821563806628
0	0.0192404649645203
0	0.0192404649645203
0	0.0192404649645203
0	0.0192404649645203
0	0.114111885246362
0	0.0192404649645203
0	0.0227311264639709
0	0.0192404649645203
0	0.0192404649645203
0	0.0192404649645203
0	0.0192404649645203
0	0.0192404649645203
0	0.0192404649645203
0	0.0192404649645203
0	0.0192404649645203
0	0.0192404649645203
0	0.0192404649645203
0	0.0468987709435322
0	0.0307279195835946
0	0.0192404649645203
0	0.0246331335687433
0	0.0192404649645203
0	0.0192404649645203
0	0.0192404649645203
0	0.0221344031457605
0	0.0237263500500044
0	0.0192404649645203
0	0.0192404649645203
0	0.0192404649645203
0	0.0344573527823879
0	0.0241819886195583
0	0.0192404649645203
0	0.0197932405373448
0	0.0192404649645203
0	0.0264791859197295
0	0.0192404649645203
0	0.0263034886297124
0	0.0192404649645203
0	0.0352826508513094
0	0.0192404649645203
0	0.0202361627562081
0	0.0192404649645203
0	0.0670309875229058
0	0.0408403883894321
0	0.0202361627562081
0	0.0192404649645203
0	0.0192404649645203
0	0.0192404649645203
0	0.0418438354693446
0	0.0260184137542893
0	0.0250001278038544
0	0.0243052889037441
0	0.02102471782057
0	0.0464278550942963
0	0.0192404649645203
0	0.0192404649645203
0	0.0192404649645203
0	0.0282307099453473
0	0.0288869511392296
0	0.0564221551087044
0	0.0192404649645203
0	0.0267427852158803
0	0.0192404649645203
0	0.0192404649645203
0	0.0192404649645203
0	0.0192404649645203
0	0.0513182505236813
0	0.0341083961718374
0	0.0192404649645203
0	0.0192404649645203
0	0.0192404649645203
0	0.0192404649645203
0	0.0192404649645203
0	0.0198899202675088
0	0.0192404649645203
0	0.0192404649645203
0	0.0351013608209214
0	0.024052852680703
0	0.463009937721292
0	0.0192404649645203
0	0.0480485399948843
0	0.0192404649645203
0	0.0260184137542893
0	0.0192404649645203
0	0.0192404649645203
0	0.0192404649645203
0	0.0221344031457605
0	0.0192404649645203
0	0.0748784209983874
0	0.0192404649645203
0	0.0192404649645203
0	0.0192404649645203
0	0.0192404649645203
0	0.0221344031457605
0	0.0472675111679567
0	0.0192404649645203
0	0.0192404649645203
0	0.0192404649645203
0	0.0244436026089864
0	0.0192404649645203
0	0.0192404649645203
0	0.0192404649645203
0	0.0192404649645203
0	0.0211867673780081
0	0.0192404649645203
0	0.0192404649645203
0	0.0192404649645203
0	0.0192404649645203
0	0.0192404649645203
0	0.0192404649645203
0	0.0192404649645203
0	0.0192404649645203
0	0.0249634461084124
0	0.0192404649645203
0	0.0192404649645203
0	0.0211319381883771
0	0.0192404649645203
0	0.0192404649645203
0	0.0487546310957837
0	0.143810842305629
0	0.0192404649645203
0	0.0192404649645203
0	0.0263034886297124
0	0.0192404649645203
0	0.0192404649645203
0	0.0192404649645203
0	0.0192404649645203
0	0.0192404649645203
0	0.0210304059616041
0	0.0672950669635864
0	0.0281877286024965
0	0.0192404649645203
0	0.0192404649645203
0	0.171447923004364
0	0.0215708363629435
0	0.0537936014808001
0	0.0192404649645203
0	0.0254352476430614
0	0.0251576037887909
0	0.0192404649645203
0	0.0192404649645203
0	0.0225628762592834
0	0.0202361627562081
0	0.0372086880720965
0	0.0197601569114118
0	0.0192404649645203
0	0.0192404649645203
0	0.0192404649645203
0	0.0192404649645203
0	0.0488700368310441
0	0.0192404649645203
0	0.0192404649645203
0	0.0192404649645203
0	0.0192404649645203
0	0.0192404649645203
0	0.0461427973402131
0	0.0221344031457605
0	0.295999516606818
0	0.0263034886297124
0	0.0192404649645203
0	0.0462503080823864
0	0.0192404649645203
0	0.0262455289365498
0	0.0192404649645203
0	0.309792193872992
0	0.0263034886297124
0	0.0192404649645203
0	0.0192404649645203
0	0.502824195041973
0	0.0387232980851598
0	0.0192404649645203
0	0.0192404649645203
0	0.0192404649645203
0	0.0263034886297124
0	0.0251576037887909
0	0.0192404649645203
0	0.0349974502825291
0	0.0192404649645203
0	0.0260053194322433
0	0.0192404649645203
0	0.0192404649645203
0	0.0207749177978407
0	0.0192404649645203
0	0.0263034886297124
0	0.0254352476430614
0	0.0192404649645203
0	0.43300293426511
0	0.0192404649645203
0	0.0257066451605105
0	0.0192404649645203
0	0.0192404649645203
0	0.0192404649645203
0	0.289464634989331
0	0.0192404649645203
0	0.0422779142208978
0	0.0192404649645203
0	0.042858470822399
0	0.0192404649645203
0	0.0192404649645203
0	0.0393699922656825
0	0.0192404649645203
0	0.0222196043947607
0	0.0192404649645203
0	0.0192404649645203
0	0.0192404649645203
0	0.0192404649645203
0	0.0192404649645203
0	0.0207776473191331
0	0.0192404649645203
0	0.579784234753926
0	0.0307279195835946
0	0.0192404649645203
0	0.0192404649645203
0	0.022974754204304
0	0.0192404649645203
0	0.0202361627562081
0	0.267696653346643
0	0.0192404649645203
0	0.0192404649645203
0	0.0192404649645203
0	0.227027594765536
0	0.0192404649645203
0	0.0297814815859551
0	0.0192404649645203
0	0.0192404649645203
0	0.0192404649645203
0	0.0341888211987455
0	0.0675497031160686
0	0.552869366112201
0	0.0368802379062566
0	0.049377092619448
0	0.0210525279720826
0	0.0192404649645203
0	0.0192404649645203
0	0.0192404649645203
0	0.0192404649645203
0	0.0250992936568346
0	0.0192404649645203
0	0.0195929091064897
0	0.0192404649645203
0	0.0192404649645203
0	0.0192404649645203
0	0.0192404649645203
0	0.0192404649645203
0	0.0192404649645203
0	0.0192404649645203
0	0.0233889317372645
0	0.0192404649645203
0	0.0192404649645203
0	0.0192404649645203
0	0.0192404649645203
0	0.0286254200853369
0	0.0192404649645203
0	0.0286607087426801
0	0.0202361627562081
0	0.0192404649645203
0	0.0192404649645203
0	0.0192404649645203
0	0.0633691734975912
0	0.0192404649645203
0	0.0192404649645203
0	0.0192404649645203
0	0.0192404649645203
0	0.0225628762592834
0	0.0192404649645203
0	0.0432454297176623
0	0.0263034886297124
0	0.0192404649645203
0	0.0192404649645203
0	0.0264483152687512
0	0.0388418309839505
0	0.0192404649645203
0	0.0959697682227474
0	0.0192404649645203
0	0.0285089705451762
0	0.0192404649645203
0	0.0192404649645203
0	0.0432513968464057
0	0.0192404649645203
0	0.0192404649645203
0	0.0245528526173087
0	0.0192404649645203
0	0.0192404649645203
0	0.0192404649645203
0	0.0304748622470644
0	0.0192404649645203
0	0.0192404649645203
0	0.0192404649645203
0	0.0247453924619541
0	0.0192404649645203
0	0.0192404649645203
0	0.0192404649645203
0	0.0263034886297124
0	0.0192404649645203
0	0.0192404649645203
0	0.0192404649645203
0	0.0211319381883771
0	0.877690994476233
0	0.0192404649645203
0	0.0192404649645203
0	0.0192404649645203
0	0.0192404649645203
0	0.0221344031457605
0	0.0192404649645203
0	0.0192404649645203
0	0.0192404649645203
0	0.0319048941190309
0	0.0192404649645203
0	0.261074526344354
0	0.0262455289365498
0	0.0245528526173087
0	0.0192404649645203
0	0.0192404649645203
0	0.0192404649645203
0	0.0236270502106528
0	0.0515919821503947
0	0.0192404649645203
0	0.0192404649645203
0	0.0192404649645203
0	0.0192404649645203
0	0.0192404649645203
0	0.0192404649645203
0	0.0192404649645203
0	0.021941550058584
0	0.0192404649645203
0	0.0192404649645203
0	0.0208896101304632
0	0.0192404649645203
0	0.0202361627562081
0	0.0192404649645203
0	0.0192404649645203
0	0.0256156063243608
0	0.0192404649645203
0	0.0259383507724833
0	0.0227311264639709
0	0.0192404649645203
0	0.0192404649645203
0	0.0199787957330597
0	0.0323429412307382
0	0.0148103723829156
0	0.0192404649645203
0	0.0192404649645203
0	0.0192404649645203
0	0.0192404649645203
0	0.048606475815335
0	0.0192404649645203
0	0.0192404649645203
0	0.0308212482663318
0	0.0192404649645203
0	0.0192404649645203
0	0.0192404649645203
0	0.0429326608684319
0	0.0192404649645203
0	0.0192404649645203
0	0.0192404649645203
0	0.049312699610236
0	0.0265029894640284
0	0.0192404649645203
0	0.0192404649645203
0	0.0192404649645203
0	0.0192404649645203
0	0.0192404649645203
0	0.0263034886297124
0	0.0199787957330597
0	0.0192404649645203
0	0.0264512560413664
0	0.0254352476430614
0	0.0192404649645203
0	0.0192404649645203
0	0.0192404649645203
0	0.261124483817943
0	0.0319839245517185
0	0.0495240543616905
0	0.0192404649645203
0	0.0192404649645203
0	0.0192404649645203
0	0.0192404649645203
0	0.0195929091064897
0	0.0192404649645203
0	0.0280076130086246
0	0.0192404649645203
0	0.0204023472212704
0	0.0321101069964654
0	0.064165614859015
0	0.0192404649645203
0	0.0192404649645203
0	0.0192404649645203
0	0.0388081853915465
0	0.0221344031457605
0	0.0192404649645203
0	0.0192404649645203
0	0.0148103723829156
0	0.0320201051158874
0	0.0192404649645203
0	0.0286511013781296
0	0.0461024077566378
0	0.026404896039128
0	0.0192404649645203
0	0.0192404649645203
0	0.0192404649645203
0	0.0192404649645203
0	0.0192404649645203
0	0.0192404649645203
0	0.0192404649645203
0	0.0192404649645203
0	0.0205779842774835
0	0.0247453924619541
0	0.0192404649645203
0	0.0509928899851716
0	0.081702119177566
0	0.167887562185055
0	0.0192404649645203
0	0.0195929091064897
0	0.0192404649645203
0	0.022974754204304
0	0.0207749177978407
0	0.0263034886297124
0	0.0192404649645203
0	0.0192404649645203
0	0.0192404649645203
0	0.0192404649645203
0	0.0192404649645203
0	0.0192404649645203
0	0.0192404649645203
0	0.0861222871656751
0	0.0610577973719205
0	0.0192404649645203
0	0.0192404649645203
0	0.0225628762592834
0	0.0260184137542893
0	0.0273053089354119
0	0.0651799484099442
0	0.260457311452977
0	0.0577657154824992
0	0.0192404649645203
0	0.0192404649645203
0	0.0192404649645203
0	0.0192404649645203
0	0.0192404649645203
0	0.0192404649645203
0	0.0192404649645203
0	0.153587753413569
0	0.0260184137542893
0	0.0192404649645203
0	0.0192404649645203
0	0.0199787957330597
0	0.0192404649645203
0	0.0192404649645203
0	0.0192404649645203
0	0.0192404649645203
0	0.0334994021007496
0	0.0192404649645203
0	0.0192404649645203
0	0.0592137208108093
0	0.0527102495612067
0	0.0192404649645203
0	0.0192404649645203
0	0.0546601970964243
0	0.0722956931892423
0	0.0192404649645203
0	0.0221398834867725
0	0.0192404649645203
0	0.0684275139692494
0	0.0192404649645203
0	0.0192404649645203
0	0.0192404649645203
0	0.0192404649645203
0	0.0192404649645203
0	0.0192404649645203
0	0.0192404649645203
0	0.0192404649645203
0	0.0195929091064897
0	0.0192404649645203
0	0.0234256555341103
0	0.0192404649645203
0	0.0229811833087802
0	0.0192404649645203
0	0.535640184659533
0	0.027528602005238
0	0.0192404649645203
0	0.0293159626680721
0	0.0192404649645203
0	0.0192404649645203
0	0.021941550058584
0	0.0192404649645203
0	0.0211867673780081
0	0.0192404649645203
0	0.0250246099947714
0	0.0192404649645203
0	0.0192404649645203
0	0.0192404649645203
0	0.0192404649645203
0	0.0346918884213008
0	0.0228737432416776
0	0.26839563722857
0	0.0192404649645203
0	0.0192404649645203
0	0.0192404649645203
0	0.0192404649645203
0	0.0347145265040297
0	0.0227311264639709
0	0.0380829023317921
0	0.0192404649645203
0	0.029252594043349
0	0.0260184137542893
0	0.0192404649645203
0	0.0192404649645203
0	0.0192404649645203
0	0.0263034886297124
0	0.0192404649645203
0	0.0305904424141396
0	0.0227281462740871
0	0.0192404649645203
0	0.0192404649645203
0	0.0409331888649956
0	0.0192404649645203
0	0.0192404649645203
0	0.0192404649645203
0	0.0221093336574354
0	0.0192404649645203
0	0.0263034886297124
0	0.0192404649645203
0	0.0192404649645203
0	0.0199787957330597
0	0.0192404649645203
0	0.0411220901442112
0	0.0377783247705894
0	0.023674093387796
0	0.025689435273575
0	0.0192404649645203
0	0.0192404649645203
0	0.114290524485216
0	0.0192404649645203
0	0.0192404649645203
0	0.0192404649645203
0	0.0282228281537786
0	0.0297948666790798
0	0.0199787957330597
0	0.0192404649645203
0	0.0198899202675088
0	0.0192404649645203
0	0.0192404649645203
0	0.0192404649645203
0	0.0192404649645203
0	0.0192404649645203
0	0.0274786501391366
0	0.0192404649645203
0	0.043305840568359
0	0.206041945626559
0	0.0290015888333268
0	0.0934580966741499
0	0.899077950936953
0	0.0192404649645203
0	0.0515216607191373
0	0.0212528777981252
0	0.0259433161041414
0	0.0192404649645203
0	0.0210525279720826
0	0.0238996852966951
0	0.0192404649645203
0	0.0416721537545703
0	0.0192404649645203
0	0.0192404649645203
0	0.0192404649645203
0	0.0192404649645203
0	0.0192404649645203
0	0.0207776473191331
0	0.0192404649645203
0	0.0275578411664154
0	0.0192404649645203
0	0.0263034886297124
0	0.0192404649645203
0	0.0192404649645203
0	0.0192404649645203
0	0.0192404649645203
0	0.0192404649645203
0	0.0192404649645203
0	0.0192404649645203
0	0.0192404649645203
0	0.0192404649645203
0	0.723865489731188
0	0.0192404649645203
0	0.0302784786508665
0	0.0192404649645203
0	0.0202361627562081
0	0.0192404649645203
0	0.0192404649645203
0	0.0202361627562081
0	0.0192404649645203
0	0.0192404649645203
0	0.0192404649645203
0	0.0192404649645203
0	0.0192404649645203
0	0.0248092639076149
0	0.0262455289365498
0	0.0192404649645203
0	0.0308158860440112
0	0.0192404649645203
0	0.0192404649645203
0	0.0225628762592834
0	0.0192404649645203
0	0.0192404649645203
0	0.0192404649645203
0	0.023870140675929
0	0.0259536302087484
0	0.83783278567365
0	0.0202361627562081
0	0.0577567223390969
0	0.0192404649645203
0	0.0192404649645203
0	0.0192404649645203
0	0.0401133546231765
0	0.0192404649645203
0	0.407728188991953
0	0.026404896039128
0	0.0192404649645203
0	0.0298537971238319
0	0.0192404649645203
0	0.0199787957330597
0	0.0287018113861829
0	0.0192404649645203
0	0.0225628762592834
0	0.0192404649645203
0	0.038315827528456
0	0.0192404649645203
0	0.0192404649645203
0	0.0192404649645203
0	0.0192404649645203
0	0.0237481209085612
0	0.0192404649645203
0	0.0192404649645203
0	0.0308072204749602
0	0.0211319381883771
0	0.126947919613287
0	0.0192404649645203
0	0.0263034886297124
0	0.0192404649645203
0	0.0192404649645203
0	0.0192404649645203
0	0.0192404649645203
0	0.0192404649645203
0	0.0285861352102713
0	0.0422357412184305
0	0.0192404649645203
0	0.0192404649645203
0	0.0192404649645203
0	0.0521979997130938
0	0.0192404649645203
0	0.0195929091064897
0	0.0192404649645203
0	0.0192404649645203
0	0.0192404649645203
0	0.0192404649645203
0	0.0192404649645203
0	0.0334994021007496
0	0.0192404649645203
0	0.0375559653724429
0	0.0192404649645203
0	0.0192404649645203
0	0.0192404649645203
0	0.0210525279720826
0	0.0192404649645203
0	0.0192404649645203
0	0.0192404649645203
0	0.0192404649645203
0	0.0192404649645203
0	0.0192404649645203
0	0.0192404649645203
0	0.0222501585227311
0	0.0192404649645203
0	0.0192404649645203
0	0.0262455289365498
0	0.0192404649645203
0	0.0192404649645203
0	0.0247453924619541
0	0.0211867673780081
0	0.0198899202675088
0	0.0192404649645203
0	0.0192404649645203
0	0.0207776473191331
0	0.0192404649645203
0	0.0192404649645203
0	0.0192404649645203
0	0.0245528526173087
0	0.0243052889037441
0	0.0192404649645203
0	0.0192404649645203
0	0.086095412574447
0	0.0192404649645203
0	0.0192404649645203
0	0.0192404649645203
0	0.0192404649645203
0	0.0192404649645203
0	0.0192404649645203
0	0.0192404649645203
0	0.0211547036243427
0	0.0192404649645203
0	0.0192404649645203
0	0.0343191051420263
0	0.0192404649645203
0	0.0263034886297124
0	0.0192404649645203
0	0.0192404649645203
0	0.0225628762592834
0	0.0192404649645203
0	0.0192404649645203
0	0.0192404649645203
0	0.0192404649645203
0	0.0192404649645203
0	0.0192404649645203
0	0.0431234968504918
0	0.323380112802612
0	0.0192404649645203
0	0.0245528526173087
0	0.0192404649645203
0	0.0192404649645203
0	0.0192404649645203
0	0.0192404649645203
0	0.0192404649645203
0	0.0245528526173087
0	0.0195929091064897
0	0.0363365447408083
0	0.0192404649645203
0	0.0192404649645203
0	0.0192404649645203
0	0.0192404649645203
0	0.0192404649645203
0	0.0192404649645203
0	0.0283428795615923
0	0.656875873320615
0	0.0192404649645203
0	0.0195929091064897
0	0.0192404649645203
0	0.0192404649645203
0	0.0284647701485853
0	0.0192404649645203
0	0.0192404649645203
0	0.175905827316928
0	0.923392659470298
0	0.0192404649645203
0	0.0192404649645203
0	0.0192404649645203
0	0.0192404649645203
0	0.0374062475984429
0	0.0192404649645203
0	0.0192404649645203
0	0.0192404649645203
0	0.0236648309864304
0	0.0192404649645203
0	0.0192404649645203
0	0.0192404649645203
0	0.143332559785564
0	0.0192404649645203
0	0.0681915990333831
0	0.0363676789615257
0	0.0263034886297124
0	0.0192404649645203
0	0.0437103339614489
0	0.0353276785282947
0	0.0192404649645203
0	0.0630851203326177
0	0.0192404649645203
0	0.0198899202675088
0	0.0407759409860025
0	0.0353952958265673
0	0.0192404649645203
0	0.0615998674523417
0	0.0192404649645203
0	0.0192404649645203
0	0.0192404649645203
0	0.0192404649645203
0	0.0192404649645203
0	0.0192404649645203
0	0.0245528526173087
0	0.0192404649645203
0	0.0192404649645203
0	0.0192404649645203
0	0.0229811833087802
0	0.0192404649645203
0	0.0192404649645203
0	0.0221344031457605
0	0.0192404649645203
0	0.432246549981404
0	0.0225628762592834
0	0.0192404649645203
0	0.0192404649645203
0	0.0192404649645203
0	0.0254897419706333
0	0.0192404649645203
0	0.0192404649645203
0	0.0249203435040533
0	0.0192404649645203
0	0.0192404649645203
0	0.0192404649645203
0	0.042047881612885
0	0.0192404649645203
0	0.0192404649645203
0	0.037197099337617
0	0.0192404649645203
0	0.150660995468816
0	0.0202361627562081
0	0.0431436970588603
0	0.0254897419706333
0	0.0192404649645203
0	0.0192404649645203
0	0.122375718930192
0	0.0192404649645203
0	0.026311608034702
0	0.0195929091064897
0	0.0192404649645203
0	0.0192404649645203
0	0.0192404649645203
0	0.0192404649645203
0	0.0192404649645203
0	0.0202361627562081
0	0.0806864226456186
0	0.0192404649645203
0	0.0246581051831763
0	0.283627618637634
0	0.0192404649645203
0	0.0192404649645203
0	0.0347184034603835
0	0.0815220974177985
0	0.0300829762948582
0	0.022974754204304
0	0.0221093336574354
0	0.0263034886297124
0	0.0251050907362871
0	0.818529348781303
0	0.0262455289365498
0	0.0199787957330597
0	0.0195929091064897
0	0.0192404649645203
0	0.0192404649645203
0	0.0352875073497474
0	0.0199787957330597
0	0.0192404649645203
0	0.033627593689699
0	0.0192404649645203
0	0.0192404649645203
0	0.0263034886297124
0	0.0192404649645203
0	0.0192404649645203
0	0.0192404649645203
0	0.0192404649645203
0	0.0375559653724429
0	0.0192404649645203
0	0.0192404649645203
0	0.0192404649645203
0	0.0192404649645203
0	0.0263034886297124
0	0.0192404649645203
0	0.312527489921991
0	0.0192404649645203
0	0.0192404649645203
0	0.0295330487515151
0	0.0192404649645203
0	0.150622102392483
0	0.0271847456170202
0	0.0192404649645203
0	0.0263034886297124
0	0.0192404649645203
0	0.0211319381883771
0	0.0192404649645203
0	0.0192404649645203
0	0.0251960845155965
0	0.0192404649645203
0	0.0372463221573776
0	0.0307396501163319
0	0.0204023472212704
0	0.0192404649645203
0	0.0192404649645203
0	0.0211867673780081
0	0.0192404649645203
0	0.0192404649645203
0	0.0192404649645203
0	0.0192404649645203
0	0.0192404649645203
0	0.0263034886297124
0	0.0192404649645203
0	0.0192404649645203
0	0.0307396501163319
0	0.0192404649645203
0	0.0307279195835946
0	0.0192404649645203
0	0.0192404649645203
0	0.0192404649645203
0	0.0192404649645203
0	0.0192404649645203
0	0.119981159936675
0	0.556090954766584
0	0.0202361627562081
0	0.0202361627562081
0	0.0192404649645203
0	0.0192404649645203
0	0.0268000038712167
0	0.0192404649645203
0	0.0211867673780081
0	0.0192404649645203
0	0.0198899202675088
0	0.0302730615372001
0	0.0211319381883771
0	0.0192404649645203
0	0.0234256555341103
0	0.0192404649645203
0	0.208840150469411
0	0.0199787957330597
0	0.0192404649645203
0	0.0192404649645203
0	0.0192404649645203
0	0.0263034886297124
0	0.0192404649645203
0	0.0192404649645203
0	0.0212528777981252
0	0.0192404649645203
0	0.0229811833087802
0	0.0192404649645203
0	0.0192404649645203
0	0.0192404649645203
0	0.0192404649645203
0	0.0224582538051884
0	0.0192404649645203
0	0.0273742887473801
0	0.333214363588994
0	0.0192404649645203
0	0.0192404649645203
0	0.0202081854995447
0	0.0202361627562081
0	0.0192404649645203
0	0.0560902584464758
0	0.0192404649645203
0	0.0192404649645203
0	0.0263034886297124
0	0.0192404649645203
0	0.0451274586414737
0	0.0192404649645203
0	0.0192404649645203
0	0.671265679629929
0	0.134510520495358
0	0.0192404649645203
0	0.156509066927627
0	0.0192404649645203
0	0.0192404649645203
0	0.0192404649645203
0	0.0210525279720826
0	0.0192404649645203
0	0.0192404649645203
0	0.0261776309626886
0	0.0192404649645203
0	0.0192404649645203
0	0.0192404649645203
0	0.0451421806916706
0	0.0305940480460697
0	0.0211867673780081
0	0.0192404649645203
0	0.0192404649645203
0	0.0192404649645203
0	0.0263034886297124
0	0.0199787957330597
0	0.022974754204304
0	0.0192404649645203
0	0.0192404649645203
0	0.0263034886297124
0	0.0192404649645203
0	0.0192404649645203
0	0.0192404649645203
0	0.0192404649645203
0	0.0192404649645203
0	0.0192404649645203
0	0.0202361627562081
0	0.584505884173448
0	0.0192404649645203
0	0.0192404649645203
0	0.0213736234610987
0	0.0263034886297124
0	0.0257629051164936
0	0.0192404649645203
0	0.0682138159252429
0	0.0225628762592834
0	0.0334994021007496
0	0.0192404649645203
0	0.0192404649645203
0	0.0192404649645203
0	0.0350574622890334
0	0.033627593689699
0	0.0307396501163319
0	0.0192404649645203
0	0.0192404649645203
0	0.0192404649645203
0	0.0192404649645203
0	0.022974754204304
0	0.0491900102340776
0	0.0192404649645203
0	0.0192404649645203
0	0.0192404649645203
0	0.0192404649645203
0	0.0192404649645203
0	0.0192404649645203
0	0.0234256555341103
0	0.0192404649645203
0	0.0192404649645203
0	0.0307279195835946
0	0.023870140675929
0	0.248043982122585
0	0.0206526483332826
0	0.0263034886297124
0	0.0192404649645203
0	0.0192404649645203
0	0.0192404649645203
0	0.0192404649645203
0	0.0412770280882769
0	0.0192404649645203
0	0.0231460030310401
0	0.0231223900282629
0	0.0192404649645203
0	0.0192404649645203
0	0.0192404649645203
0	0.0202361627562081
0	0.0192404649645203
0	0.423865724318234
0	0.0192404649645203
0	0.035804231783721
0	0.0605071586927819
0	0.0192404649645203
0	0.0192404649645203
0	0.0192404649645203
0	0.0192404649645203
0	0.0192404649645203
0	0.0192404649645203
0	0.0192404649645203
0	0.0192404649645203
0	0.0192404649645203
0	0.0192404649645203
0	0.0959362531972625
0	0.0234403189737209
0	0.0192404649645203
0	0.338047401165875
0	0.0192404649645203
0	0.0192404649645203
0	0.0580345086716006
0	0.0192404649645203
0	0.0192404649645203
0	0.0192404649645203
0	0.784577687652545
0	0.0202361627562081
0	0.0192404649645203
0	0.0192404649645203
0	0.0311595837113284
0	0.0260427884099285
0	0.0774292278609605
0	0.0192404649645203
0	0.0192404649645203
0	0.0307279195835946
0	0.036001384742741
0	0.0214374396953248
0	0.0301804897167534
0	0.0192404649645203
0	0.737994980542299
0	0.0211319381883771
0	0.0211319381883771
0	0.0199787957330597
0	0.195359903383734
0	0.0192404649645203
0	0.0192404649645203
0	0.0192404649645203
0	0.0262455289365498
0	0.0192404649645203
0	0.0192404649645203
0	0.0192404649645203
0	0.31570927381676
0	0.0192404649645203
0	0.0192404649645203
0	0.0192404649645203
0	0.0192404649645203
0	0.0192404649645203
0	0.0192404649645203
0	0.0192404649645203
0	0.0199787957330597
0	0.0192404649645203
0	0.0192404649645203
0	0.0621280150777696
0	0.0254352476430614
0	0.0192404649645203
0	0.0192404649645203
0	0.0192404649645203
0	0.0192404649645203
0	0.0307396501163319
0	0.0192404649645203
0	0.0192404649645203
0	0.282154709797395
0	0.0204023472212704
0	0.0198899202675088
0	0.0224582538051884
0	0.0192404649645203
0	0.0192404649645203
0	0.0192404649645203
0	0.0192404649645203
0	0.0263034886297124
0	0.0375559653724429
0	0.0199787957330597
0	0.0263034886297124
0	0.0192404649645203
0	0.0374457240263571
0	0.0192404649645203
0	0.0192404649645203
0	0.0198899202675088
0	0.0192404649645203
0	0.0377038569604809
0	0.0202361627562081
0	0.0192404649645203
0	0.0307279195835946
0	0.0192404649645203
0	0.0192404649645203
0	0.0192404649645203
0	0.0192404649645203
0	0.0192404649645203
0	0.0192404649645203
0	0.0192404649645203
0	0.0192404649645203
0	0.0192404649645203
0	0.0192404649645203
0	0.0192404649645203
0	0.0395581774095442
0	0.0192404649645203
0	0.0192404649645203
0	0.0192404649645203
0	0.0192404649645203
0	0.0192404649645203
0	0.0192404649645203
0	0.269030788088472
0	0.0249634461084124
0	0.0192404649645203
0	0.0338108979421145
0	0.0553993129041051
0	0.0411737290832026
0	0.0192404649645203
0	0.0192404649645203
0	0.0537296264531543
0	0.0192404649645203
0	0.0246581051831763
0	0.0192404649645203
0	0.0192404649645203
0	0.0307279195835946
0	0.0192404649645203
0	0.0199787957330597
0	0.0263034886297124
0	0.0324929143220006
0	0.0204023472212704
0	0.0307279195835946
0	0.0192404649645203
0	0.0368807705337655
0	0.0192404649645203
0	0.0192404649645203
0	0.102521390771482
0	0.0236270502106528
0	0.0192404649645203
0	0.0192404649645203
0	0.0395364461210649
0	0.0309267720075139
0	0.0251960845155965
0	0.0192404649645203
0	0.0250246099947714
0	0.137795448337327
0	0.0192404649645203
0	0.0192404649645203
0	0.0192404649645203
0	0.0192404649645203
0	0.0199787957330597
0	0.0307279195835946
0	0.0192404649645203
0	0.0207749177978407
0	0.0192404649645203
0	0.0192404649645203
0	0.104266890679289
0	0.0192404649645203
0	0.0192404649645203
0	0.0256226376099844
0	0.0228737432416776
0	0.0780937730938501
0	0.0192404649645203
0	0.0192404649645203
0	0.0192404649645203
0	0.0192404649645203
0	0.0245528526173087
0	0.0192404649645203
0	0.0195929091064897
0	0.0227311264639709
0	0.0262473832161558
0	0.0192404649645203
0	0.0192404649645203
0	0.0192404649645203
0	0.0192404649645203
0	0.0192404649645203
0	0.0192404649645203
0	0.0192404649645203
0	0.0192404649645203
0	0.0192404649645203
0	0.0192404649645203
0	0.0192404649645203
0	0.0192404649645203
0	0.0192404649645203
0	0.0192404649645203
0	0.0192404649645203
0	0.0249634461084124
0	0.0192404649645203
0	0.0192404649645203
0	0.0192404649645203
0	0.0204023472212704
0	0.0192404649645203
0	0.0307279195835946
0	0.0192404649645203
0	0.0192404649645203
0	0.0192404649645203
0	0.0232900458363268
0	0.0192404649645203
0	0.0192404649645203
0	0.0192404649645203
0	0.0192404649645203
0	0.0192404649645203
0	0.0294611985413985
0	0.0192404649645203
0	0.853377318891377
0	0.0192404649645203
0	0.0192404649645203
0	0.0250246099947714
0	0.0192404649645203
0	0.0439765794518079
0	0.0192404649645203
0	0.0195929091064897
0	0.0320170817248373
0	0.0263034886297124
0	0.0221398834867725
0	0.0192404649645203
0	0.0237534206026478
0	0.0224582538051884
0	0.0254897419706333
0	0.0192404649645203
0	0.0192404649645203
0	0.0192404649645203
0	0.0192404649645203
0	0.0302270274017935
0	0.0335317664182083
0	0.0192404649645203
0	0.917193472053247
0	0.0192404649645203
0	0.0192404649645203
0	0.0192404649645203
0	0.0192404649645203
0	0.0192404649645203
0	0.0192404649645203
0	0.0192404649645203
0	0.0192404649645203
0	0.410749588399751
0	0.0192404649645203
0	0.0225628762592834
0	0.0192404649645203
0	0.0192404649645203
0	0.0245528526173087
0	0.0405833478995915
0	0.0253997942612523
0	0.0302417585781842
0	0.0192404649645203
0	0.0192404649645203
0	0.0666349844626653
0	0.0192404649645203
0	0.280336071719952
0	0.0192404649645203
0	0.0192404649645203
0	0.0192404649645203
0	0.0192404649645203
0	0.0192404649645203
0	0.0192404649645203
0	0.0192404649645203
0	0.0192404649645203
0	0.0321350233980389
0	0.0192404649645203
0	0.0192404649645203
0	0.0192404649645203
0	0.0260184137542893
0	0.0319048941190309
0	0.0263034886297124
0	0.0192404649645203
0	0.024154356153792
0	0.0267817792608017
0	0.0192404649645203
0	0.0250688683163025
0	0.0192404649645203
0	0.0192404649645203
0	0.0192404649645203
0	0.0192404649645203
0	0.0251420314225891
0	0.0192404649645203
0	0.0192404649645203
0	0.0192404649645203
0	0.0192404649645203
0	0.0346346855854136
0	0.0192404649645203
0	0.0225628762592834
0	0.0192404649645203
0	0.0192404649645203
0	0.0192404649645203
0	0.0192404649645203
0	0.0404029603263749
0	0.0192404649645203
0	0.0192404649645203
0	0.0199787957330597
0	0.0192404649645203
0	0.0192404649645203
0	0.0192404649645203
0	0.0192404649645203
0	0.0262455289365498
0	0.0280430898759857
0	0.0192404649645203
0	0.0192404649645203
0	0.0192404649645203
0	0.0192404649645203
0	0.0211548635480579
0	0.0192404649645203
0	0.0192404649645203
0	0.0192404649645203
0	0.0199787957330597
0	0.0192404649645203
0	0.0192404649645203
0	0.0211867673780081
0	0.0192404649645203
0	0.0672037780661154
0	0.0263034886297124
0	0.0192404649645203
0	0.0192404649645203
0	0.0192404649645203
0	0.0199787957330597
0	0.0485190559090383
0	0.0199787957330597
0	0.0192404649645203
0	0.0192404649645203
0	0.0202361627562081
0	0.0192404649645203
0	0.0192404649645203
0	0.0192404649645203
0	0.0192404649645203
0	0.0293858696800082
0	0.0192404649645203
0	0.431857459047374
0	0.0192404649645203
0	0.0192404649645203
0	0.0192404649645203
0	0.0192404649645203
0	0.0192404649645203
0	0.0411081434379874
0	0.0192404649645203
0	0.0192404649645203
0	0.0192404649645203
0	0.0192404649645203
0	0.0246581051831763
0	0.0192404649645203
0	0.0225628762592834
0	0.0192404649645203
0	0.0315699067787826
0	0.0192404649645203
0	0.0192404649645203
0	0.0192404649645203
0	0.0263034886297124
0	0.0192404649645203
0	0.0192404649645203
0	0.0611286927989631
0	0.0192404649645203
0	0.0192404649645203
0	0.0192404649645203
0	0.0199787957330597
0	0.0200964841085885
0	0.0192404649645203
0	0.0192404649645203
0	0.0192404649645203
0	0.0192404649645203
0	0.0192404649645203
0	0.0225386398123448
0	0.0192404649645203
0	0.0275935408792444
0	0.0192404649645203
0	0.0192404649645203
0	0.0192404649645203
0	0.0290168773639478
0	0.0192404649645203
0	0.0289244657571208
0	0.960579678055834
0	0.0274786501391366
0	0.0335910136612281
0	0.0192404649645203
0	0.0192404649645203
0	0.0249998669461249
0	0.0192404649645203
0	0.049929865305237
0	0.0192404649645203
0	0.0263034886297124
0	0.0192404649645203
0	0.0192404649645203
0	0.0192404649645203
0	0.0192404649645203
0	0.0237471637092163
0	0.0225628762592834
0	0.0192404649645203
0	0.0192404649645203
0	0.033627593689699
0	0.0192404649645203
0	0.0192404649645203
0	0.0192404649645203
0	0.0219981100613833
0	0.0192404649645203
0	0.0192404649645203
0	0.0192404649645203
0	0.0192404649645203
0	0.0263034886297124
0	0.0538076739461493
0	0.0192404649645203
0	0.0192404649645203
0	0.0192404649645203
0	0.0192404649645203
0	0.0263034886297124
0	0.0192404649645203
0	0.0192404649645203
0	0.0251948572681258
0	0.0192404649645203
0	0.624247357034836
0	0.0192404649645203
0	0.0263034886297124
0	0.0351693363224037
0	0.0192404649645203
0	0.0192404649645203
0	0.0192404649645203
0	0.0192404649645203
0	0.0192404649645203
0	0.0195929091064897
0	0.0629547961578151
0	0.0192404649645203
0	0.0413894412651827
0	0.0199787957330597
0	0.0199787957330597
0	0.0192404649645203
0	0.0192404649645203
0	0.0322254236173507
0	0.0192404649645203
0	0.0799854122366652
0	0.0199787957330597
0	0.0192404649645203
0	0.0192404649645203
0	0.0256236713631755
0	0.0192404649645203
0	0.0202361627562081
0	0.0225628762592834
0	0.0192404649645203
0	0.0307279195835946
0	0.0247453924619541
0	0.0247420433465588
0	0.0192404649645203
0	0.0192404649645203
0	0.0207756237134895
0	0.0192404649645203
0	0.644707953904169
0	0.0192404649645203
0	0.0198899202675088
0	0.0320306922753327
0	0.0192404649645203
0	0.0218482548540781
0	0.0192404649645203
0	0.0192404649645203
0	0.0192404649645203
0	0.0192404649645203
0	0.0280816032944115
0	0.0213960685466112
0	0.0192404649645203
0	0.0307396501163319
0	0.0192404649645203
0	0.0192404649645203
0	0.0192404649645203
0	0.0192404649645203
0	0.0192404649645203
0	0.0192404649645203
0	0.0192404649645203
0	0.0195929091064897
0	0.0562875767876022
0	0.0192404649645203
0	0.0243052889037441
0	0.0237401157025115
0	0.0203444839648997
0	0.0192404649645203
0	0.0211867673780081
0	0.0514960362999857
0	0.0192404649645203
0	0.0192404649645203
0	0.0192404649645203
0	0.0192404649645203
0	0.836800830213174
0	0.0243557157820665
0	0.0192404649645203
0	0.0930715914990138
0	0.0320284063683856
0	0.0192404649645203
0	0.0521951778727502
0	0.0263034886297124
0	0.0566868446738283
0	0.0192404649645203
0	0.0262455289365498
0	0.0202361627562081
0	0.0192404649645203
0	0.0192404649645203
0	0.0192404649645203
0	0.630765263093144
0	0.0192404649645203
0	0.0274724502427845
0	0.0263034886297124
0	0.0207776473191331
0	0.0192404649645203
0	0.0415016651721959
0	0.0192404649645203
0	0.0777228584996536
0	0.0192404649645203
0	0.0192404649645203
0	0.0225628762592834
0	0.0192404649645203
0	0.0192404649645203
0	0.0192404649645203
0	0.0192404649645203
0	0.0346804507029779
0	0.0271317226601771
0	0.0225628762592834
0	0.0192404649645203
0	0.0192404649645203
0	0.0503689445161498
0	0.0192404649645203
0	0.0247453924619541
0	0.0192404649645203
0	0.0192404649645203
0	0.0192404649645203
0	0.0398538252891567
0	0.0192404649645203
0	0.0270119045067393
0	0.047016354551262
0	0.0192404649645203
0	0.0192404649645203
0	0.0427684736584265
0	0.0263034886297124
0	0.0202361627562081
0	0.0192404649645203
0	0.0192404649645203
0	0.0281526472370824
0	0.0192404649645203
0	0.0192404649645203
0	0.0231331504556383
0	0.0199787957330597
0	0.0192404649645203
0	0.0192404649645203
0	0.0192404649645203
0	0.029965825433811
0	0.0192404649645203
0	0.0680947196607262
0	0.0192404649645203
0	0.0327655592987599
0	0.0198899202675088
0	0.0192404649645203
0	0.0418438354693446
0	0.0192404649645203
0	0.0237263500500044
0	0.0192404649645203
0	0.0250088184665187
0	0.0192404649645203
0	0.0192404649645203
0	0.0192404649645203
0	0.0225628762592834
0	0.0192404649645203
0	0.0192404649645203
0	0.0192404649645203
0	0.0192404649645203
0	0.0413884076341813
0	0.0192404649645203
0	0.037326593747119
0	0.0263034886297124
0	0.0192404649645203
0	0.0192404649645203
0	0.0192404649645203
0	0.0236936641688166
0	0.0192404649645203
0	0.0225628762592834
0	0.0262455289365498
0	0.0259731570949409
0	0.0192404649645203
0	0.0192404649645203
0	0.0192404649645203
0	0.0192404649645203
0	0.0192404649645203
0	0.0192404649645203
0	0.0192404649645203
0	0.0192404649645203
0	0.0192404649645203
0	0.0192404649645203
0	0.0192404649645203
0	0.0482728466863058
0	0.0246922817461364
0	0.0263034886297124
0	0.0192404649645203
0	0.0192404649645203
0	0.0225628762592834
0	0.0192404649645203
0	0.0192404649645203
0	0.0192404649645203
0	0.0192404649645203
0	0.0192404649645203
0	0.0224634898597214
0	0.0323108280703027
0	0.0192404649645203
0	0.0192404649645203
0	0.0192404649645203
0	0.0192404649645203
0	0.0225628762592834
0	0.0242122881209077
0	0.0199787957330597
0	0.0210525279720826
0	0.0700057108006866
0	0.0192404649645203
0	0.0192404649645203
0	0.0387288796762278
0	0.0202361627562081
0	0.0228792635602784
0	0.0192404649645203
0	0.0192404649645203
0	0.0225628762592834
0	0.0192404649645203
0	0.0192404649645203
0	0.0195929091064897
0	0.0221344031457605
0	0.0277404417299616
0	0.0383812753473181
0	0.0192404649645203
0	0.0192404649645203
0	0.0513296485586574
0	0.0192404649645203
0	0.0192404649645203
0	0.0199787957330597
0	0.0221344031457605
0	0.0439001693336554
0	0.0192404649645203
0	0.0192404649645203
0	0.0192404649645203
0	0.0253741390668838
0	0.0270096776039454
0	0.0192404649645203
0	0.0265892926189208
0	0.0192404649645203
0	0.0392166895355269
0	0.0312132045885075
0	0.0192404649645203
0	0.0262455289365498
0	0.0192404649645203
0	0.0192404649645203
0	0.0192404649645203
0	0.0192404649645203
0	0.0199787957330597
0	0.0192404649645203
0	0.0359290346447592
0	0.0192404649645203
0	0.0192404649645203
0	0.0192404649645203
0	0.0263034886297124
0	0.0192404649645203
0	0.0262455289365498
0	0.0192404649645203
0	0.0192404649645203
0	0.0245528526173087
0	0.0192404649645203
0	0.0237481209085612
0	0.0246581051831763
0	0.0233225593909342
0	0.0192404649645203
0	0.0199787957330597
0	0.0242122881209077
0	0.0192404649645203
0	0.0192404649645203
0	0.0290421570677582
0	0.0192404649645203
0	0.0192404649645203
0	0.0192404649645203
0	0.0361233234668559
0	0.0263034886297124
0	0.0351693363224037
0	0.0375559653724429
0	0.0202361627562081
0	0.0192404649645203
0	0.0307279195835946
0	0.0212447203999479
0	0.0422617516001866
0	0.0192404649645203
0	0.0471745988638127
0	0.0651255700596818
0	0.0753427314013942
0	0.0192404649645203
0	0.0192404649645203
0	0.0192404649645203
0	0.0192404649645203
0	0.0192404649645203
0	0.0192404649645203
0	0.0192404649645203
0	0.0192404649645203
0	0.0192404649645203
0	0.050871023860282
0	0.0211319381883771
0	0.0192404649645203
0	0.0192404649645203
0	0.026138425677522
0	0.0192404649645203
0	0.0419464185570424
0	0.0273053089354119
0	0.0192404649645203
0	0.0261381552600498
0	0.0192404649645203
0	0.0192404649645203
0	0.0262455289365498
0	0.023870140675929
0	0.0192404649645203
0	0.0924602756997949
0	0.0192404649645203
0	0.0344366074060054
0	0.0192404649645203
0	0.0192404649645203
0	0.0192404649645203
0	0.0404898632650389
0	0.0472271348352675
0	0.0256665488186877
0	0.0192404649645203
0	0.0247453924619541
0	0.0192404649645203
0	0.0192404649645203
0	0.0192404649645203
0	0.0275471128646404
0	0.0192404649645203
0	0.0225628762592834
0	0.0192404649645203
0	0.0422125415902508
0	0.0192404649645203
0	0.24505984194399
0	0.935952962838326
0	0.0192404649645203
0	0.0260713296285275
0	0.0192404649645203
0	0.0192404649645203
0	0.0192404649645203
0	0.0267227945793343
0	0.0211319381883771
0	0.0192404649645203
0	0.0202361627562081
0	0.0192404649645203
0	0.0275578411664154
0	0.0704345354753451
0	0.0192404649645203
0	0.0375559653724429
0	0.0192404649645203
0	0.0225628762592834
0	0.0192404649645203
0	0.0192404649645203
0	0.0192404649645203
0	0.0192404649645203
0	0.0192404649645203
0	0.0512161145336626
0	0.0192404649645203
0	0.0192404649645203
0	0.024052852680703
0	0.0192404649645203
0	0.0192404649645203
0	0.0243353586900897
0	0.0207776473191331
0	0.0192404649645203
0	0.0412770280882769
0	0.0260184137542893
0	0.0247453924619541
0	0.0245528526173087
0	0.828115623313772
0	0.0192404649645203
0	0.0192404649645203
0	0.0263034886297124
0	0.0192404649645203
0	0.0568232177718906
0	0.0199787957330597
0	0.83565047743576
0	0.0192404649645203
0	0.0192404649645203
0	0.0192404649645203
0	0.0192404649645203
0	0.0202361627562081
0	0.0268903835242372
0	0.0263034886297124
0	0.0192404649645203
0	0.0221344031457605
0	0.0192404649645203
0	0.0192404649645203
0	0.0192404649645203
0	0.0202361627562081
0	0.0234256555341103
0	0.0192404649645203
0	0.0192404649645203
0	0.0192404649645203
0	0.0192404649645203
0	0.0308977003553265
0	0.0263034886297124
0	0.0192404649645203
0	0.0192404649645203
0	0.0324314957266803
0	0.0192404649645203
0	0.0192404649645203
0	0.025089697751427
0	0.0231460030310401
0	0.225066453542529
0	0.0263034886297124
0	0.0192404649645203
0	0.0192404649645203
0	0.0192404649645203
0	0.0192404649645203
0	0.0192404649645203
0	0.0192404649645203
0	0.568102485689712
0	0.0199787957330597
0	0.0192404649645203
0	0.0460704574522091
