1	0.865169876516727
1	0.48349508584419
1	0.92565856315544
1	0.868810230109198
1	0.943924190894235
1	0.900055849519716
1	0.857598764022641
1	0.0162805200125453
1	0.746229462579072
1	0.930546270710713
1	0.784142929025275
1	0.95444616153869
1	0.178431580682088
1	0.879504988219906
1	0.645408242187285
1	0.874485075040759
1	0.289753827574299
1	0.679779575071044
1	0.994285988340287
1	0.0162805200125453
1	0.947870849416071
1	0.968393163606479
1	0.0285332606368261
1	0.0240953161551786
1	0.40361159050187
1	0.981241018973351
1	0.778781194510784
1	0.712608276824127
1	0.011723178475999
1	0.0229329081976203
1	0.837232188462671
1	0.913243553749667
1	0.866409045099957
1	0.877625778026823
1	0.0126422260503583
1	0.9575256501108
1	0.838751358141688
1	0.21690162142266
1	0.559801281301428
1	0.80429917868011
1	0.559492795784037
1	0.289753827574299
1	0.915181265298874
1	0.916392620760705
1	0.723622090073917
1	0.379434139924597
1	0.859479168338822
1	0.934105704696025
1	0.982504789026961
1	0.884376026503022
1	0.930054991331627
1	0.83800000945486
1	0.727974756559084
1	0.952840187372066
1	0.761574064741745
1	0.857635528198799
1	0.713531552763405
1	0.0375128281938627
1	0.821208113383301
1	0.074873033800555
1	0.986621084429779
1	0.0866348044628914
1	0.0628872702807065
1	0.0279459579477288
1	0.150678661986008
1	0.929904990911245
1	0.727474457731383
1	0.803636450822585
1	0.951261129402596
1	0.825965244867372
1	0.867936454412048
1	0.00973271980314887
1	0.995531556039781
1	0.081733283757282
1	0.0223003506180417
1	0.53684281320918
1	0.0112800167569877
1	0.679353496534787
1	0.886138557083562
1	0.74523777071801
1	0.0173503361985898
1	0.788036859368968
1	0.821360606677933
1	0.920803932657561
1	0.8361209906045
1	0.714996463928974
1	0.943014170480734
1	0.99210408728795
1	0.946175852305812
1	0.986870627741707
1	0.904726080615476
1	0.892924463549016
1	0.00863741706382466
1	0.121812880449886
1	0.923846688038793
1	0.82870659018763
1	0.875820617668957
1	0.70916851666766
1	0.985207665485936
1	0.850691487439568
1	0.473341864582907
1	0.0913941198460515
1	0.845291889479381
1	0.790296324664727
1	0.867354827570042
1	0.974013682092531
1	0.377909397310917
1	0.0209002624601504
1	0.82659010318857
1	0.900291433129352
1	0.239961857142307
1	0.57469372932414
1	0.0870264488838807
1	0.0751286575221279
1	0.773128134111514
1	0.962788860875114
1	0.692508263169317
1	0.233536449279306
1	0.831119023100786
1	0.0162805200125453
1	0.906608091874674
1	0.0116512005210575
1	0.621894731893576
1	0.919614732567576
1	0.790031203703769
1	0.774538972814156
1	0.565446452689462
1	0.887282617347871
1	0.704858031617079
1	0.863766393496117
1	0.0927971659621668
1	0.977496039746356
1	0.736843503116423
1	0.655853742766073
1	0.632255891313817
1	0.199715989269563
1	0.662792211189752
1	0.971807254381015
1	0.931542888214671
1	0.65357445717017
1	0.899462021237199
1	0.95701709393382
1	0.940420273499185
1	0.532951865063478
1	0.948023546124252
1	0.974594341173708
1	0.706972494221368
1	0.960127356875258
1	0.869858941174038
1	0.925024101951661
1	0.914961037649306
1	0.98803259061084
1	0.908526643914218
1	0.0162805200125453
1	0.90790384016136
1	0.693564013000817
1	0.369204739145966
1	0.0313511929111071
1	0.67105508993714
1	0.552032846077343
1	0.861122527346978
1	0.662643330254291
1	0.37808159358376
1	0.0162805200125453
1	0.726205081451605
1	0.830890949517998
1	0.74806598816919
1	0.0575902110868985
1	0.53313884482931
1	0.8814888016132
1	0.886176785928349
1	0.902799826814497
1	0.996038043223341
1	0.67105508993714
1	0.0302820455366485
1	0.97164852517044
1	0.967185810876379
1	0.090162068447177
1	0.90831164078166
1	0.774368982711474
1	0.0162805200125453
1	0.0162805200125453
1	0.529488164043653
1	0.532951865063478
1	0.934348584071616
1	0.830528637340867
1	0.532951865063478
1	0.938093438888382
1	0.0168305838400691
1	0.727794173086088
1	0.906110844367978
1	0.881090277394198
1	0.903174643754132
1	0.856177971419655
1	0.680310095162457
1	0.830605969367679
1	0.0162805200125453
1	0.0992489909826892
1	0.943151174955478
1	0.917191212330309
0	0.0174746286116527
0	0.0125518497444496
0	0.027879775508926
0	0.0162805200125453
0	0.0162805200125453
0	0.0162805200125453
0	0.0162805200125453
0	0.0156675914506176
0	0.0162805200125453
0	0.0226915332740962
0	0.0162805200125453
0	0.0156675914506176
0	0.0152390627979443
0	0.0162805200125453
0	0.0126896597103077
0	0.0252372367353766
0	0.0162805200125453
0	0.0168305838400691
0	0.0215658229758259
0	0.0162805200125453
0	0.0162805200125453
0	0.0162805200125453
0	0.0162805200125453
0	0.0162805200125453
0	0.0162805200125453
0	0.0162805200125453
0	0.0162805200125453
0	0.0162805200125453
0	0.0162805200125453
0	0.0162805200125453
0	0.0162805200125453
0	0.0161250302668526
0	0.0153459483386127
0	0.0162805200125453
0	0.0162805200125453
0	0.0231383651331557
0	0.0162805200125453
0	0.0184288977896591
0	0.0162805200125453
0	0.0150998607472176
0	0.0153459483386127
0	0.0162805200125453
0	0.0162805200125453
0	0.0162805200125453
0	0.0123153089403518
0	0.0104710292042567
0	0.0228935528391405
0	0.0405524666310172
0	0.0162805200125453
0	0.349325433301689
0	0.0181377631485079
0	0.0123153089403518
0	0.0215658229758259
0	0.085995162866551
0	0.0162805200125453
0	0.0113090275542556
0	0.0162805200125453
0	0.245569944857104
0	0.0162805200125453
0	0.0162805200125453
0	0.0138699103942591
0	0.0126896597103077
0	0.025224276022934
0	0.020278615750981
0	0.0162805200125453
0	0.0162805200125453
0	0.013473764786419
0	0.0190734042897473
0	0.0162805200125453
0	0.0164201355066534
0	0.0230785761296423
0	0.0119092445239984
0	0.0162805200125453
0	0.0156912182140892
0	0.0162919122691846
0	0.0162805200125453
0	0.0162805200125453
0	0.0162805200125453
0	0.0196483084648462
0	0.0162805200125453
0	0.0157330274057999
0	0.237290799732572
0	0.0213969467625188
0	0.0184288977896591
0	0.0215658229758259
0	0.0162805200125453
0	0.0152390627979443
0	0.0149424756332171
0	0.0162805200125453
0	0.220205898418287
0	0.0162805200125453
0	0.0162805200125453
0	0.0195181534905933
0	0.0162805200125453
0	0.032975104039592
0	0.0162805200125453
0	0.0176755634535541
0	0.69252344535583
0	0.0162805200125453
0	0.0162805200125453
0	0.0162805200125453
0	0.0162805200125453
0	0.0126473543973061
0	0.0162805200125453
0	0.0162805200125453
0	0.0131223049864801
0	0.0143948459259634
0	0.0162805200125453
0	0.0153459483386127
0	0.0162805200125453
0	0.0186619216496116
0	0.0162805200125453
0	0.0162805200125453
0	0.0162805200125453
0	0.0162805200125453
0	0.0162805200125453
0	0.0162805200125453
0	0.0162805200125453
0	0.620365670603647
0	0.0131411791307442
0	0.0143948459259634
0	0.0162805200125453
0	0.0162805200125453
0	0.0162805200125453
0	0.0162805200125453
0	0.0152907357405195
0	0.72625669187301
0	0.0252372367353766
0	0.0162805200125453
0	0.0162805200125453
0	0.0162805200125453
0	0.0116732420444653
0	0.0162805200125453
0	0.015470612442071
0	0.0162805200125453
0	0.00963472148692439
0	0.0162805200125453
0	0.0162805200125453
0	0.0162805200125453
0	0.0162805200125453
0	0.0162805200125453
0	0.0186619216496116
0	0.0162805200125453
0	0.0136623013023808
0	0.0162805200125453
0	0.755014033100046
0	0.0145610321872915
0	0.0162805200125453
0	0.0162805200125453
0	0.0162805200125453
0	0.0709101863645341
0	0.0200987006088644
0	0.0186619216496116
0	0.0162805200125453
0	0.0162805200125453
0	0.0162805200125453
0	0.0162805200125453
0	0.0184821304001031
0	0.0163629832958105
0	0.0162805200125453
0	0.0150243476802557
0	0.0162805200125453
0	0.0162805200125453
0	0.0166737216336443
0	0.0175647047038261
0	0.0162805200125453
0	0.0169910626889277
0	0.00556078102721643
0	0.0252273616361112
0	0.0168305838400691
0	0.0246973988598707
0	0.0162805200125453
0	0.0162805200125453
0	0.0181785249580319
0	0.0162805200125453
0	0.0507577003859662
0	0.0162805200125453
0	0.735319427559004
0	0.0169910626889277
0	0.0162805200125453
0	0.0133267701018978
0	0.0162805200125453
0	0.0406178298376813
0	0.0162805200125453
0	0.0243943540593179
0	0.0162805200125453
0	0.0126442771942518
0	0.0168305838400691
0	0.0166271503206821
0	0.0301504408973316
0	0.0168305838400691
0	0.0162805200125453
0	0.0168305838400691
0	0.0162805200125453
0	0.0162805200125453
0	0.0168305838400691
0	0.0168305838400691
0	0.0168305838400691
0	0.0162805200125453
0	0.0162805200125453
0	0.0162805200125453
0	0.0162805200125453
0	0.0442435827742965
0	0.0162805200125453
0	0.0162805200125453
0	0.0215658229758259
0	0.0162805200125453
0	0.0162805200125453
0	0.0139502374885122
0	0.0168305838400691
0	0.0162805200125453
0	0.0162805200125453
0	0.0173731101934084
0	0.0162805200125453
0	0.0162805200125453
0	0.167856846137057
0	0.0162805200125453
0	0.0162985128471888
0	0.0162805200125453
0	0.0162805200125453
0	0.0162805200125453
0	0.0162805200125453
0	0.0162805200125453
0	0.0126668522838052
0	0.0162805200125453
0	0.0162805200125453
0	0.02391048504297
0	0.00587150498640589
0	0.0162805200125453
0	0.223417421321683
0	0.0162805200125453
0	0.0162805200125453
0	0.0162805200125453
0	0.0252372367353766
0	0.0162805200125453
0	0.0132096980396205
0	0.0162805200125453
0	0.0136623013023808
0	0.017222544928737
0	0.0813310746381306
0	0.0162805200125453
0	0.0507003391146726
0	0.0124887335044882
0	0.0162805200125453
0	0.0149424756332171
0	0.0162805200125453
0	0.0162805200125453
0	0.904688635241236
0	0.0118206556417021
0	0.0162805200125453
0	0.0162805200125453
0	0.0162805200125453
0	0.0367882347984292
0	0.0162805200125453
0	0.0162805200125453
0	0.0162805200125453
0	0.0162805200125453
0	0.0287370692538283
0	0.0144268378117163
0	0.0142621609555819
0	0.0215658229758259
0	0.0162805200125453
0	0.0136623013023808
0	0.0216616294791632
0	0.231029444999614
0	0.0162805200125453
0	0.0162805200125453
0	0.710166560303728
0	0.0162805200125453
0	0.0162805200125453
0	0.0162805200125453
0	0.0162805200125453
0	0.0162805200125453
0	0.0174746286116527
0	0.0160481687679924
0	0.0162985128471888
0	0.103543347291907
0	0.0301504408973316
0	0.00735401339245062
0	0.0215658229758259
0	0.0162805200125453
0	0.0150998607472176
0	0.0155558500157428
0	0.0162805200125453
0	0.0273686947681139
0	0.00922937930618742
0	0.0162805200125453
0	0.0162805200125453
0	0.0162805200125453
0	0.0189048166503221
0	0.0162805200125453
0	0.0162805200125453
0	0.0162805200125453
0	0.0162805200125453
0	0.0162805200125453
0	0.0162805200125453
0	0.0162805200125453
0	0.0380089115901888
0	0.0142621609555819
0	0.0162059843950985
0	0.0162805200125453
0	0.0162805200125453
0	0.0162805200125453
0	0.0162805200125453
0	0.0162805200125453
0	0.0162805200125453
0	0.0118206556417021
0	0.0162805200125453
0	0.00532564722455262
0	0.154748294696448
0	0.0162805200125453
0	0.0168305838400691
0	0.0124854197713133
0	0.0138201490353582
0	0.0162805200125453
0	0.0162805200125453
0	0.0126072651496854
0	0.0134723623880565
0	0.816990361318328
0	0.0162805200125453
0	0.0153459483386127
0	0.00989441140318209
0	0.0162805200125453
0	0.0162805200125453
0	0.0140181035963382
0	0.0154480413900096
0	0.461893351801011
0	0.0162805200125453
0	0.0162805200125453
0	0.0202577043232304
0	0.0513122011196597
0	0.0162805200125453
0	0.0162805200125453
0	0.00867659415861615
0	0.0162805200125453
0	0.0162805200125453
0	0.0162805200125453
0	0.0162805200125453
0	0.0240535387279526
0	0.0174715973043829
0	0.0162805200125453
0	0.0143948459259634
0	0.0126050980861196
0	0.0177995514101255
0	0.0162391527097115
0	0.0162805200125453
0	0.0169910626889277
0	0.0162805200125453
0	0.0162805200125453
0	0.0181664516911117
0	0.0162805200125453
0	0.0174715973043829
0	0.0162805200125453
0	0.0162805200125453
0	0.0142621609555819
0	0.0252372367353766
0	0.0162805200125453
0	0.0149424756332171
0	0.0162805200125453
0	0.0162805200125453
0	0.0136623013023808
0	0.0162805200125453
0	0.0110061921108553
0	0.0162805200125453
0	0.0118206556417021
0	0.0162805200125453
0	0.0162805200125453
0	0.0162805200125453
0	0.0162805200125453
0	0.0123153089403518
0	0.0162805200125453
0	0.0162805200125453
0	0.0162805200125453
0	0.0162805200125453
0	0.0184288977896591
0	0.0134723623880565
0	0.011488903045331
0	0.0162805200125453
0	0.0162805200125453
0	0.0162805200125453
0	0.0317144733420447
0	0.623131171817144
0	0.0162805200125453
0	0.0168305838400691
0	0.0126668522838052
0	0.0169057174436318
0	0.0162805200125453
0	0.0162805200125453
0	0.0201646302635545
0	0.0162805200125453
0	0.0162805200125453
0	0.0162805200125453
0	0.0162805200125453
0	0.0138519095224555
0	0.0162805200125453
0	0.0162805200125453
0	0.0162805200125453
0	0.0219290477131871
0	0.0143948459259634
0	0.0162805200125453
0	0.0162805200125453
0	0.010328076914607
0	0.00929836305170127
0	0.58435714611048
0	0.0287370692538283
0	0.0162805200125453
0	0.0162805200125453
0	0.0162805200125453
0	0.0162805200125453
0	0.0162805200125453
0	0.0162805200125453
0	0.0162805200125453
0	0.0162805200125453
0	0.0162805200125453
0	0.0162805200125453
0	0.059232360993253
0	0.0162805200125453
0	0.0162805200125453
0	0.0260305159233519
0	0.0162805200125453
0	0.0162805200125453
0	0.0134723623880565
0	0.0162805200125453
0	0.0162805200125453
0	0.0174715973043829
0	0.0191220596556591
0	0.0162805200125453
0	0.0162805200125453
0	0.0220871571853869
0	0.0165946850140238
0	0.0172917092695733
0	0.0162805200125453
0	0.0273686947681139
0	0.0162805200125453
0	0.0136623013023808
0	0.0162805200125453
0	0.0252372367353766
0	0.0134723623880565
0	0.0162805200125453
0	0.0202769153480094
0	0.0162805200125453
0	0.0213408773162779
0	0.0162805200125453
0	0.0162805200125453
0	0.0162805200125453
0	0.0162805200125453
0	0.0192908671799084
0	0.0169910626889277
0	0.0162805200125453
0	0.0162805200125453
0	0.0162805200125453
0	0.629056371365899
0	0.0162805200125453
0	0.0295904939700736
0	0.0143948459259634
0	0.0148859478930802
0	0.0162805200125453
0	0.0145123781838478
0	0.0162805200125453
0	0.0162805200125453
0	0.0254459486273827
0	0.0120757172158655
0	0.0835617394136602
0	0.0186619216496116
0	0.0119092445239984
0	0.0174715973043829
0	0.0170951462020989
0	0.0162805200125453
0	0.225032768839437
0	0.0162805200125453
0	0.0162805200125453
0	0.0144625197243586
0	0.0126982331035085
0	0.0162805200125453
0	0.0168305838400691
0	0.0162805200125453
0	0.0162805200125453
0	0.0162805200125453
0	0.0162805200125453
0	0.0118206556417021
0	0.0125109767744752
0	0.0126668522838052
0	0.0162805200125453
0	0.0162805200125453
0	0.0162805200125453
0	0.0162805200125453
0	0.0174746286116527
0	0.0107418501047323
0	0.0162805200125453
0	0.0247909434869892
0	0.0162805200125453
0	0.0162805200125453
0	0.0130964479304591
0	0.0172917092695733
0	0.0143948459259634
0	0.0162805200125453
0	0.0162805200125453
0	0.0162805200125453
0	0.0162805200125453
0	0.0174715973043829
0	0.34984467522845
0	0.0160481687679924
0	0.0162805200125453
0	0.0162805200125453
0	0.0162805200125453
0	0.0162805200125453
0	0.0729639800498729
0	0.619437203360982
0	0.0635542183916816
0	0.0162805200125453
0	0.0162805200125453
0	0.0162805200125453
0	0.0162805200125453
0	0.0174861386787112
0	0.0231344777526522
0	0.0162805200125453
0	0.0162805200125453
0	0.0172917092695733
0	0.0162805200125453
0	0.0162805200125453
0	0.0186619216496116
0	0.715728492361231
0	0.0162805200125453
0	0.0172386374389145
0	0.00886229542624802
0	0.0162805200125453
0	0.0162805200125453
0	0.00713801976775188
0	0.0143948459259634
0	0.0162805200125453
0	0.0243943540593179
0	0.0149424756332171
0	0.917132618039228
0	0.0162805200125453
0	0.0162805200125453
0	0.0162805200125453
0	0.0124577907240029
0	0.0162805200125453
0	0.013473764786419
0	0.0124854197713133
0	0.0162805200125453
0	0.0142621609555819
0	0.0196150293219179
0	0.0162805200125453
0	0.0293629490751995
0	0.0162805200125453
0	0.0143948459259634
0	0.0169910626889277
0	0.0162805200125453
0	0.0134723623880565
0	0.0162805200125453
0	0.0162805200125453
0	0.0209084596145523
0	0.0168305838400691
0	0.0162805200125453
0	0.0162805200125453
0	0.0162805200125453
0	0.0162805200125453
0	0.0194848631973739
0	0.0197224272921
0	0.0150998607472176
0	0.0162805200125453
0	0.0162805200125453
0	0.028857893552977
0	0.0162805200125453
0	0.0162805200125453
0	0.0162805200125453
0	0.0162805200125453
0	0.00952261323551393
0	0.0162805200125453
0	0.0153206422118647
0	0.0162805200125453
0	0.0162805200125453
0	0.0769041098773226
0	0.0162805200125453
0	0.0150998607472176
0	0.0202911027651511
0	0.0126072651496854
0	0.110734452173679
0	0.0162805200125453
0	0.0162805200125453
0	0.014984190820196
0	0.0162805200125453
0	0.0151267299532206
0	0.0162805200125453
0	0.0162805200125453
0	0.0162805200125453
0	0.380642544217956
0	0.0152559224894821
0	0.0214346433998693
0	0.0246670715850818
0	0.0162805200125453
0	0.0162805200125453
0	0.0169910626889277
0	0.0247538795182249
0	0.0162805200125453
0	0.0162805200125453
0	0.0202821240202104
0	0.0162805200125453
0	0.0162805200125453
0	0.0162805200125453
0	0.0162805200125453
0	0.0162805200125453
0	0.966015659123292
0	0.847629244222898
0	0.0162805200125453
0	0.0162805200125453
0	0.0162805200125453
0	0.0676066724329031
0	0.0162805200125453
0	0.0162805200125453
0	0.0162805200125453
0	0.0162805200125453
0	0.0168305838400691
0	0.0162805200125453
0	0.0435686988676638
0	0.0162805200125453
0	0.0162805200125453
0	0.0386747624850145
0	0.0142621609555819
0	0.0168305838400691
0	0.0182016230410152
0	0.0162805200125453
0	0.0162805200125453
0	0.0195512409536098
0	0.0173186976315653
0	0.0219702037437453
0	0.0162805200125453
0	0.0162805200125453
0	0.0184288977896591
0	0.0162805200125453
0	0.016037257937531
0	0.0162805200125453
0	0.0162805200125453
0	0.0162805200125453
0	0.0186619216496116
0	0.0151165687970479
0	0.0162805200125453
0	0.0162805200125453
0	0.0275506716292734
0	0.0162805200125453
0	0.0162805200125453
0	0.0143948459259634
0	0.0153459483386127
0	0.0142621609555819
0	0.0242038442125929
0	0.0142621609555819
0	0.0162805200125453
0	0.0162805200125453
0	0.0218907950901267
0	0.0162805200125453
0	0.0162805200125453
0	0.0144814750107636
0	0.0162805200125453
0	0.0162805200125453
0	0.0162805200125453
0	0.0200798216317197
0	0.0213408773162779
0	0.0162805200125453
0	0.0162805200125453
0	0.0195952226211099
0	0.0162805200125453
0	0.0162805200125453
0	0.0131200185909639
0	0.0162805200125453
0	0.0133729130746588
0	0.0162805200125453
0	0.0143948459259634
0	0.0162805200125453
0	0.0317144733420447
0	0.0236613000173653
0	0.0217505328895709
0	0.0169910626889277
0	0.0136623013023808
0	0.020172313368242
0	0.0174746286116527
0	0.0164681123446529
0	0.0162805200125453
0	0.0164681123446529
0	0.0162805200125453
0	0.0162805200125453
0	0.0103940189563643
0	0.0162805200125453
0	0.0169173215443627
0	0.0149424756332171
0	0.0162805200125453
0	0.0322487056079022
0	0.0162805200125453
0	0.0162805200125453
0	0.0364567247183148
0	0.391368621701527
0	0.0143948459259634
0	0.0143948459259634
0	0.0162805200125453
0	0.0319425096763464
0	0.0162805200125453
0	0.0162805200125453
0	0.0162805200125453
0	0.00819439508109462
0	0.0162805200125453
0	0.0162805200125453
0	0.0162805200125453
0	0.0162805200125453
0	0.0162805200125453
0	0.0162805200125453
0	0.0316884532815613
0	0.0246221729733997
0	0.824262271256741
0	0.0242038442125929
0	0.0162805200125453
0	0.0105963562238604
0	0.0162805200125453
0	0.0143948459259634
0	0.0149424756332171
0	0.0162805200125453
0	0.0177098660301169
0	0.0123153089403518
0	0.0172917092695733
0	0.0162805200125453
0	0.0162805200125453
0	0.0168305838400691
0	0.0162805200125453
0	0.0162805200125453
0	0.0162805200125453
0	0.0162805200125453
0	0.0162805200125453
0	0.0877642965666333
0	0.0544442068385777
0	0.0162805200125453
0	0.0186619216496116
0	0.0162805200125453
0	0.0162805200125453
0	0.0126072651496854
0	0.0080930425126426
0	0.0215658229758259
0	0.0162805200125453
0	0.0162805200125453
0	0.0162805200125453
0	0.0154510621805301
0	0.0162805200125453
0	0.0162805200125453
0	0.0143948459259634
0	0.0162805200125453
0	0.0191219378689536
0	0.0149424756332171
0	0.0162805200125453
0	0.0162805200125453
0	0.0162805200125453
0	0.0143948459259634
0	0.0162805200125453
0	0.0162805200125453
0	0.0162805200125453
0	0.0162805200125453
0	0.0162805200125453
0	0.292945554470603
0	0.0162805200125453
0	0.0118206556417021
0	0.0162805200125453
0	0.589830320148914
0	0.0162805200125453
0	0.0313362078337818
0	0.0215658229758259
0	0.0173280475617887
0	0.020278615750981
0	0.0162805200125453
0	0.0162805200125453
0	0.0181377631485079
0	0.0162805200125453
0	0.0162805200125453
0	0.0162805200125453
0	0.0162805200125453
0	0.0169910626889277
0	0.0118962555043151
0	0.0217505328895709
0	0.0126072651496854
0	0.0162805200125453
0	0.0162805200125453
0	0.0164681123446529
0	0.0162805200125453
0	0.0188998588275241
0	0.0162805200125453
0	0.0162805200125453
0	0.0162805200125453
0	0.0150243476802557
0	0.0162805200125453
0	0.0170164384668051
0	0.0162805200125453
0	0.0222904130212807
0	0.0167575222706529
0	0.0162805200125453
0	0.0162805200125453
0	0.0164681123446529
0	0.0162805200125453
0	0.0162805200125453
0	0.0162805200125453
0	0.0243527879481935
0	0.0210792793598079
0	0.0150998607472176
0	0.0162805200125453
0	0.0162805200125453
0	0.0162805200125453
0	0.0223377170803094
0	0.0360420121968824
0	0.0182801641638472
0	0.0295012697835198
0	0.0162805200125453
0	0.0252372367353766
0	0.0215658229758259
0	0.0162805200125453
0	0.0162805200125453
0	0.00840937206632325
0	0.0162805200125453
0	0.0142621609555819
0	0.0162805200125453
0	0.0162805200125453
0	0.0162805200125453
0	0.523221264450992
0	0.0118206556417021
0	0.0143948459259634
0	0.0191821952222304
0	0.0162805200125453
0	0.0143948459259634
0	0.0162805200125453
0	0.0581192140367835
0	0.0184288977896591
0	0.0162805200125453
0	0.0162805200125453
0	0.0162805200125453
0	0.0162805200125453
0	0.0162805200125453
0	0.0174715973043829
0	0.0162805200125453
0	0.0467601172092935
0	0.0126177821347451
0	0.0162805200125453
0	0.0162805200125453
0	0.339426948497761
0	0.0162805200125453
0	0.0789205370292696
0	0.0162391527097115
0	0.0162805200125453
0	0.0253428372284565
0	0.0162805200125453
0	0.0162805200125453
0	0.00863632882101885
0	0.00844601602037633
0	0.00957320495942454
0	0.0142621609555819
0	0.131190787362351
0	0.0188998588275241
0	0.0162805200125453
0	0.0162805200125453
0	0.0162805200125453
0	0.0162805200125453
0	0.0168305838400691
0	0.0162805200125453
0	0.0162805200125453
0	0.0162805200125453
0	0.0162805200125453
0	0.0184288977896591
0	0.0169910626889277
0	0.0162805200125453
0	0.0402627903148326
0	0.0162805200125453
0	0.0162805200125453
0	0.0199285329776206
0	0.0243943540593179
0	0.0162805200125453
0	0.0162805200125453
0	0.0143948459259634
0	0.0162805200125453
0	0.0160481687679924
0	0.0162805200125453
0	0.0162805200125453
0	0.0162805200125453
0	0.0162805200125453
0	0.0162805200125453
0	0.0417948442795018
0	0.0162805200125453
0	0.0184288977896591
0	0.0162805200125453
0	0.00723374070057714
0	0.0162805200125453
0	0.0337247210846077
0	0.0162805200125453
0	0.0162805200125453
0	0.0162805200125453
0	0.0162805200125453
0	0.0162805200125453
0	0.0162805200125453
0	0.0162805200125453
0	0.0162805200125453
0	0.0162805200125453
0	0.0126896597103077
0	0.0213408773162779
0	0.0226915332740962
0	0.0162805200125453
0	0.0162805200125453
0	0.0134886981973125
0	0.0162805200125453
0	0.258275378657518
0	0.0162805200125453
0	0.0162805200125453
0	0.0162805200125453
0	0.0162805200125453
0	0.0162805200125453
0	0.0162805200125453
0	0.0164681123446529
0	0.0168305838400691
0	0.0282218431624803
0	0.0242038442125929
0	0.0162805200125453
0	0.0162805200125453
0	0.0172917092695733
0	0.026328221818126
0	0.0162805200125453
0	0.0162805200125453
0	0.0162805200125453
0	0.0162805200125453
0	0.0162805200125453
0	0.0162805200125453
0	0.0160163669084056
0	0.0162805200125453
0	0.062009518063316
0	0.0136623013023808
0	0.0162805200125453
0	0.0162805200125453
0	0.0164035267269008
0	0.0162805200125453
0	0.0162805200125453
0	0.0162805200125453
0	0.00982028477621468
0	0.031291322558922
0	0.0162805200125453
0	0.0162805200125453
0	0.0162805200125453
0	0.0162805200125453
0	0.0118936658835461
0	0.0168305838400691
0	0.0136623013023808
0	0.0126668522838052
0	0.0162805200125453
0	0.0162805200125453
0	0.0193954301091286
0	0.0291895893134841
0	0.0126668522838052
0	0.0162805200125453
0	0.014882163032755
0	0.0162805200125453
0	0.747443273303159
0	0.0162805200125453
0	0.0162805200125453
0	0.0162805200125453
0	0.0186619216496116
0	0.0162805200125453
0	0.0162805200125453
0	0.0143948459259634
0	0.0162805200125453
0	0.0228127173654344
0	0.0124127968841538
0	0.0162805200125453
0	0.0162805200125453
0	0.0162805200125453
0	0.0162805200125453
0	0.0143639517238448
0	0.0407798674587472
0	0.0200708328550919
0	0.0162805200125453
0	0.0143948459259634
0	0.0162805200125453
0	0.0162805200125453
0	0.0162805200125453
0	0.0162805200125453
0	0.0162805200125453
0	0.0344030813881955
0	0.0162805200125453
0	0.0186619216496116
0	0.0169910626889277
0	0.0162805200125453
0	0.0168305838400691
0	0.0273296295513625
0	0.0162805200125453
0	0.0162805200125453
0	0.0162805200125453
0	0.0143948459259634
0	0.0190089618872204
0	0.0162805200125453
0	0.0143948459259634
0	0.00642872817990252
0	0.0162805200125453
0	0.0162805200125453
0	0.0142621609555819
0	0.0162805200125453
0	0.0158165500760089
0	0.0699310047283878
0	0.0162805200125453
0	0.0136616883348449
0	0.0398855767501706
0	0.0162805200125453
0	0.0162805200125453
0	0.0162805200125453
0	0.0234530394477769
0	0.0162805200125453
0	0.0162805200125453
0	0.616497243810385
0	0.0172917092695733
0	0.0162805200125453
0	0.0162805200125453
0	0.0168305838400691
0	0.0162805200125453
0	0.0143948459259634
0	0.0162805200125453
0	0.0843026772731743
0	0.0123153089403518
0	0.0164681123446529
0	0.453626834414256
0	0.0162805200125453
0	0.0162805200125453
0	0.0162805200125453
0	0.0200869938983691
0	0.0162805200125453
0	0.0227178725973015
0	0.0162805200125453
0	0.0143948459259634
0	0.0172933987009802
0	0.0162805200125453
0	0.0652694502208415
0	0.743537831299307
0	0.0162805200125453
0	0.0162805200125453
0	0.0162805200125453
0	0.0162805200125453
0	0.0118206556417021
0	0.0162805200125453
0	0.0299946454926708
0	0.024880290645884
0	0.00940341042918427
0	0.0190211519682507
0	0.0164681123446529
0	0.0229512730314711
0	0.0164681123446529
0	0.733980218170105
0	0.0168305838400691
0	0.0162805200125453
0	0.0162805200125453
0	0.0323228954087647
0	0.0143948459259634
0	0.0162805200125453
0	0.0162805200125453
0	0.0192908671799084
0	0.0367513383462715
0	0.0162805200125453
0	0.0231179293149197
0	0.0285332606368261
0	0.0217663945639181
0	0.0162805200125453
0	0.0162805200125453
0	0.0209170227959576
0	0.0162805200125453
0	0.0162805200125453
0	0.0162805200125453
0	0.0156487141105899
0	0.0162805200125453
0	0.00895185190515755
0	0.0136574496048027
0	0.0162805200125453
0	0.0162805200125453
0	0.0215658229758259
0	0.0162805200125453
0	0.0150998607472176
0	0.017027532164603
0	0.0149424756332171
0	0.0162805200125453
0	0.0162805200125453
0	0.0162805200125453
0	0.0152524438198744
0	0.0175599858808965
0	0.0162805200125453
0	0.0162805200125453
0	0.0162805200125453
0	0.0162805200125453
0	0.240465218260994
0	0.0153459483386127
0	0.0162805200125453
0	0.014332669535032
0	0.0512964733872701
0	0.0162805200125453
0	0.0162805200125453
0	0.0162805200125453
0	0.0162805200125453
0	0.0162805200125453
0	0.0142621609555819
0	0.0162805200125453
0	0.0183821736625113
0	0.0172917092695733
0	0.0162805200125453
0	0.013473764786419
0	0.0169057174436318
0	0.0162805200125453
0	0.0162805200125453
0	0.0219507608508202
0	0.0149424756332171
0	0.0162805200125453
0	0.0163629832958105
0	0.0403001433253796
0	0.0162805200125453
0	0.0162805200125453
0	0.0162805200125453
0	0.0185206943195479
0	0.0162805200125453
0	0.0162805200125453
0	0.0168305838400691
0	0.0118913948945225
0	0.0113017401431415
0	0.0168305838400691
0	0.0162805200125453
0	0.0162805200125453
0	0.0143948459259634
0	0.0162805200125453
0	0.0186116630179186
0	0.0162805200125453
0	0.0162805200125453
0	0.0162805200125453
0	0.0690979566539538
0	0.0162805200125453
0	0.0162805200125453
0	0.0213408773162779
0	0.0162805200125453
0	0.0128760593507338
0	0.0162805200125453
0	0.0162805200125453
0	0.0393489404165269
0	0.0162805200125453
0	0.0162805200125453
0	0.0221020114808557
0	0.0162805200125453
0	0.0163553075390906
0	0.0162805200125453
0	0.0162805200125453
0	0.0162805200125453
0	0.0153459483386127
0	0.0134723623880565
0	0.209247389409649
0	0.0162805200125453
0	0.0185703025029807
0	0.0782757578257158
0	0.0936074419151829
0	0.0162805200125453
0	0.0162805200125453
0	0.0162805200125453
0	0.0162805200125453
0	0.0191821952222304
0	0.0162805200125453
0	0.0162805200125453
0	0.0162805200125453
0	0.0162805200125453
0	0.0213408773162779
0	0.018061164758893
0	0.0177735527237343
0	0.0162805200125453
0	0.00778486022791217
0	0.64666911385841
0	0.0169910626889277
0	0.0162805200125453
0	0.0162805200125453
0	0.0162805200125453
0	0.0162805200125453
0	0.0162805200125453
0	0.0162805200125453
0	0.0162805200125453
0	0.0162805200125453
0	0.0162805200125453
0	0.0162805200125453
0	0.0216225274584356
0	0.0162805200125453
0	0.0162805200125453
0	0.0149044566664771
0	0.0162805200125453
0	0.0166600185562707
0	0.102056301373368
0	0.0212096630770838
0	0.0174715973043829
0	0.0324925291392159
0	0.0162805200125453
0	0.0162805200125453
0	0.0162805200125453
0	0.0162805200125453
0	0.0174715973043829
0	0.0162805200125453
0	0.0337021634170618
0	0.0162805200125453
0	0.0162805200125453
0	0.0136623013023808
0	0.0162805200125453
0	0.0162805200125453
0	0.0162805200125453
0	0.0162805200125453
0	0.0162805200125453
0	0.0162805200125453
0	0.0162805200125453
0	0.0162805200125453
0	0.0162805200125453
0	0.00544386398422618
0	0.0122628521193134
0	0.0162805200125453
0	0.0162805200125453
0	0.0143948459259634
0	0.0162805200125453
0	0.021386370115861
0	0.0162805200125453
0	0.014882163032755
0	0.0162805200125453
0	0.0162805200125453
0	0.0162805200125453
0	0.0215658229758259
0	0.0162805200125453
0	0.0150998607472176
0	0.0190547187531664
0	0.0162805200125453
0	0.0154350177442219
0	0.0099335163568626
0	0.197482303528175
0	0.0162805200125453
0	0.0143948459259634
0	0.0162805200125453
0	0.0162805200125453
0	0.0164681123446529
0	0.0162805200125453
0	0.0164681123446529
0	0.0169910626889277
0	0.0162805200125453
0	0.0142621609555819
0	0.0162805200125453
0	0.0162805200125453
0	0.0162805200125453
0	0.0162805200125453
0	0.0162805200125453
0	0.0162805200125453
0	0.0162805200125453
0	0.0162805200125453
0	0.0162805200125453
0	0.0162805200125453
0	0.0142621609555819
0	0.0168305838400691
0	0.0132494841446956
0	0.013473764786419
0	0.0162805200125453
0	0.0162805200125453
0	0.0162805200125453
0	0.0162805200125453
0	0.0162805200125453
0	0.0162805200125453
0	0.833326351799469
0	0.0169910626889277
0	0.0143948459259634
0	0.107265126793432
0	0.0162805200125453
0	0.0162805200125453
0	0.0228065764607329
0	0.178431580682088
0	0.0162805200125453
0	0.0162805200125453
0	0.0169910626889277
0	0.0354578475329103
0	0.0162805200125453
0	0.0162805200125453
0	0.0339353805601632
0	0.038902948693444
0	0.0162805200125453
0	0.0162805200125453
0	0.0126668522838052
0	0.0162805200125453
0	0.0975131250786353
0	0.0392048671733877
0	0.0296584414300988
0	0.0162805200125453
0	0.0190118322672456
0	0.0186619216496116
0	0.0126668522838052
0	0.0168305838400691
0	0.0162805200125453
0	0.0184288977896591
0	0.0158649453858911
0	0.0226915332740962
0	0.0162805200125453
0	0.0123484566722315
0	0.0162805200125453
0	0.0156675914506176
0	0.0188998588275241
0	0.0162805200125453
0	0.018233307874982
0	0.0162805200125453
0	0.0162805200125453
0	0.0162805200125453
0	0.0142621609555819
0	0.0162805200125453
0	0.0204414648976259
0	0.0186619216496116
0	0.0162805200125453
0	0.0392483373871691
0	0.0162805200125453
0	0.0226915332740962
0	0.0162805200125453
0	0.00505114438026747
0	0.0122732408445394
0	0.0162805200125453
0	0.0192635793802295
0	0.026328221818126
0	0.0162805200125453
0	0.0215658229758259
0	0.0521503297788032
0	0.0325004279958342
0	0.0146638582300717
0	0.0162805200125453
0	0.0134723623880565
0	0.0144869445034655
0	0.0162805200125453
0	0.0162805200125453
0	0.0142621609555819
0	0.0927665715358245
0	0.0160470090352546
0	0.0162805200125453
0	0.0333317225912
0	0.0162805200125453
0	0.0311542814713916
0	0.0162805200125453
0	0.01755921757313
0	0.0162805200125453
0	0.0162805200125453
0	0.0172917092695733
0	0.0112994094150357
0	0.0162805200125453
0	0.0177949137258857
0	0.0293340556565163
0	0.0304107085308961
0	0.0134723623880565
0	0.0155229419932166
0	0.0162805200125453
0	0.0162805200125453
0	0.0319425096763464
0	0.0256017551268177
0	0.0162805200125453
0	0.0118259327936028
0	0.0162805200125453
0	0.0162805200125453
0	0.0162805200125453
0	0.0143948459259634
0	0.0162805200125453
0	0.0162805200125453
0	0.0162805200125453
0	0.108563144230212
0	0.0162805200125453
0	0.0162805200125453
0	0.0112844767853222
0	0.0117385345224682
0	0.0162805200125453
0	0.0162805200125453
0	0.0132809300024987
0	0.0174715973043829
0	0.0118206556417021
0	0.0162805200125453
0	0.0162805200125453
0	0.0110198481301469
0	0.0162805200125453
0	0.0282472085446733
0	0.0209995900735186
0	0.0162805200125453
0	0.045508127694109
0	0.00403633049926942
0	0.0195366636917262
0	0.0162805200125453
0	0.0162805200125453
0	0.0162805200125453
0	0.0162805200125453
0	0.0162805200125453
0	0.0162805200125453
0	0.0226915332740962
0	0.0174715973043829
0	0.0162805200125453
0	0.0114426100152902
0	0.0162805200125453
0	0.0162805200125453
0	0.0162805200125453
0	0.0224617074874759
0	0.0162805200125453
0	0.0162805200125453
0	0.0143948459259634
0	0.0174715973043829
0	0.755908772600429
0	0.0134276797707843
0	0.0162805200125453
0	0.357987737148463
0	0.0139446872718105
0	0.0162805200125453
0	0.0215658229758259
0	0.0162805200125453
0	0.0109598212514124
0	0.0613379203574985
0	0.0124876054215067
0	0.0384541886547404
0	0.0159565164362043
0	0.0149424756332171
0	0.0168305838400691
0	0.0100813249480943
0	0.0162805200125453
0	0.0168382579566299
0	0.0208615782852594
0	0.0131307456131198
0	0.0172917092695733
0	0.0162805200125453
0	0.0174715973043829
0	0.0162805200125453
0	0.0205640637002883
0	0.0165377806013537
0	0.0162805200125453
0	0.0161637051431928
0	0.0162805200125453
0	0.0162805200125453
0	0.0259623121059062
0	0.0162805200125453
0	0.0143948459259634
0	0.0162805200125453
0	0.0143948459259634
0	0.0123153089403518
0	0.00922806664004278
0	0.0162805200125453
0	0.0162805200125453
0	0.0162805200125453
0	0.0252372367353766
0	0.15610332222564
0	0.0222917330140844
0	0.0162805200125453
0	0.0246843414209514
0	0.0162805200125453
0	0.0162805200125453
0	0.0174715973043829
0	0.0143948459259634
0	0.0414005773547431
0	0.0162805200125453
0	0.0150119660366619
0	0.0162805200125453
0	0.0174715973043829
0	0.0162805200125453
0	0.38056680882863
0	0.0143948459259634
0	0.0149424756332171
0	0.0162805200125453
0	0.0118206556417021
0	0.0213613361442622
0	0.0163552142060147
0	0.0162805200125453
0	0.0215658229758259
0	0.0182848020582378
0	0.0162805200125453
0	0.0162805200125453
0	0.0242038442125929
0	0.0162805200125453
0	0.0162805200125453
0	0.024642310672149
0	0.0160481687679924
0	0.0162805200125453
0	0.0162805200125453
0	0.075680044827002
0	0.0292547483817786
0	0.0162805200125453
0	0.0162805200125453
0	0.0136036246864571
0	0.0162805200125453
0	0.0325744078180583
0	0.0213408773162779
0	0.0162805200125453
0	0.0162805200125453
0	0.0164681123446529
0	0.0162805200125453
0	0.0486858597289682
0	0.0625313149671741
0	0.0162805200125453
0	0.0162805200125453
0	0.0164681123446529
0	0.0150998607472176
0	0.0162805200125453
0	0.0164681123446529
0	0.0133490795971827
0	0.0162805200125453
0	0.013473764786419
0	0.0168305838400691
0	0.0206338029598272
0	0.0153078735949318
0	0.0162805200125453
0	0.0162805200125453
0	0.0162805200125453
0	0.0174715973043829
0	0.0162805200125453
0	0.0365294185883276
0	0.0162805200125453
0	0.0162805200125453
0	0.0162805200125453
0	0.0162805200125453
0	0.0162805200125453
0	0.0162805200125453
0	0.0162805200125453
0	0.0162805200125453
0	0.0162805200125453
0	0.0162805200125453
0	0.0162805200125453
0	0.0162805200125453
0	0.0234225042144009
0	0.0162805200125453
0	0.0394016075313748
0	0.0125163568087175
0	0.0162805200125453
0	0.0154480413900096
0	0.0292547483817786
0	0.0285332606368261
0	0.10794891293684
0	0.0162805200125453
0	0.0166271503206821
0	0.0162805200125453
0	0.0162805200125453
0	0.0162805200125453
0	0.0162805200125453
0	0.0142621609555819
0	0.0162805200125453
0	0.0188598179271907
0	0.0162805200125453
0	0.0162805200125453
0	0.0134723623880565
0	0.0162805200125453
0	0.0162805200125453
0	0.0168305838400691
0	0.0247009098482114
0	0.0313362078337818
0	0.0162805200125453
0	0.0169910626889277
0	0.0118206556417021
0	0.0134723623880565
0	0.0162805200125453
0	0.0321855070616958
0	0.00937396761942277
0	0.0218930577310018
0	0.0174715973043829
0	0.0162805200125453
0	0.0184288977896591
0	0.334854012956226
0	0.0348403277458411
0	0.0134723623880565
0	0.0149516640007062
0	0.58252962097347
0	0.0187562171057331
0	0.0168305838400691
0	0.0242038442125929
0	0.0162805200125453
0	0.018395187016364
0	0.0143948459259634
0	0.0172509419032882
0	0.0162805200125453
0	0.0162805200125453
0	0.0164340202873416
0	0.0226915332740962
0	0.0162805200125453
0	0.0193951887073607
0	0.0162805200125453
0	0.0149424756332171
0	0.0162805200125453
0	0.0512773323069625
0	0.0162805200125453
0	0.0174746286116527
0	0.0162805200125453
0	0.101357209448481
0	0.0162805200125453
0	0.0162805200125453
0	0.0162805200125453
0	0.0162805200125453
0	0.0162805200125453
0	0.0162805200125453
0	0.0102567170643632
0	0.0162805200125453
0	0.0198429047991718
0	0.0162805200125453
0	0.0168305838400691
0	0.0154480413900096
0	0.0162805200125453
0	0.0143948459259634
0	0.0162805200125453
0	0.0162805200125453
0	0.0162805200125453
0	0.0162805200125453
0	0.0162805200125453
0	0.0226915332740962
0	0.0892655518473862
0	0.0162805200125453
0	0.0138050033894229
0	0.0126668522838052
0	0.0162805200125453
0	0.0162805200125453
0	0.0119392942422019
0	0.0153459483386127
0	0.0162805200125453
0	0.0162805200125453
0	0.086222744014335
0	0.0162805200125453
0	0.0220580798013459
0	0.0143948459259634
0	0.00840287564889461
0	0.0162805200125453
0	0.0162805200125453
0	0.00741984518336175
0	0.0325004279958342
0	0.0162805200125453
0	0.0131588870987898
0	0.0186619216496116
0	0.0243943540593179
0	0.0162805200125453
0	0.0162805200125453
0	0.0162805200125453
0	0.0162805200125453
0	0.014882163032755
0	0.0162805200125453
0	0.0162805200125453
0	0.118823330132933
0	0.0162805200125453
0	0.0162805200125453
0	0.0162805200125453
0	0.0162805200125453
0	0.0837150879240511
0	0.0124263731468989
0	0.0162805200125453
0	0.0162805200125453
0	0.0164681123446529
0	0.0162805200125453
0	0.0162805200125453
0	0.0143948459259634
0	0.0162805200125453
0	0.0258114636881673
0	0.0162805200125453
0	0.0169910626889277
0	0.0162805200125453
0	0.0242719529285945
0	0.0162805200125453
0	0.0224617074874759
0	0.0168305838400691
0	0.0162805200125453
0	0.248825184036011
0	0.0170164384668051
0	0.0162805200125453
0	0.0162805200125453
0	0.0299946454926708
0	0.0162805200125453
0	0.189203917477222
0	0.0162805200125453
0	0.0162805200125453
0	0.0162805200125453
0	0.0162805200125453
0	0.0162805200125453
0	0.0123153089403518
0	0.0162805200125453
0	0.0143948459259634
0	0.0126668522838052
0	0.0149424756332171
0	0.00916859630273996
0	0.0169910626889277
0	0.0143948459259634
0	0.0162805200125453
0	0.0162805200125453
0	0.0188998588275241
0	0.0149916896759041
0	0.0358642023698903
0	0.0162805200125453
0	0.0186619216496116
0	0.0149424756332171
0	0.0162805200125453
0	0.0149424756332171
0	0.0162805200125453
0	0.0162805200125453
0	0.0150998607472176
0	0.0162805200125453
0	0.0160481687679924
0	0.548297499334056
0	0.0162805200125453
0	0.013210550664954
0	0.0326132133861539
0	0.0162805200125453
0	0.0506683398121571
0	0.0143948459259634
0	0.0143948459259634
0	0.0162805200125453
0	0.0162805200125453
0	0.0143948459259634
0	0.0162805200125453
0	0.0340070141235446
0	0.0175930921338208
0	0.0162805200125453
0	0.0162805200125453
0	0.0162805200125453
0	0.0185382354084894
0	0.011431594728383
0	0.0162805200125453
0	0.0162805200125453
0	0.0165946850140238
0	0.0174715973043829
0	0.0162805200125453
0	0.0163629832958105
0	0.155957481601636
0	0.0162805200125453
0	0.0215658229758259
0	0.0226915332740962
0	0.570600929230138
0	0.0118206556417021
0	0.0162805200125453
0	0.0250148030754688
0	0.0162805200125453
0	0.0162805200125453
0	0.0162805200125453
0	0.0162805200125453
0	0.0162805200125453
0	0.0162805200125453
0	0.0169910626889277
0	0.0162805200125453
0	0.0174715973043829
0	0.0162805200125453
0	0.0162805200125453
0	0.0162805200125453
0	0.596052078105225
0	0.0162805200125453
0	0.0162805200125453
0	0.0258546906447914
0	0.0162805200125453
0	0.0162805200125453
0	0.834972922943266
0	0.0143948459259634
0	0.0162805200125453
0	0.0163660101846369
0	0.0234530394477769
0	0.0162805200125453
0	0.0264588231954167
0	0.0162805200125453
0	0.0162805200125453
0	0.0162805200125453
0	0.0174715973043829
0	0.014577309910711
0	0.0162805200125453
0	0.0162805200125453
0	0.0280378145417614
0	0.0162805200125453
0	0.0162805200125453
0	0.045508127694109
0	0.0252513138330981
0	0.00356263565849501
0	0.0162805200125453
0	0.0162805200125453
0	0.0169910626889277
0	0.0184288977896591
0	0.0162805200125453
0	0.0162805200125453
0	0.0162805200125453
0	0.0126896597103077
0	0.0162805200125453
0	0.0162805200125453
0	0.0162805200125453
0	0.015450134647303
0	0.0162805200125453
0	0.0162805200125453
0	0.0162805200125453
0	0.0162805200125453
0	0.0162805200125453
0	0.0162805200125453
0	0.0168305838400691
0	0.0162805200125453
0	0.0143948459259634
0	0.0162805200125453
0	0.00943422154671037
0	0.0262126801788234
0	0.0162805200125453
0	0.0553346635270312
0	0.0162805200125453
0	0.0215658229758259
0	0.0122265913665438
0	0.0162805200125453
0	0.0162805200125453
0	0.0162805200125453
0	0.0153459483386127
0	0.0408108906914146
0	0.0132259046610723
0	0.0480103865808997
0	0.0168305838400691
0	0.0147450534008318
0	0.0162805200125453
0	0.0162805200125453
0	0.0242038442125929
0	0.0143948459259634
0	0.0215658229758259
0	0.0162805200125453
0	0.0162805200125453
0	0.0299516666812746
0	0.0164681123446529
0	0.0162805200125453
0	0.0162805200125453
0	0.0153078735949318
0	0.0162805200125453
0	0.0188998588275241
0	0.0173503361985898
0	0.0162805200125453
0	0.0162805200125453
0	0.00713801976775188
0	0.0162805200125453
0	0.0162805200125453
0	0.0173178952694278
0	0.00723436921280134
0	0.013473764786419
0	0.0162805200125453
0	0.0162805200125453
0	0.0163629832958105
0	0.0119026496995146
0	0.0168305838400691
0	0.0182331595389138
0	0.0171551783081062
0	0.0139288914657387
0	0.0162805200125453
0	0.0270655555944233
0	0.0162805200125453
0	0.0109023597251164
0	0.0162805200125453
0	0.927031723979446
0	0.0162805200125453
0	0.0134052319017311
0	0.0162805200125453
0	0.0162805200125453
0	0.00642872817990252
0	0.0162805200125453
0	0.0149424756332171
0	0.0118206556417021
0	0.0162805200125453
0	0.0162805200125453
0	0.0162805200125453
0	0.0215658229758259
0	0.0162805200125453
0	0.0162805200125453
0	0.0396865993738232
0	0.0162805200125453
0	0.0351197257414496
0	0.0162805200125453
0	0.0231344777526522
0	0.0162805200125453
0	0.0330039856605722
0	0.0242038442125929
0	0.0313647519728397
0	0.0162805200125453
0	0.0162805200125453
0	0.0143948459259634
0	0.0213969467625188
0	0.965372822327556
0	0.0162805200125453
0	0.0162805200125453
0	0.0162805200125453
0	0.313604685744426
0	0.0162805200125453
0	0.0162805200125453
0	0.0140635614451582
0	0.0162805200125453
0	0.0162805200125453
0	0.0162805200125453
0	0.498688710129631
0	0.00757285907023898
0	0.0174708327951379
0	0.0195366636917262
0	0.0152907357405195
0	0.0162805200125453
0	0.026328221818126
0	0.0234787699825108
0	0.0111677613088774
0	0.0168305838400691
0	0.0162805200125453
0	0.0162805200125453
0	0.0252372367353766
0	0.0162805200125453
0	0.0186619216496116
0	0.0103769085421674
0	0.0119645850826653
0	0.0162805200125453
0	0.0163311809626251
0	0.0186619216496116
0	0.0125302975142108
0	0.0162805200125453
0	0.0134723623880565
0	0.0160481687679924
0	0.0162805200125453
0	0.00722503000015135
0	0.0343534648876492
0	0.0162805200125453
0	0.0162805200125453
0	0.00665412603978291
0	0.0162805200125453
0	0.0133768149024974
0	0.0162805200125453
0	0.0162805200125453
0	0.0880143956948349
0	0.103522789319187
0	0.0163629832958105
0	0.0109278710583274
0	0.00998687363019568
0	0.0162805200125453
0	0.0162805200125453
0	0.0162805200125453
0	0.554612173732735
0	0.0195366636917262
0	0.0162805200125453
0	0.013473764786419
0	0.0243943540593179
0	0.0264935147419066
0	0.0162805200125453
0	0.0162805200125453
0	0.0162805200125453
0	0.0162805200125453
0	0.0283630471246425
0	0.0201928894983089
0	0.0162805200125453
0	0.0162805200125453
0	0.0162805200125453
0	0.0143948459259634
0	0.0162805200125453
0	0.0188998588275241
0	0.0169057174436318
0	0.0162805200125453
0	0.0162805200125453
0	0.0133598083966773
0	0.0262862671106115
0	0.0162805200125453
0	0.0162805200125453
0	0.0162805200125453
0	0.0162805200125453
0	0.0162805200125453
0	0.0162805200125453
0	0.0131885478263601
0	0.0161735151014108
0	0.0216559646356556
0	0.0162805200125453
0	0.0162805200125453
0	0.0162805200125453
0	0.0246925283374764
0	0.0188998588275241
0	0.0162805200125453
0	0.0149424756332171
0	0.0162805200125453
0	0.0162805200125453
0	0.0162805200125453
0	0.0162805200125453
0	0.0162805200125453
0	0.0125314086244908
0	0.388263237471326
0	0.0162805200125453
0	0.0364089774650773
0	0.0286034341454146
0	0.171767411346834
0	0.0142913644541389
0	0.0373811026857052
0	0.0162805200125453
0	0.0764773203810647
0	0.0162805200125453
0	0.0162805200125453
0	0.0162805200125453
0	0.0186619216496116
0	0.0162805200125453
0	0.0162805200125453
0	0.0162985128471888
0	0.0142621609555819
0	0.0162805200125453
0	0.0162805200125453
0	0.0162805200125453
0	0.0308310269197065
0	0.0169057174436318
0	0.0162805200125453
0	0.0176687215437585
0	0.0258909507386665
0	0.0162805200125453
0	0.0162805200125453
0	0.0142621609555819
0	0.0162805200125453
0	0.0162805200125453
0	0.0162805200125453
0	0.0291286059006325
0	0.0162805200125453
0	0.0162805200125453
0	0.0149424756332171
0	0.0907820507857507
0	0.0162805200125453
0	0.0162805200125453
0	0.014882163032755
0	0.0162805200125453
0	0.0162805200125453
0	0.0164681123446529
0	0.0162805200125453
0	0.0169910626889277
0	0.0168305838400691
0	0.0162805200125453
0	0.0162805200125453
0	0.0162805200125453
0	0.013473764786419
0	0.0162805200125453
0	0.0162805200125453
0	0.0217505328895709
