1	0.887830805605653
1	0.839832416797103
1	0.881802214654854
1	0.401931654171569
1	0.55746556985128
1	0.898858480781937
1	0.0320351407171313
1	0.963713677020416
1	0.0150848681499991
1	0.849137455097092
1	0.836977269290355
1	0.949765087148322
1	0.520033014270441
1	0.888118602074535
1	0.845221226885717
1	0.0150848681499991
1	0.901726758440442
1	0.0150848681499991
1	0.652816853129324
1	0.824752443285336
1	0.955062514851763
1	0.79209673957477
1	0.716718660421578
1	0.916388764782409
1	0.87873234206706
1	0.0216998226996672
1	0.983534728239578
1	0.385765905714277
1	0.0162839050796389
1	0.837690068125249
1	0.0150848681499991
1	0.922991246998345
1	0.883877636469945
1	0.0150848681499991
1	0.28657384736028
1	0.904947477130266
1	0.882780621027404
1	0.904577840343719
1	0.565385372381515
1	0.795960657038662
1	0.804995662480989
1	0.710322119052365
1	0.887407613703951
1	0.475787513285324
1	0.947722652960406
1	0.0150848681499991
1	0.644076104698162
1	0.229939668279375
1	0.088948957756562
1	0.94080027459444
1	0.866075022266676
1	0.946778033106253
1	0.0889930527401262
1	0.799474116709545
1	0.969963736980542
1	0.0166142172348475
1	0.110809607579128
1	0.75757742082469
1	0.677491521784482
1	0.828749827649782
1	0.040163301874382
1	0.677062938886253
1	0.741889539356702
1	0.234692547792236
1	0.0789902234063418
1	0.155268308246279
1	0.975941344984011
1	0.924964503654954
1	0.952801668105282
1	0.909299425658697
1	0.0150848681499991
1	0.896779046574706
1	0.0150848681499991
1	0.9238648588216
1	0.5618257940779
1	0.952531370864815
1	0.962802344131172
1	0.809751085141397
1	0.0196502802357006
1	0.832127982890887
1	0.770101739635456
1	0.946055143848083
1	0.890506641122769
1	0.0431323018187421
1	0.878203703954205
1	0.633941885912427
1	0.822548070136797
1	0.828571218455957
1	0.90528582370821
1	0.937809361507073
1	0.874554570538072
1	0.904003369145563
1	0.944858996461449
1	0.884184774701079
1	0.693940125361844
1	0.956127047781127
1	0.247791386607733
1	0.936615561870409
1	0.922440694258
1	0.518311355596316
1	0.844266042411732
1	0.887843528761574
1	0.638142950275681
1	0.604014513702603
1	0.971335098572525
1	0.841115062685589
1	0.875625420671344
1	0.901601705650696
1	0.68961926813876
1	0.103404359694752
1	0.863263607500813
1	0.967128116919357
1	0.895609176525402
1	0.916142489262936
1	0.0150848681499991
1	0.901210572161216
1	0.493173590167
1	0.434530282387561
1	0.769682700930506
1	0.0615309583265421
1	0.66610171850909
1	0.824264480142731
1	0.930909450795615
1	0.937476887701749
1	0.910819339663751
1	0.903080423443174
1	0.963469523376444
1	0.785887906392809
1	0.705115518457374
1	0.889486156618128
1	0.815543282183939
1	0.410898557034171
1	0.920341799577791
1	0.888103507465825
1	0.973673690039246
1	0.947919518870199
1	0.949855728041035
1	0.916853392176069
1	0.945965436353476
1	0.0441450665680806
1	0.931258765599748
1	0.965354038404829
1	0.386160335457794
1	0.0150848681499991
1	0.904252438629641
1	0.0131641610501885
1	0.930675729271754
1	0.98079492746418
1	0.0830839971788689
1	0.0171110531733407
1	0.864238682110991
1	0.82950871264072
1	0.521389646723644
1	0.0547658819597064
1	0.0132927416270291
1	0.0111229370943075
1	0.94040201622258
1	0.969354530890242
1	0.717281704252683
1	0.820405323376704
1	0.527103465934263
1	0.849601805890098
1	0.08888973214423
1	0.0166412369410076
1	0.940198446636475
1	0.0129649728421074
1	0.892153248143732
1	0.860492250087967
1	0.872265272142453
1	0.93182434529512
1	0.904030771795777
1	0.802994413612235
1	0.961791429133508
1	0.955716708577591
1	0.566851159257354
1	0.939722124120589
1	0.922760794306107
1	0.588264086259673
1	0.018279538467282
1	0.978280841210849
1	0.896362842214234
1	0.929729620176056
1	0.926754927412886
1	0.0166142172348475
1	0.918173305309142
1	0.892370291382944
1	0.970562008826691
1	0.899927160652144
1	0.442942268969683
1	0.861651277393324
1	0.781349219794104
1	0.022697473917143
1	0.7859140733338
1	0.667336351137834
1	0.82610710227743
1	0.489523370074781
1	0.924920952883536
1	0.772306568420415
1	0.712745884195022
1	0.0150848681499991
0	0.0150848681499991
0	0.0150848681499991
0	0.0150848681499991
0	0.50379809654565
0	0.0425253722925634
0	0.0150848681499991
0	0.0344393791843082
0	0.0150848681499991
0	0.0150848681499991
0	0.0122186274857929
0	0.0249517258648657
0	0.0150848681499991
0	0.0150848681499991
0	0.0150848681499991
0	0.0133054433208059
0	0.0128687933444439
0	0.0149732009629465
0	0.00762743663936862
0	0.0150848681499991
0	0.01970016654778
0	0.0150848681499991
0	0.0150848681499991
0	0.0150848681499991
0	0.0150848681499991
0	0.0197974911474181
0	0.0150848681499991
0	0.0150848681499991
0	0.0117390579354626
0	0.0149732009629465
0	0.0150848681499991
0	0.0150848681499991
0	0.0150848681499991
0	0.0184774606058003
0	0.0150848681499991
0	0.0150848681499991
0	0.0146873172913351
0	0.0150848681499991
0	0.0166142172348475
0	0.011996127241885
0	0.0197974911474181
0	0.0150848681499991
0	0.0312498650129827
0	0.0150848681499991
0	0.0150848681499991
0	0.0150848681499991
0	0.0567672148955223
0	0.0150848681499991
0	0.0150848681499991
0	0.0133221096913708
0	0.0150848681499991
0	0.0701640566512307
0	0.0149732009629465
0	0.013850675685052
0	0.0150848681499991
0	0.0272694145014186
0	0.0150848681499991
0	0.0150848681499991
0	0.0129649728421074
0	0.011996127241885
0	0.0150848681499991
0	0.0150848681499991
0	0.0150848681499991
0	0.0105904258838611
0	0.0168501101923319
0	0.0150848681499991
0	0.0150848681499991
0	0.0149732009629465
0	0.0149732009629465
0	0.0150848681499991
0	0.0149732009629465
0	0.0150848681499991
0	0.0250352194965797
0	0.0151511285106962
0	0.0150848681499991
0	0.0150848681499991
0	0.0150848681499991
0	0.0150848681499991
0	0.0360437820960959
0	0.655974624923406
0	0.0150848681499991
0	0.0119485330716086
0	0.0150848681499991
0	0.0151511285106962
0	0.0150848681499991
0	0.0265889441210232
0	0.0150848681499991
0	0.0150848681499991
0	0.0108080119935453
0	0.0150848681499991
0	0.0150848681499991
0	0.0150848681499991
0	0.0150848681499991
0	0.0150848681499991
0	0.0150848681499991
0	0.0168501101923319
0	0.0171007691687096
0	0.0299789875607697
0	0.0327953939240148
0	0.0152641020838285
0	0.0142825172269999
0	0.0118318823082316
0	0.337884779059682
0	0.0150848681499991
0	0.212218457543145
0	0.0260954511297093
0	0.0149732009629465
0	0.0128687933444439
0	0.0150848681499991
0	0.0524981525676539
0	0.00639161601775433
0	0.0150848681499991
0	0.028494871545643
0	0.0150848681499991
0	0.0168501101923319
0	0.0150848681499991
0	0.0150848681499991
0	0.0249692655564052
0	0.0150848681499991
0	0.0178902578538792
0	0.0249394194564254
0	0.0269689549928594
0	0.0150848681499991
0	0.0150848681499991
0	0.0150848681499991
0	0.0150848681499991
0	0.0150848681499991
0	0.0240803452478695
0	0.0150848681499991
0	0.0150848681499991
0	0.0166142172348475
0	0.0147625981051784
0	0.019173662698705
0	0.0150848681499991
0	0.0274593923803035
0	0.0174694226378766
0	0.130488018528382
0	0.0150848681499991
0	0.0140568526431122
0	0.0150848681499991
0	0.0129649728421074
0	0.0139444380545486
0	0.0133646760603274
0	0.0150848681499991
0	0.0150848681499991
0	0.0150848681499991
0	0.30069563833343
0	0.018279538467282
0	0.0150848681499991
0	0.00893155126854708
0	0.0277903165206884
0	0.0150848681499991
0	0.0150848681499991
0	0.0149732009629465
0	0.0150848681499991
0	0.0150848681499991
0	0.0214868902290939
0	0.0150848681499991
0	0.0212534905575299
0	0.0158880553434234
0	0.0194536998388145
0	0.670755714655757
0	0.0150848681499991
0	0.0150848681499991
0	0.0150848681499991
0	0.0150848681499991
0	0.106026167308355
0	0.0397001549862546
0	0.0150848681499991
0	0.0196502802357006
0	0.0150848681499991
0	0.143727184260405
0	0.0150848681499991
0	0.0150848681499991
0	0.0259060125934885
0	0.0150848681499991
0	0.0150848681499991
0	0.0150848681499991
0	0.0150848681499991
0	0.0213053265568928
0	0.0150848681499991
0	0.0197195462018974
0	0.0150848681499991
0	0.0150848681499991
0	0.0203571656220225
0	0.0150848681499991
0	0.0132233162996339
0	0.0150848681499991
0	0.0150848681499991
0	0.0150848681499991
0	0.0150848681499991
0	0.0119485330716086
0	0.0150848681499991
0	0.0150848681499991
0	0.0150848681499991
0	0.0150848681499991
0	0.0150848681499991
0	0.0150848681499991
0	0.0150848681499991
0	0.0150848681499991
0	0.0150848681499991
0	0.95236805091018
0	0.0150848681499991
0	0.0236872460559955
0	0.0150848681499991
0	0.0150848681499991
0	0.0287232087986877
0	0.0259060125934885
0	0.0158880553434234
0	0.0158880553434234
0	0.00716698458864243
0	0.0309704386944191
0	0.0150848681499991
0	0.0212799435761003
0	0.0351596647480313
0	0.0150848681499991
0	0.0150848681499991
0	0.0184608736292498
0	0.0150848681499991
0	0.0150848681499991
0	0.0259060125934885
0	0.0152641020838285
0	0.0166142172348475
0	0.0150848681499991
0	0.0150848681499991
0	0.0150848681499991
0	0.0149732009629465
0	0.014787216629401
0	0.0150848681499991
0	0.018279538467282
0	0.0150848681499991
0	0.0150848681499991
0	0.0150848681499991
0	0.0150848681499991
0	0.0149732009629465
0	0.0870084824258245
0	0.0150848681499991
0	0.0150848681499991
0	0.0150848681499991
0	0.0150848681499991
0	0.0334027630520633
0	0.0150848681499991
0	0.0150848681499991
0	0.0150848681499991
0	0.0214903336990278
0	0.0152641020838285
0	0.0400181320759144
0	0.0125661466903354
0	0.0666059958036567
0	0.0150848681499991
0	0.0150848681499991
0	0.0228218841772004
0	0.0150848681499991
0	0.0166142172348475
0	0.0171656155308135
0	0.0190526687281158
0	0.0150848681499991
0	0.0150848681499991
0	0.0156682278088999
0	0.0538705694300069
0	0.0282244978838343
0	0.0166142172348475
0	0.022697473917143
0	0.0150848681499991
0	0.0196502802357006
0	0.0158880553434234
0	0.0201587684783282
0	0.0161674791164302
0	0.0152641020838285
0	0.0150848681499991
0	0.0133221096913708
0	0.0150848681499991
0	0.0150848681499991
0	0.0143799608286635
0	0.0150848681499991
0	0.0166014887447829
0	0.0150848681499991
0	0.0176297506928259
0	0.0150848681499991
0	0.0150848681499991
0	0.0150848681499991
0	0.0118318823082316
0	0.0114725614018996
0	0.0149732009629465
0	0.0150848681499991
0	0.0150848681499991
0	0.0150848681499991
0	0.0150848681499991
0	0.0150848681499991
0	0.0150848681499991
0	0.0150848681499991
0	0.0150848681499991
0	0.0150848681499991
0	0.00608451481515511
0	0.0150848681499991
0	0.0150848681499991
0	0.0150848681499991
0	0.0091277078629071
0	0.0150848681499991
0	0.0241038766694571
0	0.0150848681499991
0	0.0164771472763421
0	0.0150848681499991
0	0.0081707730222187
0	0.0259060125934885
0	0.0150848681499991
0	0.0150848681499991
0	0.0152641020838285
0	0.0150848681499991
0	0.0168078517254671
0	0.0358439153652288
0	0.0510940366853223
0	0.0150848681499991
0	0.0150848681499991
0	0.0150848681499991
0	0.0150848681499991
0	0.840099859282487
0	0.0150848681499991
0	0.0151517581312651
0	0.0116507528211275
0	0.0270633849496398
0	0.0150848681499991
0	0.0150848681499991
0	0.040662397673248
0	0.0119485330716086
0	0.0150848681499991
0	0.0150848681499991
0	0.0150848681499991
0	0.0150848681499991
0	0.0150848681499991
0	0.0150848681499991
0	0.0150848681499991
0	0.0150848681499991
0	0.0150848681499991
0	0.0149732009629465
0	0.0150848681499991
0	0.0150848681499991
0	0.0266729469184731
0	0.0150848681499991
0	0.0150848681499991
0	0.0291870333497777
0	0.0150848681499991
0	0.0152641020838285
0	0.0150848681499991
0	0.0149732009629465
0	0.0150848681499991
0	0.123423877081319
0	0.0166142172348475
0	0.0165936483974684
0	0.0150848681499991
0	0.0258340708975105
0	0.0218708784680647
0	0.0286129472979556
0	0.0150848681499991
0	0.0165876402189963
0	0.0150848681499991
0	0.0150848681499991
0	0.0386675865889465
0	0.0237997129534277
0	0.0147625981051784
0	0.0150848681499991
0	0.0150848681499991
0	0.0118598033400266
0	0.0133221096913708
0	0.0132233162996339
0	0.0150848681499991
0	0.0150848681499991
0	0.0489438137847827
0	0.0150848681499991
0	0.663583836134975
0	0.0151038847297126
0	0.0236190649947906
0	0.015966803479091
0	0.0150848681499991
0	0.0235704967628002
0	0.0150848681499991
0	0.0150848681499991
0	0.0150848681499991
0	0.0150848681499991
0	0.0150848681499991
0	0.0240803452478695
0	0.0150848681499991
0	0.0150848681499991
0	0.0150848681499991
0	0.0150848681499991
0	0.0150848681499991
0	0.0150848681499991
0	0.0150848681499991
0	0.359228761516726
0	0.0115098995548777
0	0.0150775361317028
0	0.0150848681499991
0	0.0173086549692627
0	0.0158880553434234
0	0.815303938851905
0	0.0150848681499991
0	0.142083269602939
0	0.0150848681499991
0	0.0756932764823202
0	0.0150848681499991
0	0.0150848681499991
0	0.0150848681499991
0	0.0150848681499991
0	0.0150848681499991
0	0.0150848681499991
0	0.0150848681499991
0	0.0165019553185625
0	0.0150848681499991
0	0.0150848681499991
0	0.0150848681499991
0	0.693490306684706
0	0.0178141731732466
0	0.0150848681499991
0	0.0150848681499991
0	0.0150848681499991
0	0.343902830295274
0	0.0366177524681869
0	0.00706539110906379
0	0.0174973873239841
0	0.410898557034171
0	0.0150848681499991
0	0.0113774952259432
0	0.0150848681499991
0	0.0521241871235659
0	0.0131680599653578
0	0.0204701726731089
0	0.758582574514229
0	0.768623989891841
0	0.0150848681499991
0	0.0150848681499991
0	0.022697473917143
0	0.0165019553185625
0	0.0150848681499991
0	0.0168501101923319
0	0.0150848681499991
0	0.0168501101923319
0	0.0150848681499991
0	0.0150848681499991
0	0.0174999024558962
0	0.0217593682054942
0	0.0150848681499991
0	0.0150848681499991
0	0.0150848681499991
0	0.0178309655069087
0	0.0150848681499991
0	0.0158880553434234
0	0.0150848681499991
0	0.0412481099702633
0	0.0150848681499991
0	0.0198826639919346
0	0.0150848681499991
0	0.0133221096913708
0	0.0150848681499991
0	0.0150848681499991
0	0.102224016442628
0	0.0150848681499991
0	0.0145463256009745
0	0.0150848681499991
0	0.0150848681499991
0	0.0150848681499991
0	0.0150848681499991
0	0.0129649728421074
0	0.0197974911474181
0	0.0705678074296095
0	0.0150848681499991
0	0.0150848681499991
0	0.0150848681499991
0	0.0150848681499991
0	0.0150848681499991
0	0.0150848681499991
0	0.0577792372602778
0	0.0150848681499991
0	0.0150848681499991
0	0.0150848681499991
0	0.0150848681499991
0	0.0150848681499991
0	0.681974324152026
0	0.0205657138572097
0	0.0137249455051148
0	0.0150848681499991
0	0.0150848681499991
0	0.0259060125934885
0	0.0524981525676539
0	0.0125125660403182
0	0.0158880553434234
0	0.0149732009629465
0	0.0152641020838285
0	0.0150848681499991
0	0.0150848681499991
0	0.0414666371528108
0	0.0214722123326094
0	0.0150848681499991
0	0.0150848681499991
0	0.0330871749227176
0	0.0133221096913708
0	0.0255358930995533
0	0.0150848681499991
0	0.0150848681499991
0	0.0149732009629465
0	0.0150848681499991
0	0.00929855202325125
0	0.0217593682054942
0	0.0150848681499991
0	0.00892158537332573
0	0.0150848681499991
0	0.0269602571403902
0	0.0150848681499991
0	0.0150848681499991
0	0.0198874896748615
0	0.0180134668051903
0	0.0150848681499991
0	0.0289647560112908
0	0.0150848681499991
0	0.0150848681499991
0	0.585269398954036
0	0.0150848681499991
0	0.0150848681499991
0	0.0165706099125318
0	0.0629206220544838
0	0.0150848681499991
0	0.0150848681499991
0	0.0138198411716038
0	0.0165019553185625
0	0.0150848681499991
0	0.0150848681499991
0	0.0116305719659824
0	0.0150848681499991
0	0.0150848681499991
0	0.0129649728421074
0	0.0166142172348475
0	0.0134658875321323
0	0.0150848681499991
0	0.0149732009629465
0	0.0150848681499991
0	0.0150848681499991
0	0.0150848681499991
0	0.0150848681499991
0	0.0150848681499991
0	0.0150848681499991
0	0.0150848681499991
0	0.0150848681499991
0	0.0265572296981658
0	0.0150848681499991
0	0.0259060125934885
0	0.0150848681499991
0	0.0150848681499991
0	0.0150848681499991
0	0.0327168977602666
0	0.0289003956620256
0	0.0327106116663843
0	0.0152641020838285
0	0.0181446580984395
0	0.0150848681499991
0	0.0150848681499991
0	0.022530742806095
0	0.0150848681499991
0	0.0150848681499991
0	0.0229598602538975
0	0.0150848681499991
0	0.0150848681499991
0	0.0150848681499991
0	0.0158880553434234
0	0.0150848681499991
0	0.0150848681499991
0	0.0150848681499991
0	0.0150848681499991
0	0.0150848681499991
0	0.0269003622050893
0	0.0150848681499991
0	0.0150848681499991
0	0.0150848681499991
0	0.0150848681499991
0	0.0149732009629465
0	0.0166142172348475
0	0.0150848681499991
0	0.0150848681499991
0	0.0149732009629465
0	0.0213629910916172
0	0.0150848681499991
0	0.0150848681499991
0	0.0150848681499991
0	0.0301055034971343
0	0.0106089763122822
0	0.0189836821749859
0	0.0150848681499991
0	0.0115841739179008
0	0.0150848681499991
0	0.0150848681499991
0	0.0256162433293917
0	0.0150848681499991
0	0.0152641020838285
0	0.0277135609958889
0	0.0150848681499991
0	0.0150848681499991
0	0.0150848681499991
0	0.0150848681499991
0	0.0068986470641587
0	0.0150848681499991
0	0.0150848681499991
0	0.0150848681499991
0	0.0150848681499991
0	0.0150848681499991
0	0.0241037315355392
0	0.0149732009629465
0	0.033736512550147
0	0.0150848681499991
0	0.0150848681499991
0	0.0179844913356167
0	0.0150848681499991
0	0.0150848681499991
0	0.0161495846264985
0	0.0150848681499991
0	0.0180134668051903
0	0.0150848681499991
0	0.0149732009629465
0	0.0581130743121587
0	0.0152641020838285
0	0.0189689459560481
0	0.0150848681499991
0	0.0150848681499991
0	0.0150848681499991
0	0.0330591064748559
0	0.0150848681499991
0	0.0150848681499991
0	0.0150848681499991
0	0.0150848681499991
0	0.0150848681499991
0	0.0141280842721336
0	0.0197974911474181
0	0.0150848681499991
0	0.0150848681499991
0	0.0150848681499991
0	0.0150848681499991
0	0.0147625981051784
0	0.0150848681499991
0	0.0270633849496398
0	0.0150848681499991
0	0.0150848681499991
0	0.0307169296514294
0	0.0150848681499991
0	0.0150848681499991
0	0.0150848681499991
0	0.0119485330716086
0	0.0150848681499991
0	0.0150848681499991
0	0.0174995794872155
0	0.0150848681499991
0	0.03517241333373
0	0.0150848681499991
0	0.0150848681499991
0	0.0125125660403182
0	0.0150848681499991
0	0.0150848681499991
0	0.054572726774489
0	0.0383495273716612
0	0.0150848681499991
0	0.0150848681499991
0	0.0149732009629465
0	0.0150848681499991
0	0.0129649728421074
0	0.0150848681499991
0	0.0130370003758312
0	0.0240803452478695
0	0.0150848681499991
0	0.0150848681499991
0	0.0150848681499991
0	0.0133221096913708
0	0.0149732009629465
0	0.0198337469548782
0	0.0447378382171772
0	0.0150848681499991
0	0.0150848681499991
0	0.0245389695029858
0	0.0150848681499991
0	0.0150848681499991
0	0.0150848681499991
0	0.0150848681499991
0	0.0257163323903735
0	0.0150848681499991
0	0.0150848681499991
0	0.0162839050796389
0	0.0147625981051784
0	0.011996127241885
0	0.0180073194513496
0	0.0150848681499991
0	0.0150848681499991
0	0.0119485330716086
0	0.0150848681499991
0	0.0150848681499991
0	0.0150848681499991
0	0.0150848681499991
0	0.0150848681499991
0	0.0150848681499991
0	0.0150848681499991
0	0.0145434261888986
0	0.0150848681499991
0	0.0150848681499991
0	0.0150848681499991
0	0.0150848681499991
0	0.0105904258838611
0	0.0149732009629465
0	0.0150848681499991
0	0.0150848681499991
0	0.102984535217894
0	0.0150848681499991
0	0.0219447209484699
0	0.0185812602629558
0	0.0166412369410076
0	0.0119485330716086
0	0.0150848681499991
0	0.0707520919363403
0	0.00664460873369855
0	0.0150848681499991
0	0.0150848681499991
0	0.0877661669298244
0	0.0150848681499991
0	0.0125125660403182
0	0.0158880553434234
0	0.0150848681499991
0	0.0150848681499991
0	0.489119416214732
0	0.249255804814345
0	0.0150848681499991
0	0.0150848681499991
0	0.0150848681499991
0	0.0150848681499991
0	0.0220486178985339
0	0.0150848681499991
0	0.0150848681499991
0	0.0150848681499991
0	0.387899980767157
0	0.0150848681499991
0	0.0150848681499991
0	0.0150848681499991
0	0.0150848681499991
0	0.0487492704988885
0	0.0150848681499991
0	0.0150848681499991
0	0.0168417015393217
0	0.0301911479975676
0	0.0575987501167445
0	0.0150848681499991
0	0.0157993081831185
0	0.0347449910668775
0	0.017653405388719
0	0.0170541498406849
0	0.0150804130193807
0	0.051863536746699
0	0.0238961567952365
0	0.0240936764887729
0	0.0153214352899738
0	0.0150848681499991
0	0.0257163323903735
0	0.0150848681499991
0	0.0150848681499991
0	0.0150848681499991
0	0.0150848681499991
0	0.186768126832726
0	0.0475052358585761
0	0.0150848681499991
0	0.0150848681499991
0	0.0150848681499991
0	0.0150848681499991
0	0.0150848681499991
0	0.0129649728421074
0	0.0150848681499991
0	0.020052553422152
0	0.00883860045045499
0	0.0150848681499991
0	0.0150848681499991
0	0.0158880553434234
0	0.0150848681499991
0	0.0328933558653556
0	0.467742690518971
0	0.0150848681499991
0	0.0150848681499991
0	0.0116924716076117
0	0.0150848681499991
0	0.0168501101923319
0	0.040997372425011
0	0.0150848681499991
0	0.0523459209880603
0	0.0150848681499991
0	0.0150848681499991
0	0.0150848681499991
0	0.0150848681499991
0	0.0141998168465844
0	0.0253181058776616
0	0.0150848681499991
0	0.0150848681499991
0	0.0259060125934885
0	0.0150848681499991
0	0.0150848681499991
0	0.0150848681499991
0	0.0190887965872546
0	0.0150848681499991
0	0.0150848681499991
0	0.0150848681499991
0	0.0150848681499991
0	0.022697473917143
0	0.0150848681499991
0	0.0158880553434234
0	0.0150848681499991
0	0.018349948571764
0	0.0150848681499991
0	0.0150848681499991
0	0.0395078132508885
0	0.0150848681499991
0	0.0150848681499991
0	0.0150848681499991
0	0.0150848681499991
0	0.0150848681499991
0	0.0150848681499991
0	0.0196502802357006
0	0.0610538080706993
0	0.0167844253610213
0	0.345606024950927
0	0.0150848681499991
0	0.018102211957796
0	0.0245491564840929
0	0.0524981525676539
0	0.0150848681499991
0	0.0150848681499991
0	0.0150848681499991
0	0.0133221096913708
0	0.0150848681499991
0	0.0150848681499991
0	0.0150848681499991
0	0.0150848681499991
0	0.0102290978976446
0	0.0129649728421074
0	0.0149732009629465
0	0.0150848681499991
0	0.0150848681499991
0	0.028494871545643
0	0.0150848681499991
0	0.0150848681499991
0	0.0152568369110477
0	0.01970016654778
0	0.0152641020838285
0	0.0105904258838611
0	0.0259060125934885
0	0.0240096171607764
0	0.0165019553185625
0	0.0150848681499991
0	0.0158880553434234
0	0.0221359630045047
0	0.0156682278088999
0	0.0150848681499991
0	0.0150848681499991
0	0.0150848681499991
0	0.0722672824684564
0	0.0150848681499991
0	0.0150848681499991
0	0.0150848681499991
0	0.0150848681499991
0	0.0150848681499991
0	0.0150848681499991
0	0.0150848681499991
0	0.0101644153613534
0	0.0150848681499991
0	0.0129649728421074
0	0.0150848681499991
0	0.0165019553185625
0	0.0151928674404964
0	0.0168092209081729
0	0.0150848681499991
0	0.0119485330716086
0	0.0150848681499991
0	0.0150848681499991
0	0.0150848681499991
0	0.0159868930942573
0	0.00893155126854708
0	0.0150848681499991
0	0.0166142172348475
0	0.0270633849496398
0	0.00999085033344492
0	0.0240803452478695
0	0.0147625981051784
0	0.0150848681499991
0	0.0150848681499991
0	0.018279538467282
0	0.0150848681499991
0	0.0150848681499991
0	0.0150848681499991
0	0.0232185441599398
0	0.0156682278088999
0	0.037032846670411
0	0.0150848681499991
0	0.0150848681499991
0	0.0150848681499991
0	0.0305405122585287
0	0.0166142172348475
0	0.0150848681499991
0	0.0150848681499991
0	0.0152641020838285
0	0.0150848681499991
0	0.0379374042432105
0	0.0262103985791451
0	0.0166142172348475
0	0.0150848681499991
0	0.0150848681499991
0	0.0150848681499991
0	0.0150848681499991
0	0.394178361219335
0	0.0354396013037293
0	0.048407139109953
0	0.0150848681499991
0	0.0184404726837291
0	0.0520686421067044
0	0.0150848681499991
0	0.0150848681499991
0	0.0150848681499991
0	0.0150848681499991
0	0.0150848681499991
0	0.0150848681499991
0	0.0150848681499991
0	0.0150848681499991
0	0.0196502802357006
0	0.587762123015624
0	0.0161495846264985
0	0.0150848681499991
0	0.0231558204682964
0	0.0150848681499991
0	0.0150848681499991
0	0.0150848681499991
0	0.0150848681499991
0	0.0129015405919423
0	0.0150848681499991
0	0.0147625981051784
0	0.0150848681499991
0	0.0149949483951834
0	0.0150848681499991
0	0.0239037043005064
0	0.0743746886933097
0	0.0150848681499991
0	0.0100444521003501
0	0.0277676645847872
0	0.0150848681499991
0	0.0150848681499991
0	0.0150848681499991
0	0.0150848681499991
0	0.0240803452478695
0	0.0180134668051903
0	0.0150848681499991
0	0.0445051544985958
0	0.0150848681499991
0	0.0150848681499991
0	0.0123300785619291
0	0.0945215166985243
0	0.0196502802357006
0	0.00993554768386852
0	0.0286129472979556
0	0.0150848681499991
0	0.0282867922008521
0	0.0150848681499991
0	0.0150848681499991
0	0.0150848681499991
0	0.0150848681499991
0	0.00856883608553061
0	0.00677794341001231
0	0.0150848681499991
0	0.0710519366422743
0	0.0411895033753662
0	0.0150848681499991
0	0.0150848681499991
0	0.0150848681499991
0	0.0246570057308258
0	0.0150848681499991
0	0.0259060125934885
0	0.0238281751379231
0	0.0158880553434234
0	0.0133221096913708
0	0.0150848681499991
0	0.0259060125934885
0	0.0250027456274122
0	0.0150848681499991
0	0.0209649271389403
0	0.0150848681499991
0	0.0150848681499991
0	0.0150848681499991
0	0.0150848681499991
0	0.0150848681499991
0	0.0150848681499991
0	0.0150848681499991
0	0.0165019553185625
0	0.0472514675021995
0	0.0150848681499991
0	0.0150848681499991
0	0.0150848681499991
0	0.0186282697173994
0	0.0234882294506133
0	0.0223604453166187
0	0.287170919634646
0	0.0168501101923319
0	0.0150848681499991
0	0.0149732009629465
0	0.0149949483951834
0	0.0150848681499991
0	0.0150848681499991
0	0.0152641020838285
0	0.0150848681499991
0	0.0150848681499991
0	0.0203305578444535
0	0.0149732009629465
0	0.0238719482533136
0	0.0150848681499991
0	0.0147024180951073
0	0.0150848681499991
0	0.0150848681499991
0	0.0150848681499991
0	0.0150848681499991
0	0.0410852237406388
0	0.0266514135178947
0	0.0150848681499991
0	0.0150848681499991
0	0.018279538467282
0	0.0150848681499991
0	0.84984476487165
0	0.0150848681499991
0	0.0150848681499991
0	0.0150848681499991
0	0.0150848681499991
0	0.022697473917143
0	0.0149732009629465
0	0.0141857832820537
0	0.0150848681499991
0	0.0150848681499991
0	0.0150848681499991
0	0.0150848681499991
0	0.0150848681499991
0	0.0150848681499991
0	0.0150848681499991
0	0.0150848681499991
0	0.0386286938606086
0	0.0150848681499991
0	0.0253181058776616
0	0.0147625981051784
0	0.0150848681499991
0	0.0196502802357006
0	0.0214868902290939
0	0.0150848681499991
0	0.0156682278088999
0	0.0150848681499991
0	0.0150848681499991
0	0.0150848681499991
0	0.0152641020838285
0	0.0150848681499991
0	0.0150848681499991
0	0.0335654561808448
0	0.0150848681499991
0	0.0197974911474181
0	0.0150848681499991
0	0.0149732009629465
0	0.0150848681499991
0	0.0168501101923319
0	0.0150848681499991
0	0.0150848681499991
0	0.0150848681499991
0	0.0150848681499991
0	0.0150848681499991
0	0.0524981525676539
0	0.0150848681499991
0	0.0150848681499991
0	0.0150848681499991
0	0.0174938154409355
0	0.0253181058776616
0	0.028072528692794
0	0.0101644153613534
0	0.0150848681499991
0	0.0213629910916172
0	0.0150848681499991
0	0.0150848681499991
0	0.0166412369410076
0	0.0297165751830276
0	0.0172837280504673
0	0.0133221096913708
0	0.0158880553434234
0	0.0150848681499991
0	0.0150848681499991
0	0.018279538467282
0	0.0150848681499991
0	0.0150848681499991
0	0.0973641624181635
0	0.0149732009629465
0	0.0232720319427455
0	0.0219898743609976
0	0.0150848681499991
0	0.0150848681499991
0	0.0150848681499991
0	0.0165876402189963
0	0.0150848681499991
0	0.0135803960980036
0	0.0150848681499991
0	0.0150848681499991
0	0.0150848681499991
0	0.0150848681499991
0	0.0268654643436838
0	0.0150848681499991
0	0.0150848681499991
0	0.0352604931337762
0	0.0149732009629465
0	0.036303168397566
0	0.0150848681499991
0	0.0150848681499991
0	0.0150848681499991
0	0.0220592276031593
0	0.0150848681499991
0	0.0150848681499991
0	0.0150848681499991
0	0.0150848681499991
0	0.0211510222024453
0	0.0275893662300201
0	0.0119485330716086
0	0.0236533391466517
0	0.0152641020838285
0	0.0205472498757586
0	0.0150848681499991
0	0.0150848681499991
0	0.0320279606890298
0	0.0150848681499991
0	0.0116924716076117
0	0.0153297571793351
0	0.0150848681499991
0	0.0150848681499991
0	0.022697473917143
0	0.0156682278088999
0	0.0150848681499991
0	0.0196502802357006
0	0.0218519333036588
0	0.0150848681499991
0	0.0150848681499991
0	0.0152641020838285
0	0.0189774356171147
0	0.0150848681499991
0	0.0179039552264062
0	0.0150848681499991
0	0.0256157658301802
0	0.0150848681499991
0	0.0150848681499991
0	0.0150848681499991
0	0.0150848681499991
0	0.0150848681499991
0	0.0149732009629465
0	0.014787216629401
0	0.0150848681499991
0	0.035052520525109
0	0.0126576805715065
0	0.0150848681499991
0	0.0320037087524989
0	0.0149732009629465
0	0.021132522619691
0	0.0150848681499991
0	0.0150848681499991
0	0.0139540898928209
0	0.0150848681499991
0	0.0150848681499991
0	0.0196925829040829
0	0.0150848681499991
0	0.0200249769696927
0	0.0178902578538792
0	0.0150848681499991
0	0.0168386470329915
0	0.0150848681499991
0	0.0113615224965099
0	0.0160857597493832
0	0.0150848681499991
0	0.0152641020838285
0	0.0150848681499991
0	0.0150848681499991
0	0.0165019553185625
0	0.0168501101923319
0	0.0149732009629465
0	0.0150848681499991
0	0.0150848681499991
0	0.0220486178985339
0	0.0152641020838285
0	0.0238281751379231
0	0.0150848681499991
0	0.0150848681499991
0	0.0150848681499991
0	0.0150848681499991
0	0.0152641020838285
0	0.0150848681499991
0	0.0150848681499991
0	0.0455121245422888
0	0.798959316938709
0	0.0150848681499991
0	0.0100608082238099
0	0.0150848681499991
0	0.0150848681499991
0	0.0238281751379231
0	0.0150848681499991
0	0.0149732009629465
0	0.0144314045836923
0	0.0150848681499991
0	0.0150848681499991
0	0.0150848681499991
0	0.0150848681499991
0	0.0368847959834334
0	0.0152641020838285
0	0.0150848681499991
0	0.0386286938606086
0	0.0524981525676539
0	0.0158880553434234
0	0.0216424607453714
0	0.0150848681499991
0	0.0150848681499991
0	0.0150848681499991
0	0.0165876402189963
0	0.0149732009629465
0	0.0150848681499991
0	0.023292666099125
0	0.0150848681499991
0	0.0150848681499991
0	0.432290325019689
0	0.0168501101923319
0	0.0150848681499991
0	0.0150848681499991
0	0.410898557034171
0	0.0133221096913708
0	0.0150848681499991
0	0.0150848681499991
0	0.0259060125934885
0	0.0195054864485083
0	0.0150848681499991
0	0.0150848681499991
0	0.0165876402189963
0	0.0273576390550356
0	0.0165019553185625
0	0.0150848681499991
0	0.0290909491152539
0	0.0150848681499991
0	0.0270633849496398
0	0.011240225213207
0	0.787984379176181
0	0.0259060125934885
0	0.0150848681499991
0	0.0150848681499991
0	0.0150848681499991
0	0.0166142172348475
0	0.0150848681499991
0	0.0152641020838285
0	0.0212058501194028
0	0.0150848681499991
0	0.0145463256009745
0	0.0150848681499991
0	0.0198503468318838
0	0.0150848681499991
0	0.0116924716076117
0	0.0331201622815103
0	0.0150848681499991
0	0.022697473917143
0	0.0150848681499991
0	0.0631085096551923
0	0.0147625981051784
0	0.0400884117472059
0	0.0150848681499991
0	0.0150848681499991
0	0.066614892329202
0	0.0150848681499991
0	0.0201587684783282
0	0.0150848681499991
0	0.0143398290766673
0	0.0150848681499991
0	0.0150848681499991
0	0.0329284355901458
0	0.0524981525676539
0	0.0150848681499991
0	0.0150848681499991
0	0.0178115939396104
0	0.0150848681499991
0	0.0150848681499991
0	0.0150848681499991
0	0.0145433767898529
0	0.0136232060314787
0	0.0270508671726407
0	0.0217593682054942
0	0.018279538467282
0	0.00706539110906379
0	0.0137249455051148
0	0.0152641020838285
0	0.0149732009629465
0	0.0150848681499991
0	0.0197974911474181
0	0.0170541498406849
0	0.0150848681499991
0	0.018279538467282
0	0.513481410101924
0	0.0101568196809709
0	0.0150848681499991
0	0.0150848681499991
0	0.0150848681499991
0	0.0150848681499991
0	0.0150848681499991
0	0.0529440810548039
0	0.0286129472979556
0	0.0150848681499991
0	0.0128687933444439
0	0.651131944946163
0	0.0129649728421074
0	0.0150848681499991
0	0.023986867945986
0	0.0150848681499991
0	0.0108141598192267
0	0.0161635075708123
0	0.0136754470377372
0	0.0150848681499991
0	0.0168501101923319
0	0.0150848681499991
0	0.0150848681499991
0	0.0150848681499991
0	0.0114318140088289
0	0.0150848681499991
0	0.0150848681499991
0	0.0150848681499991
0	0.0521241871235659
0	0.0150848681499991
0	0.0150848681499991
0	0.0150848681499991
0	0.0150848681499991
0	0.0150848681499991
0	0.0248099810947561
0	0.0197970538707957
0	0.0220486178985339
0	0.012567806370699
0	0.0197616662094277
0	0.0150848681499991
0	0.0126874084073437
0	0.0240803452478695
0	0.0166142172348475
0	0.0150848681499991
0	0.0150848681499991
0	0.0150848681499991
0	0.0150848681499991
0	0.0177717960282716
0	0.0150848681499991
0	0.0150848681499991
0	0.0150848681499991
0	0.0162839050796389
0	0.0150848681499991
0	0.831718884225929
0	0.0240699817207763
0	0.0150848681499991
0	0.0139540898928209
0	0.0872739479492105
0	0.0150848681499991
0	0.0166676913815304
0	0.0150848681499991
0	0.0150848681499991
0	0.022697473917143
0	0.0150848681499991
0	0.0150848681499991
0	0.0150848681499991
0	0.0871333453399294
0	0.0150848681499991
0	0.0150848681499991
0	0.0150848681499991
0	0.0150848681499991
0	0.0150848681499991
0	0.0129649728421074
0	0.0150848681499991
0	0.0150848681499991
0	0.0150848681499991
0	0.014787216629401
0	0.0150848681499991
0	0.0150848681499991
0	0.027352112580266
0	0.0150848681499991
0	0.557122222046373
0	0.0162839050796389
0	0.0150848681499991
0	0.0150848681499991
0	0.0197974911474181
0	0.0150848681499991
0	0.0150848681499991
0	0.0324921837344838
0	0.0150848681499991
0	0.0165876402189963
0	0.100349820598127
0	0.0150848681499991
0	0.0150848681499991
0	0.0156208889147987
0	0.0150848681499991
0	0.011996127241885
0	0.0150848681499991
0	0.0150848681499991
0	0.0130924556607194
0	0.0150848681499991
0	0.0150848681499991
0	0.0150848681499991
0	0.0196502802357006
0	0.0104855457707271
0	0.0150848681499991
0	0.0150848681499991
0	0.0150848681499991
0	0.0133221096913708
0	0.0150848681499991
0	0.0150848681499991
0	0.0150848681499991
0	0.0150848681499991
0	0.0150848681499991
0	0.0150848681499991
0	0.0143338001076333
0	0.0150848681499991
0	0.0198826639919346
0	0.0150848681499991
0	0.0151511285106962
0	0.0150848681499991
0	0.0150848681499991
0	0.0150848681499991
0	0.0164650345863897
0	0.0165936483974684
0	0.0166412369410076
0	0.0116891523726248
0	0.0150848681499991
0	0.0150848681499991
0	0.0150848681499991
0	0.0150848681499991
0	0.0119485330716086
0	0.0150848681499991
0	0.435687758252525
0	0.0150848681499991
0	0.0360189974286282
0	0.0150848681499991
0	0.0150848681499991
0	0.0195027466142179
0	0.0295661003446297
0	0.0150848681499991
0	0.0150848681499991
0	0.047441529676717
0	0.0184594452825713
0	0.0286129472979556
0	0.0158880553434234
0	0.0150848681499991
0	0.0150848681499991
0	0.0150848681499991
0	0.766569082328124
0	0.0125125660403182
0	0.0150848681499991
0	0.016688224972333
0	0.0133221096913708
0	0.0150848681499991
0	0.0091277078629071
0	0.0149732009629465
0	0.0466041136359017
0	0.0158880553434234
0	0.0150848681499991
0	0.0118318823082316
0	0.0150848681499991
0	0.0150848681499991
0	0.0150848681499991
0	0.0150848681499991
0	0.0150848681499991
0	0.0150848681499991
0	0.0143289948059816
0	0.0150848681499991
0	0.0259060125934885
0	0.0150848681499991
0	0.0150848681499991
0	0.0178805139578018
0	0.0150848681499991
0	0.0150848681499991
0	0.0150848681499991
0	0.0150848681499991
0	0.0150848681499991
0	0.0150848681499991
0	0.0150848681499991
0	0.0150848681499991
0	0.0133221096913708
0	0.0150848681499991
0	0.0175594176358756
0	0.0253501649944719
0	0.0232138477947992
0	0.0150848681499991
0	0.0150848681499991
0	0.0150848681499991
0	0.0150848681499991
0	0.0119485330716086
0	0.0153705863915521
0	0.00515993859219003
0	0.0150848681499991
0	0.0150848681499991
0	0.0150848681499991
0	0.016811312279681
0	0.0150848681499991
0	0.0156682278088999
0	0.0150848681499991
0	0.0133221096913708
0	0.12261057817423
0	0.0150848681499991
0	0.0150848681499991
0	0.0236110506464636
0	0.0150848681499991
0	0.0150848681499991
0	0.0305824196794278
0	0.0150848681499991
0	0.0150848681499991
0	0.0216825079540758
0	0.0150848681499991
0	0.00780359322420594
0	0.0125125660403182
0	0.0150848681499991
0	0.0150848681499991
0	0.0256284409674977
0	0.0150848681499991
0	0.0150848681499991
0	0.0152641020838285
0	0.0150848681499991
0	0.0150848681499991
0	0.0150848681499991
0	0.0150848681499991
0	0.0150848681499991
0	0.0150848681499991
0	0.0166142172348475
0	0.0150848681499991
0	0.0289003956620256
0	0.0150848681499991
0	0.0248104911103149
0	0.0150848681499991
0	0.0150848681499991
0	0.0182074515685011
0	0.0282212981157644
0	0.011325258246919
0	0.0150848681499991
0	0.0150848681499991
0	0.0340608420883246
0	0.0150848681499991
0	0.0150848681499991
0	0.0151746012851652
0	0.0180073194513496
0	0.0141857832820537
0	0.0150848681499991
0	0.0150848681499991
0	0.0150848681499991
0	0.0150848681499991
0	0.0150848681499991
0	0.0150848681499991
0	0.0150848681499991
0	0.0150848681499991
0	0.0150848681499991
0	0.0150848681499991
0	0.0150848681499991
0	0.0150848681499991
0	0.0150848681499991
0	0.0150848681499991
0	0.0150848681499991
0	0.0150848681499991
0	0.0150848681499991
0	0.877334972434369
0	0.0270633849496398
0	0.0150848681499991
0	0.0521241871235659
0	0.0467681387741071
0	0.0150848681499991
0	0.0150848681499991
0	0.0150848681499991
0	0.0150848681499991
0	0.0150848681499991
0	0.0141857832820537
0	0.0168501101923319
0	0.0150848681499991
0	0.0168501101923319
0	0.0150848681499991
0	0.0150848681499991
0	0.0150848681499991
0	0.0674778648871785
0	0.0150848681499991
0	0.0134806857231058
0	0.0150848681499991
0	0.0150848681499991
0	0.0428764984566735
0	0.0150848681499991
0	0.0150848681499991
0	0.0150848681499991
0	0.572670183504299
0	0.00706539110906379
0	0.0150848681499991
0	0.0150848681499991
0	0.0150848681499991
0	0.0150848681499991
0	0.021008218321014
0	0.0259060125934885
0	0.0150848681499991
0	0.0150848681499991
0	0.0150848681499991
0	0.0150848681499991
0	0.022697473917143
0	0.0150848681499991
0	0.0150848681499991
0	0.0328933558653556
0	0.763223229595913
0	0.0249394194564254
0	0.0150848681499991
0	0.0150848681499991
0	0.0162839050796389
0	0.0192323802098428
0	0.0450371270708461
0	0.39112706729364
0	0.0150848681499991
0	0.0307970242855286
0	0.0150848681499991
0	0.0107168392482939
0	0.0158880553434234
0	0.0150848681499991
0	0.0284556541823618
0	0.0220161338531688
0	0.0149732009629465
0	0.00856386307262449
0	0.803435083514223
0	0.0532050031162416
0	0.0150848681499991
0	0.0149732009629465
0	0.0230689215955479
0	0.0150848681499991
0	0.0327106116663843
0	0.0150848681499991
0	0.022697473917143
0	0.0356009717495641
0	0.0150848681499991
0	0.0150848681499991
0	0.0150848681499991
0	0.0205472498757586
0	0.030172538717229
0	0.0149732009629465
0	0.0150848681499991
0	0.0123385951593671
0	0.0201587684783282
0	0.0149732009629465
0	0.0150848681499991
0	0.0150848681499991
0	0.022697473917143
0	0.0150848681499991
0	0.0166142172348475
0	0.0150848681499991
0	0.0149949483951834
0	0.0150848681499991
0	0.0150848681499991
0	0.0150848681499991
0	0.0150848681499991
0	0.0150848681499991
0	0.0256611362796469
0	0.0150848681499991
0	0.0150848681499991
0	0.0150848681499991
0	0.0166412369410076
0	0.013195317795444
0	0.0220486178985339
0	0.0239659145659618
0	0.015908776759239
0	0.0270551767097316
0	0.0150848681499991
0	0.0179039552264062
0	0.0150848681499991
0	0.0150848681499991
0	0.0150848681499991
0	0.018279538467282
0	0.0166412369410076
0	0.0150848681499991
0	0.0150848681499991
0	0.0150848681499991
0	0.0331421528704856
0	0.0150848681499991
0	0.0150848681499991
0	0.0238281751379231
0	0.0150848681499991
0	0.0150848681499991
0	0.0150848681499991
0	0.0150848681499991
0	0.0150848681499991
0	0.0150848681499991
0	0.0150848681499991
0	0.0150848681499991
0	0.0150848681499991
0	0.0150848681499991
0	0.0150848681499991
0	0.0150848681499991
0	0.0150848681499991
0	0.0150848681499991
0	0.0150848681499991
0	0.0150848681499991
0	0.0166412369410076
0	0.0157922039566014
0	0.0207229023334136
0	0.0101368651821318
0	0.0150848681499991
0	0.0150848681499991
0	0.0150848681499991
0	0.0150848681499991
0	0.0150848681499991
0	0.0150848681499991
0	0.0133221096913708
0	0.0134048419607054
0	0.0150848681499991
0	0.0150848681499991
0	0.0150848681499991
0	0.0150848681499991
0	0.018279538467282
0	0.0179039552264062
0	0.0348337337477653
0	0.0585873125655129
0	0.0150848681499991
0	0.0150848681499991
0	0.0165936483974684
0	0.0150848681499991
0	0.0165936483974684
0	0.0289003956620256
0	0.0152148609183765
0	0.0151511285106962
0	0.0150848681499991
0	0.0110866339409674
0	0.0150848681499991
0	0.0150848681499991
0	0.0150848681499991
0	0.0091277078629071
0	0.0150848681499991
0	0.0150848681499991
0	0.0150848681499991
0	0.589778863623196
0	0.0150848681499991
0	0.0150848681499991
0	0.028043650238648
0	0.0150848681499991
0	0.0182074515685011
0	0.0150848681499991
0	0.0150848681499991
0	0.0172821069567821
0	0.0150848681499991
0	0.0150848681499991
0	0.0150848681499991
0	0.0872268612612363
0	0.0148467862356406
0	0.0162839050796389
0	0.0150848681499991
0	0.0151511285106962
0	0.0150848681499991
0	0.0521241871235659
0	0.0187694602640968
0	0.0150848681499991
0	0.0150848681499991
0	0.0293655703738288
0	0.0150848681499991
0	0.913963574274008
0	0.0150848681499991
0	0.0150848681499991
0	0.0150848681499991
0	0.0141790437004498
0	0.0245917931924658
0	0.0240479091336655
0	0.0150848681499991
0	0.0166142172348475
0	0.0149732009629465
0	0.0145463256009745
0	0.0182074515685011
0	0.0165153340113934
0	0.0270633849496398
0	0.0150848681499991
0	0.0150848681499991
0	0.0150848681499991
0	0.0259060125934885
0	0.0150848681499991
0	0.0150848681499991
0	0.0152641020838285
0	0.0150848681499991
0	0.015993423793132
0	0.0158880553434234
0	0.0166142172348475
0	0.0150848681499991
0	0.010511674152368
0	0.0150848681499991
0	0.0150848681499991
0	0.0150848681499991
0	0.0146390522211594
0	0.0132233162996339
0	0.0168501101923319
0	0.107678776597834
0	0.0150848681499991
0	0.0161495846264985
0	0.0198021235088285
0	0.0150848681499991
0	0.0166142172348475
0	0.281313443496805
0	0.0150848681499991
0	0.0150848681499991
0	0.0150848681499991
0	0.0800375386860275
0	0.0152641020838285
0	0.0150848681499991
0	0.0289651547320109
0	0.618051525375752
0	0.0150848681499991
0	0.0166142172348475
0	0.0162839050796389
0	0.0150848681499991
0	0.487610979879951
0	0.0150848681499991
0	0.0150848681499991
0	0.0923361374210004
0	0.0150848681499991
0	0.0150848681499991
0	0.0150848681499991
0	0.0166142172348475
0	0.0150848681499991
0	0.0150848681499991
0	0.0213629910916172
0	0.0129649728421074
0	0.018279538467282
0	0.0150848681499991
0	0.0150848681499991
0	0.0150848681499991
0	0.0382733080418454
0	0.0149732009629465
0	0.0150848681499991
0	0.0149732009629465
0	0.051863536746699
0	0.0150848681499991
0	0.0133221096913708
0	0.0149732009629465
0	0.0150848681499991
0	0.0150848681499991
0	0.0150848681499991
0	0.0150848681499991
0	0.0150848681499991
0	0.0150848681499991
0	0.0259060125934885
0	0.0150848681499991
0	0.0240803452478695
0	0.0150848681499991
0	0.0150848681499991
0	0.0150848681499991
0	0.0150848681499991
0	0.0150848681499991
0	0.0303327891776554
0	0.0709624552973067
0	0.0166142172348475
0	0.0153940821781636
0	0.0150848681499991
0	0.0150848681499991
0	0.0150848681499991
0	0.0150848681499991
0	0.022697473917143
0	0.030172538717229
0	0.0150848681499991
0	0.0150848681499991
0	0.0150848681499991
0	0.00993630214627381
0	0.0150848681499991
0	0.0152641020838285
0	0.0150848681499991
0	0.0149732009629465
0	0.0150848681499991
0	0.0150848681499991
0	0.0149732009629465
0	0.0150848681499991
0	0.0150848681499991
0	0.0150848681499991
0	0.0150848681499991
0	0.826703416605095
0	0.0150848681499991
0	0.0173121779941192
0	0.00857648728706003
0	0.0150848681499991
0	0.024867530989991
0	0.0149732009629465
0	0.0150848681499991
0	0.0150848681499991
0	0.0150848681499991
0	0.0218293044904544
0	0.0150848681499991
0	0.0150848681499991
0	0.0150848681499991
0	0.0360045912848095
0	0.0150848681499991
0	0.0166412369410076
0	0.0150848681499991
0	0.0150848681499991
0	0.0165876402189963
0	0.0150848681499991
0	0.0158780132701045
0	0.0150848681499991
0	0.0150848681499991
0	0.00893155126854708
0	0.0150848681499991
0	0.0150848681499991
0	0.0312909246133561
0	0.0150848681499991
0	0.0150848681499991
0	0.0150848681499991
0	0.0134444963825614
0	0.0152641020838285
0	0.0150848681499991
0	0.0150848681499991
0	0.0558440515058278
0	0.0150848681499991
0	0.0196502802357006
0	0.0268511988085044
0	0.0150848681499991
0	0.0521241871235659
0	0.0744993538061466
0	0.0168501101923319
0	0.0149732009629465
0	0.0150848681499991
0	0.0150848681499991
0	0.0222162381735437
0	0.0163496814564443
0	0.0150848681499991
0	0.0410946413142774
0	0.0150848681499991
0	0.00906011208925757
0	0.0150848681499991
0	0.0143338001076333
0	0.0168501101923319
0	0.0150848681499991
0	0.0128687933444439
0	0.0166412369410076
0	0.090871272851945
0	0.0132655712511455
0	0.0150848681499991
0	0.0149732009629465
0	0.0147625981051784
0	0.0168501101923319
0	0.0149949483951834
0	0.0150848681499991
0	0.0150848681499991
0	0.0147625981051784
0	0.0150848681499991
0	0.0150848681499991
0	0.0150848681499991
0	0.0150848681499991
0	0.0150848681499991
0	0.0150848681499991
0	0.0137900229546699
0	0.0165936483974684
0	0.179494904954072
0	0.0150848681499991
0	0.359363285946947
0	0.0150848681499991
0	0.0409789668671813
0	0.0150848681499991
0	0.0259767256277649
0	0.0150848681499991
0	0.0150848681499991
0	0.0150848681499991
0	0.0150848681499991
0	0.0150848681499991
0	0.0168501101923319
0	0.0164914184555221
0	0.0149380609974709
0	0.0492057478726986
0	0.00687589530874701
0	0.0150848681499991
0	0.0157063607949964
0	0.0111331885960489
0	0.0197974911474181
0	0.0150848681499991
0	0.00949578902223726
0	0.0150848681499991
0	0.0150848681499991
0	0.027840092392437
0	0.0150848681499991
0	0.0150848681499991
0	0.018279538467282
0	0.0297165751830276
0	0.0280098852840866
0	0.0150848681499991
0	0.0150848681499991
0	0.0150848681499991
0	0.0116507528211275
0	0.0196502802357006
0	0.0150848681499991
0	0.0161495846264985
0	0.0150848681499991
0	0.0149949483951834
0	0.0150848681499991
0	0.019775298831367
0	0.0150848681499991
0	0.0170258755012625
0	0.0150848681499991
0	0.0664736714411809
0	0.0150848681499991
0	0.0156682278088999
0	0.0150848681499991
0	0.0150848681499991
0	0.0150848681499991
0	0.0612590819024727
0	0.0091277078629071
0	0.0150848681499991
0	0.0150848681499991
0	0.018279538467282
0	0.0165876402189963
0	0.0150848681499991
0	0.0158880553434234
0	0.0150848681499991
0	0.0150848681499991
0	0.0150848681499991
0	0.0268160455880018
0	0.0150848681499991
0	0.0150848681499991
0	0.0150848681499991
0	0.0150848681499991
0	0.0245138436802537
