1	0.84711396101114
1	0.0262809422982132
1	0.749894084359642
1	0.867102982504356
1	0.0280997946711807
1	0.0372531661005234
1	0.851106630492265
1	0.866810074797662
1	0.0262809422982132
1	0.854115554352239
1	0.815862905517567
1	0.918871598269082
1	0.841300213982096
1	0.0262809422982132
1	0.0262809422982132
1	0.55352944619086
1	0.235335619061235
1	0.0262809422982132
1	0.0262809422982132
1	0.546719992432619
1	0.0262809422982132
1	0.826686534403016
1	0.792735190186458
1	0.0262809422982132
1	0.820998609807445
1	0.869408797382182
1	0.574279481087916
1	0.0262809422982132
1	0.0342671024438057
1	0.89806530072655
1	0.813747000112279
1	0.583330407148368
1	0.83641104675073
1	0.622623217850758
1	0.0262809422982132
1	0.82195947948638
1	0.905397296319423
1	0.253407412308248
1	0.763836116707185
1	0.352082251550474
1	0.871741362536087
1	0.0262809422982132
1	0.669108805487063
1	0.520929300484661
1	0.0543959716975756
1	0.0262809422982132
1	0.681638442872485
1	0.81436389840986
1	0.851561026195404
1	0.229669631907047
1	0.609752315858372
1	0.0262809422982132
1	0.896762611702426
1	0.0262809422982132
1	0.862328843270784
1	0.713120697829178
1	0.803095632230586
1	0.561827917265331
1	0.0781208479570894
1	0.870150903776449
1	0.79662568741209
1	0.0262809422982132
1	0.811042523173529
1	0.740967887059469
1	0.859434029884743
1	0.0262809422982132
1	0.225598502532512
1	0.58971047034868
1	0.839049064565407
1	0.798535748717268
1	0.0262809422982132
1	0.434877961740659
1	0.889382453363185
1	0.415220726742006
1	0.873011729097469
1	0.821707292861852
1	0.500082117135484
1	0.853293530823806
1	0.772610263953707
1	0.522877363340519
1	0.810697055111414
1	0.0262809422982132
1	0.0262809422982132
1	0.65599372101929
1	0.89806530072655
1	0.503682076444847
1	0.714459247076231
1	0.0262809422982132
1	0.603920546388136
1	0.911258539059337
1	0.86634613237852
1	0.672909715744254
1	0.865455493128793
1	0.585302220133433
1	0.0262809422982132
1	0.664188989185641
1	0.0317859728075409
1	0.0262809422982132
1	0.254423556704997
1	0.864015332242676
1	0.686534434600993
1	0.879906819086433
1	0.0262809422982132
1	0.771485403232584
1	0.0651455312097136
1	0.834751311630863
1	0.862328843270784
1	0.858196169604799
1	0.0262809422982132
1	0.475777437390547
1	0.896762611702426
1	0.694305970061018
1	0.481153445596038
1	0.905163978510806
1	0.876487517583357
1	0.625507181210418
1	0.752173976232833
1	0.823761057000269
1	0.865726667093577
1	0.475190213361533
1	0.585840628887036
1	0.860047573820676
1	0.645864180308805
1	0.26868465979977
1	0.0262809422982132
1	0.452661577082105
1	0.812215203431036
1	0.839493067818246
1	0.890218234255941
1	0.0375292406001543
1	0.371683800077255
1	0.872871643349676
1	0.431871101109136
1	0.336186859891796
1	0.0262809422982132
1	0.862178833248341
1	0.880597461831737
1	0.522787534884778
1	0.0262809422982132
1	0.814932543513719
1	0.80871805161526
1	0.0262809422982132
1	0.645362581186763
1	0.862178833248341
1	0.0262809422982132
1	0.646234655915739
1	0.811747186349219
1	0.0502895319689342
1	0.0262809422982132
1	0.0393407185516181
1	0.189392114205645
1	0.876538220134029
1	0.0262809422982132
1	0.839619300237155
1	0.789046064185262
1	0.355686954776257
1	0.18920962990275
1	0.906605225298285
1	0.840373962643802
1	0.869408797382182
1	0.0264779405128693
1	0.648066931507341
1	0.810534696502333
1	0.562571820009788
1	0.809163422102851
1	0.896762611702426
1	0.905397296319423
1	0.559640122339964
1	0.905724932610261
1	0.0613954852981147
1	0.521624410314989
1	0.80178223405047
1	0.821518980981654
1	0.12007490680235
1	0.0262809422982132
1	0.774383893658553
1	0.814162674246851
1	0.330830006749433
1	0.367008511945202
1	0.896762611702426
1	0.86531880845176
1	0.906371724219831
1	0.804853797626238
1	0.893593423672971
1	0.482261603530148
1	0.583566477966963
1	0.858335672178301
1	0.0262809422982132
1	0.229448655864466
1	0.81347988970331
1	0.896762611702426
1	0.897016460995781
1	0.578916379465536
1	0.668495296198409
1	0.726646945057183
1	0.85912178757246
1	0.906371724219831
1	0.629335781216059
1	0.88372839384382
1	0.396806424237374
0	0.0262809422982132
0	0.0262809422982132
0	0.0262809422982132
0	0.0262809422982132
0	0.0262809422982132
0	0.0262809422982132
0	0.0262809422982132
0	0.0262809422982132
0	0.0262809422982132
0	0.0262809422982132
0	0.0262809422982132
0	0.0262809422982132
0	0.0262809422982132
0	0.0262809422982132
0	0.0262809422982132
0	0.0262809422982132
0	0.0262809422982132
0	0.0262809422982132
0	0.0262809422982132
0	0.0262809422982132
0	0.0262809422982132
0	0.0262809422982132
0	0.0262809422982132
0	0.0262809422982132
0	0.0262809422982132
0	0.0494293752136721
0	0.0262809422982132
0	0.0262809422982132
0	0.0262809422982132
0	0.0262809422982132
0	0.0262809422982132
0	0.0262809422982132
0	0.0262809422982132
0	0.0262809422982132
0	0.0262809422982132
0	0.0262809422982132
0	0.0424644800402814
0	0.0262809422982132
0	0.0262809422982132
0	0.0998260380696164
0	0.0262809422982132
0	0.0262809422982132
0	0.0262809422982132
0	0.0262809422982132
0	0.0262809422982132
0	0.0262809422982132
0	0.0264779405128693
0	0.0718229887143202
0	0.0262809422982132
0	0.0262809422982132
0	0.0262809422982132
0	0.0262809422982132
0	0.0492013380524446
0	0.0262809422982132
0	0.0262809422982132
0	0.0262809422982132
0	0.0313659714901355
0	0.0262809422982132
0	0.0262809422982132
0	0.0262809422982132
0	0.0262809422982132
0	0.0262809422982132
0	0.0262809422982132
0	0.0262809422982132
0	0.0262809422982132
0	0.0262809422982132
0	0.0420620707098268
0	0.0262809422982132
0	0.199533178791509
0	0.0262809422982132
0	0.0262809422982132
0	0.036141284020468
0	0.0323366488488626
0	0.0262809422982132
0	0.0262809422982132
0	0.0262809422982132
0	0.036141284020468
0	0.0262809422982132
0	0.0262809422982132
0	0.0262809422982132
0	0.654513630499279
0	0.0262809422982132
0	0.0262809422982132
0	0.0262809422982132
0	0.0262809422982132
0	0.0262809422982132
0	0.0262809422982132
0	0.0262809422982132
0	0.0262809422982132
0	0.0262809422982132
0	0.0262809422982132
0	0.0353012866303218
0	0.0262809422982132
0	0.0262809422982132
0	0.0262809422982132
0	0.0262809422982132
0	0.0262809422982132
0	0.0264779405128693
0	0.0262809422982132
0	0.0262809422982132
0	0.0262809422982132
0	0.0262809422982132
0	0.0262809422982132
0	0.0262809422982132
0	0.0262809422982132
0	0.0262809422982132
0	0.0262809422982132
0	0.0356413182757743
0	0.0262809422982132
0	0.0262809422982132
0	0.0262809422982132
0	0.0262809422982132
0	0.0262809422982132
0	0.0420620707098268
0	0.0317859728075409
0	0.0262809422982132
0	0.0262809422982132
0	0.0262809422982132
0	0.0262809422982132
0	0.0295935295623631
0	0.0262809422982132
0	0.320809833084398
0	0.0262809422982132
0	0.0262809422982132
0	0.0262809422982132
0	0.0262809422982132
0	0.0262809422982132
0	0.0262809422982132
0	0.0265399936003529
0	0.0777291879603913
0	0.0262809422982132
0	0.0262809422982132
0	0.0262809422982132
0	0.0262809422982132
0	0.0262809422982132
0	0.0262809422982132
0	0.0262809422982132
0	0.0262809422982132
0	0.0353012866303218
0	0.0262809422982132
0	0.19692526463618
0	0.0353012866303218
0	0.0262809422982132
0	0.0273028171064906
0	0.0262809422982132
0	0.0262809422982132
0	0.905163978510806
0	0.0262809422982132
0	0.0262809422982132
0	0.0262809422982132
0	0.0262809422982132
0	0.0262809422982132
0	0.0262809422982132
0	0.0468216731430311
0	0.0262809422982132
0	0.0262809422982132
0	0.0262809422982132
0	0.0262809422982132
0	0.0262809422982132
0	0.0262809422982132
0	0.0262809422982132
0	0.0262809422982132
0	0.0262809422982132
0	0.0262909916111799
0	0.0273028171064906
0	0.108942175203706
0	0.0262809422982132
0	0.0262809422982132
0	0.0262809422982132
0	0.0262809422982132
0	0.0262909916111799
0	0.0262809422982132
0	0.0285884951564562
0	0.0940636899735925
0	0.026738880303556
0	0.0262809422982132
0	0.0353012866303218
0	0.0262809422982132
0	0.0262809422982132
0	0.767957197365217
0	0.0262809422982132
0	0.0262809422982132
0	0.0262809422982132
0	0.0262809422982132
0	0.0262809422982132
0	0.0262809422982132
0	0.0262809422982132
0	0.0262809422982132
0	0.0519015527960335
0	0.0262809422982132
0	0.0262809422982132
0	0.0262809422982132
0	0.0331386622924704
0	0.0264779405128693
0	0.0262809422982132
0	0.036141284020468
0	0.0262809422982132
0	0.0262809422982132
0	0.0262809422982132
0	0.0262809422982132
0	0.0262809422982132
0	0.0262809422982132
0	0.0262809422982132
0	0.0262809422982132
0	0.0262809422982132
0	0.0262809422982132
0	0.0262809422982132
0	0.0262909916111799
0	0.0262809422982132
0	0.0558244801923041
0	0.0262809422982132
0	0.0262809422982132
0	0.0262809422982132
0	0.0264779405128693
0	0.0262809422982132
0	0.0262809422982132
0	0.0262809422982132
0	0.0262809422982132
0	0.0262809422982132
0	0.0319096110260079
0	0.0262809422982132
0	0.0262809422982132
0	0.0273028171064906
0	0.0262809422982132
0	0.0262809422982132
0	0.0262809422982132
0	0.0262809422982132
0	0.0262809422982132
0	0.0262809422982132
0	0.0262809422982132
0	0.0329478736191578
0	0.0262809422982132
0	0.0262809422982132
0	0.0262809422982132
0	0.0262809422982132
0	0.0262809422982132
0	0.0262809422982132
0	0.0262809422982132
0	0.057260508038534
0	0.0262809422982132
0	0.0329478736191578
0	0.0262809422982132
0	0.0264779405128693
0	0.0262809422982132
0	0.0264779405128693
0	0.0435563798350195
0	0.0426131057587278
0	0.0262809422982132
0	0.0262809422982132
0	0.0262809422982132
0	0.0262809422982132
0	0.0393581427197381
0	0.0262809422982132
0	0.0262809422982132
0	0.0317859728075409
0	0.0262809422982132
0	0.0264779405128693
0	0.0420620707098268
0	0.0262809422982132
0	0.0262809422982132
0	0.0980273286147408
0	0.0262809422982132
0	0.0262809422982132
0	0.0262809422982132
0	0.0262809422982132
0	0.0262809422982132
0	0.0262809422982132
0	0.0262809422982132
0	0.0262809422982132
0	0.0262809422982132
0	0.0385474128047059
0	0.0262809422982132
0	0.0540884389232206
0	0.0262809422982132
0	0.0262809422982132
0	0.0262809422982132
0	0.0262809422982132
0	0.0569078392641432
0	0.0262809422982132
0	0.0262809422982132
0	0.0262809422982132
0	0.0262809422982132
0	0.0262809422982132
0	0.0262809422982132
0	0.0262809422982132
0	0.0262809422982132
0	0.0262809422982132
0	0.0262809422982132
0	0.0262809422982132
0	0.0262809422982132
0	0.0400941642927896
0	0.0729301558917167
0	0.0262809422982132
0	0.0262809422982132
0	0.0262809422982132
0	0.0262809422982132
0	0.0262809422982132
0	0.0262809422982132
0	0.0262809422982132
0	0.0262809422982132
0	0.0262809422982132
0	0.0262809422982132
0	0.0273028171064906
0	0.0262809422982132
0	0.0262809422982132
0	0.0262809422982132
0	0.0262809422982132
0	0.0262809422982132
0	0.0262809422982132
0	0.0262809422982132
0	0.0262809422982132
0	0.0262809422982132
0	0.0262809422982132
0	0.0262809422982132
0	0.0262809422982132
0	0.0262809422982132
0	0.0262809422982132
0	0.0394518912195417
0	0.0377165965603449
0	0.0317859728075409
0	0.0262809422982132
0	0.0262809422982132
0	0.0262809422982132
0	0.0262809422982132
0	0.0262809422982132
0	0.0262809422982132
0	0.0262809422982132
0	0.0262809422982132
0	0.0262809422982132
0	0.0262809422982132
0	0.0317859728075409
0	0.0262809422982132
0	0.0293029277893131
0	0.0262809422982132
0	0.0262809422982132
0	0.0262809422982132
0	0.0262909916111799
0	0.0262809422982132
0	0.0262809422982132
0	0.0353012866303218
0	0.026738880303556
0	0.0262809422982132
0	0.0262809422982132
0	0.0262809422982132
0	0.0262809422982132
0	0.0262809422982132
0	0.0262809422982132
0	0.0752641227836642
0	0.0317859728075409
0	0.0262809422982132
0	0.0262809422982132
0	0.0262809422982132
0	0.0262809422982132
0	0.0262809422982132
0	0.0346119004151691
0	0.0262809422982132
0	0.0262809422982132
0	0.0262809422982132
0	0.0262809422982132
0	0.0262809422982132
0	0.0262809422982132
0	0.218908557828297
0	0.0290177119642567
0	0.0262809422982132
0	0.0262809422982132
0	0.0262809422982132
0	0.0262809422982132
0	0.0262809422982132
0	0.0262809422982132
0	0.0262809422982132
0	0.0317859728075409
0	0.0262809422982132
0	0.0262809422982132
0	0.0262809422982132
0	0.0262809422982132
0	0.0262809422982132
0	0.0262809422982132
0	0.392353973129322
0	0.0262809422982132
0	0.0262809422982132
0	0.0262809422982132
0	0.0262809422982132
0	0.0262809422982132
0	0.0262809422982132
0	0.0262809422982132
0	0.0262809422982132
0	0.0262809422982132
0	0.113379980107719
0	0.0262809422982132
0	0.0262809422982132
0	0.0262809422982132
0	0.0732837794438586
0	0.0262809422982132
0	0.0262809422982132
0	0.0262809422982132
0	0.138525970549607
0	0.093843503569687
0	0.0262809422982132
0	0.0262809422982132
0	0.0853217144492194
0	0.0262809422982132
0	0.0262809422982132
0	0.0262809422982132
0	0.0290081232771843
0	0.0262809422982132
0	0.0262809422982132
0	0.0262809422982132
0	0.036493886032458
0	0.0262809422982132
0	0.026738880303556
0	0.0262809422982132
0	0.0262809422982132
0	0.0262809422982132
0	0.841390591801759
0	0.0262809422982132
0	0.0262809422982132
0	0.0262809422982132
0	0.0262809422982132
0	0.0262809422982132
0	0.0262809422982132
0	0.0262809422982132
0	0.0262809422982132
0	0.0426131057587278
0	0.0262809422982132
0	0.0262809422982132
0	0.0262809422982132
0	0.0262809422982132
0	0.0262809422982132
0	0.0262809422982132
0	0.0262809422982132
0	0.0439898491581502
0	0.0262809422982132
0	0.0463555321359909
0	0.0262809422982132
0	0.0262809422982132
0	0.0262809422982132
0	0.0262809422982132
0	0.0262809422982132
0	0.0262809422982132
0	0.0262809422982132
0	0.0262809422982132
0	0.0262809422982132
0	0.0262809422982132
0	0.0262809422982132
0	0.0317859728075409
0	0.0287445487423577
0	0.0293740505073444
0	0.0262809422982132
0	0.026738880303556
0	0.0262809422982132
0	0.0262809422982132
0	0.0287445487423577
0	0.0262809422982132
0	0.0262809422982132
0	0.0262809422982132
0	0.0262809422982132
0	0.0810970238911389
0	0.0262809422982132
0	0.0262809422982132
0	0.139173744567391
0	0.345907258359333
0	0.0262809422982132
0	0.0640188675281846
0	0.0262809422982132
0	0.0264779405128693
0	0.161099303246666
0	0.0262809422982132
0	0.0262809422982132
0	0.0262809422982132
0	0.0262809422982132
0	0.0262809422982132
0	0.0262809422982132
0	0.0262809422982132
0	0.0262809422982132
0	0.0262809422982132
0	0.0262809422982132
0	0.0316738605626049
0	0.0262809422982132
0	0.0262809422982132
0	0.0262809422982132
0	0.0262809422982132
0	0.0264779405128693
0	0.118351479084591
0	0.0264779405128693
0	0.0262809422982132
0	0.0262809422982132
0	0.0293029277893131
0	0.0262809422982132
0	0.0287445487423577
0	0.0863705735905447
0	0.0262809422982132
0	0.0262809422982132
0	0.0262809422982132
0	0.0262809422982132
0	0.0262809422982132
0	0.0262809422982132
0	0.0262809422982132
0	0.0262809422982132
0	0.0262809422982132
0	0.0262809422982132
0	0.0894000924720922
0	0.0262809422982132
0	0.0262809422982132
0	0.0264779405128693
0	0.0287445487423577
0	0.0287445487423577
0	0.0262809422982132
0	0.0262809422982132
0	0.0262809422982132
0	0.0386154882425505
0	0.0262809422982132
0	0.0353012866303218
0	0.0262809422982132
0	0.0262809422982132
0	0.0262809422982132
0	0.0262809422982132
0	0.0262809422982132
0	0.0264779405128693
0	0.0320228788625142
0	0.0262809422982132
0	0.0262809422982132
0	0.0262809422982132
0	0.0293740505073444
0	0.0262809422982132
0	0.0262809422982132
0	0.0262809422982132
0	0.0262809422982132
0	0.0262809422982132
0	0.0262809422982132
0	0.0262809422982132
0	0.0262809422982132
0	0.0262809422982132
0	0.0262809422982132
0	0.0262809422982132
0	0.0262809422982132
0	0.0262809422982132
0	0.0262809422982132
0	0.0262809422982132
0	0.0262909916111799
0	0.0262809422982132
0	0.0314110792434223
0	0.0262809422982132
0	0.364869746735448
0	0.0262809422982132
0	0.0262809422982132
0	0.0262809422982132
0	0.0356413182757743
0	0.0262809422982132
0	0.0262809422982132
0	0.0262809422982132
0	0.0273028171064906
0	0.0262809422982132
0	0.0295935295623631
0	0.0262809422982132
0	0.120106503457629
0	0.0400904033506695
0	0.0264779405128693
0	0.0262809422982132
0	0.0262809422982132
0	0.0262809422982132
0	0.0262809422982132
0	0.0262809422982132
0	0.0262809422982132
0	0.0262809422982132
0	0.0262809422982132
0	0.0262809422982132
0	0.0262809422982132
0	0.0262809422982132
0	0.0262809422982132
0	0.0262809422982132
0	0.0543202406086713
0	0.0262809422982132
0	0.0262809422982132
0	0.0262809422982132
0	0.0262809422982132
0	0.0262809422982132
0	0.0262809422982132
0	0.0262809422982132
0	0.0262809422982132
0	0.0262809422982132
0	0.0262809422982132
0	0.0262809422982132
0	0.0287445487423577
0	0.0262809422982132
0	0.0273028171064906
0	0.0262809422982132
0	0.0262809422982132
0	0.0262809422982132
0	0.0262809422982132
0	0.0262809422982132
0	0.0293740505073444
0	0.0262809422982132
0	0.0262809422982132
0	0.0262809422982132
0	0.0262809422982132
0	0.0262809422982132
0	0.0353012866303218
0	0.0262809422982132
0	0.0441630235951703
0	0.0262809422982132
0	0.0262809422982132
0	0.0289090642236142
0	0.0262809422982132
0	0.0295935295623631
0	0.027608536080731
0	0.0262809422982132
0	0.0262809422982132
0	0.0262809422982132
0	0.0262809422982132
0	0.0262809422982132
0	0.0293740505073444
0	0.0262809422982132
0	0.0262809422982132
0	0.0262809422982132
0	0.0262809422982132
0	0.0262809422982132
0	0.0262809422982132
0	0.858335672178301
0	0.0262809422982132
0	0.0262809422982132
0	0.0262809422982132
0	0.0264779405128693
0	0.0262809422982132
0	0.0262809422982132
0	0.0262809422982132
0	0.0262809422982132
0	0.0262809422982132
0	0.0317859728075409
0	0.0262809422982132
0	0.0262809422982132
0	0.0262809422982132
0	0.0262809422982132
0	0.0262809422982132
0	0.0262809422982132
0	0.0262809422982132
0	0.331928773024248
0	0.0262809422982132
0	0.0262809422982132
0	0.0262809422982132
0	0.0262809422982132
0	0.0262809422982132
0	0.0262809422982132
0	0.0262809422982132
0	0.0262809422982132
0	0.0262809422982132
0	0.0262809422982132
0	0.0262809422982132
0	0.0262809422982132
0	0.0262809422982132
0	0.0262809422982132
0	0.0264779405128693
0	0.0347472120876341
0	0.0262809422982132
0	0.0262809422982132
0	0.0262809422982132
0	0.0262809422982132
0	0.0262809422982132
0	0.0262809422982132
0	0.0262809422982132
0	0.0262809422982132
0	0.0264779405128693
0	0.0262809422982132
0	0.0262809422982132
0	0.0262809422982132
0	0.0262809422982132
0	0.0262809422982132
0	0.0262809422982132
0	0.0262809422982132
0	0.0262809422982132
0	0.0262809422982132
0	0.320382274224437
0	0.0262809422982132
0	0.0262809422982132
0	0.0262809422982132
0	0.0262809422982132
0	0.0262809422982132
0	0.0317859728075409
0	0.0317859728075409
0	0.0262809422982132
0	0.0262809422982132
0	0.0262809422982132
0	0.0262809422982132
0	0.0262809422982132
0	0.0262809422982132
0	0.0262809422982132
0	0.0262809422982132
0	0.0262809422982132
0	0.0262809422982132
0	0.0262809422982132
0	0.0262809422982132
0	0.0262809422982132
0	0.708878545394245
0	0.03472455828671
0	0.0262809422982132
0	0.0262809422982132
0	0.0262809422982132
0	0.479002831946034
0	0.0262809422982132
0	0.0353012866303218
0	0.0463555321359909
0	0.0262809422982132
0	0.0262809422982132
0	0.0262809422982132
0	0.0262809422982132
0	0.0262809422982132
0	0.0353012866303218
0	0.0262809422982132
0	0.0262809422982132
0	0.0441700013003893
0	0.0262809422982132
0	0.0262809422982132
0	0.0262809422982132
0	0.0262809422982132
0	0.0262809422982132
0	0.0262809422982132
0	0.0262809422982132
0	0.0262809422982132
0	0.0262809422982132
0	0.0262809422982132
0	0.0262809422982132
0	0.0262809422982132
0	0.0262809422982132
0	0.0262809422982132
0	0.0262809422982132
0	0.0262809422982132
0	0.0262809422982132
0	0.419464908589412
0	0.0262809422982132
0	0.0262809422982132
0	0.0262809422982132
0	0.0262809422982132
0	0.0262809422982132
0	0.0262809422982132
0	0.0262809422982132
0	0.0262809422982132
0	0.0262809422982132
0	0.0262809422982132
0	0.0262809422982132
0	0.0262809422982132
0	0.0431919030486615
0	0.0262809422982132
0	0.0262809422982132
0	0.0262809422982132
0	0.0262809422982132
0	0.0262809422982132
0	0.0262809422982132
0	0.0262809422982132
0	0.0262809422982132
0	0.0522026940789269
0	0.0366606918031356
0	0.0262809422982132
0	0.0262809422982132
0	0.0262809422982132
0	0.0262809422982132
0	0.0264779405128693
0	0.0262809422982132
0	0.0262809422982132
0	0.0287445487423577
0	0.0262809422982132
0	0.0262809422982132
0	0.0262809422982132
0	0.08022105088782
0	0.0262809422982132
0	0.0456900502127872
0	0.026738880303556
0	0.0262809422982132
0	0.0262809422982132
0	0.0262809422982132
0	0.0262809422982132
0	0.0262809422982132
0	0.0262809422982132
0	0.0262809422982132
0	0.0262809422982132
0	0.0262809422982132
0	0.0262809422982132
0	0.0262809422982132
0	0.0262809422982132
0	0.0298842309219792
0	0.0262809422982132
0	0.0262809422982132
0	0.16297273972259
0	0.0273028171064906
0	0.0262809422982132
0	0.0262809422982132
0	0.0317980583933929
0	0.0262809422982132
0	0.0287445487423577
0	0.0262809422982132
0	0.0262809422982132
0	0.0262809422982132
0	0.0262809422982132
0	0.0463555321359909
0	0.0657975277461169
0	0.0262809422982132
0	0.0262809422982132
0	0.0262809422982132
0	0.0262909916111799
0	0.0262809422982132
0	0.0262809422982132
0	0.0262809422982132
0	0.0353012866303218
0	0.0262809422982132
0	0.0262809422982132
0	0.0262809422982132
0	0.0262809422982132
0	0.114810236752804
0	0.0262809422982132
0	0.0262809422982132
0	0.0262809422982132
0	0.0262809422982132
0	0.0262809422982132
0	0.0262809422982132
0	0.0262809422982132
0	0.0293740505073444
0	0.0262809422982132
0	0.0273028171064906
0	0.0262809422982132
0	0.0262809422982132
0	0.042932002599035
0	0.0262809422982132
0	0.0262809422982132
0	0.0264779405128693
0	0.0262809422982132
0	0.0262809422982132
0	0.0273028171064906
0	0.0262809422982132
0	0.0262809422982132
0	0.0329556433794519
0	0.0262809422982132
0	0.0262809422982132
0	0.034625028777721
0	0.0262809422982132
0	0.0262809422982132
0	0.0262809422982132
0	0.0262809422982132
0	0.0262809422982132
0	0.0262809422982132
0	0.846845768428908
0	0.0394518912195417
0	0.0262809422982132
0	0.0262809422982132
0	0.0262809422982132
0	0.0262809422982132
0	0.0262809422982132
0	0.265380523474239
0	0.0262809422982132
0	0.0365341337351287
0	0.0262809422982132
0	0.0355634305354382
0	0.0262809422982132
0	0.0262809422982132
0	0.0262809422982132
0	0.0438301524679701
0	0.0262809422982132
0	0.0262809422982132
0	0.0262809422982132
0	0.0262809422982132
0	0.0262809422982132
0	0.0262809422982132
0	0.0262809422982132
0	0.0262809422982132
0	0.0262809422982132
0	0.0262809422982132
0	0.0262809422982132
0	0.0463555321359909
0	0.0262809422982132
0	0.0262809422982132
0	0.0262809422982132
0	0.0262809422982132
0	0.0262809422982132
0	0.0262809422982132
0	0.0262809422982132
0	0.0502505351990699
0	0.0262809422982132
0	0.0262809422982132
0	0.0262809422982132
0	0.0262809422982132
0	0.0262809422982132
0	0.0262809422982132
0	0.0262809422982132
0	0.0349642797363266
0	0.0262809422982132
0	0.0262809422982132
0	0.0262809422982132
0	0.0262809422982132
0	0.0262809422982132
0	0.604661174573381
0	0.0262809422982132
0	0.0262809422982132
0	0.0262809422982132
0	0.0262809422982132
0	0.0262809422982132
0	0.0262809422982132
0	0.0262809422982132
0	0.0262809422982132
0	0.0262809422982132
0	0.0317859728075409
0	0.0262809422982132
0	0.0262809422982132
0	0.0262809422982132
0	0.0262809422982132
0	0.0262809422982132
0	0.0287445487423577
0	0.0262809422982132
0	0.0262809422982132
0	0.0262809422982132
0	0.0262809422982132
0	0.0262809422982132
0	0.0262809422982132
0	0.0262809422982132
0	0.0262809422982132
0	0.0262809422982132
0	0.0262809422982132
0	0.0262809422982132
0	0.705451636116717
0	0.0262809422982132
0	0.150385627788094
0	0.0262809422982132
0	0.0262809422982132
0	0.0262809422982132
0	0.0349642797363266
0	0.0262809422982132
0	0.0262809422982132
0	0.0262809422982132
0	0.0262809422982132
0	0.046581227182268
0	0.0262809422982132
0	0.0262809422982132
0	0.0262809422982132
0	0.0262809422982132
0	0.0262809422982132
0	0.0262809422982132
0	0.0262809422982132
0	0.0262809422982132
0	0.0349642797363266
0	0.0262809422982132
0	0.0262809422982132
0	0.0262809422982132
0	0.0262809422982132
0	0.0641104588133464
0	0.0262809422982132
0	0.0262809422982132
0	0.0262809422982132
0	0.0262809422982132
0	0.0262809422982132
0	0.0262809422982132
0	0.0317859728075409
0	0.0262809422982132
0	0.0262809422982132
0	0.0361549637353012
0	0.0317859728075409
0	0.0262809422982132
0	0.0287445487423577
0	0.0262809422982132
0	0.0262809422982132
0	0.0262809422982132
0	0.0262809422982132
0	0.0372531661005234
0	0.082021797531668
0	0.0262809422982132
0	0.0262809422982132
0	0.0287445487423577
0	0.0262809422982132
0	0.0262809422982132
0	0.0262809422982132
0	0.0262809422982132
0	0.0262809422982132
0	0.0353012866303218
0	0.0262809422982132
0	0.0262809422982132
0	0.0262809422982132
0	0.0262809422982132
0	0.0262809422982132
0	0.0287445487423577
0	0.0262809422982132
0	0.0967739216530594
0	0.0262809422982132
0	0.0262809422982132
0	0.0264779405128693
0	0.0262809422982132
0	0.0355634305354382
0	0.0262809422982132
0	0.0262809422982132
0	0.0262809422982132
0	0.0262809422982132
0	0.0262809422982132
0	0.0262809422982132
0	0.116276053367026
0	0.0262809422982132
0	0.0262809422982132
0	0.0262809422982132
0	0.0262809422982132
0	0.0375292406001543
0	0.0262809422982132
0	0.0262809422982132
0	0.0262809422982132
0	0.0262809422982132
0	0.0262809422982132
0	0.0262809422982132
0	0.0435450879268033
0	0.0262809422982132
0	0.0262809422982132
0	0.0262809422982132
0	0.0357804982433407
0	0.0262809422982132
0	0.0262809422982132
0	0.0262809422982132
0	0.0262809422982132
0	0.0262809422982132
0	0.0262809422982132
0	0.0262809422982132
0	0.0262809422982132
0	0.0262809422982132
0	0.0262809422982132
0	0.0262809422982132
0	0.0262809422982132
0	0.0262809422982132
0	0.0262809422982132
0	0.0262809422982132
0	0.0262809422982132
0	0.0262809422982132
0	0.0262809422982132
0	0.0402139979473418
0	0.0335994252796549
0	0.0262809422982132
0	0.0262809422982132
0	0.0262809422982132
0	0.0262809422982132
0	0.0262809422982132
0	0.858335672178301
0	0.354194591402936
0	0.0262809422982132
0	0.0287445487423577
0	0.0262809422982132
0	0.0262809422982132
0	0.0273028171064906
0	0.0287445487423577
0	0.0262809422982132
0	0.0320228788625142
0	0.0262809422982132
0	0.0262809422982132
0	0.0262809422982132
0	0.0262809422982132
0	0.0262809422982132
0	0.0262809422982132
0	0.0262809422982132
0	0.0262809422982132
0	0.0262809422982132
0	0.0479001613165942
0	0.0262809422982132
0	0.0262809422982132
0	0.0287445487423577
0	0.0262809422982132
0	0.0262809422982132
0	0.0262809422982132
0	0.0262809422982132
0	0.0287445487423577
0	0.0262809422982132
0	0.0262809422982132
0	0.0262809422982132
0	0.0262809422982132
0	0.0262809422982132
0	0.0262809422982132
0	0.0526022009538031
0	0.0262809422982132
0	0.0262809422982132
0	0.0262809422982132
0	0.0262809422982132
0	0.0262809422982132
0	0.0293740505073444
0	0.0487159610651939
0	0.0262809422982132
0	0.0262809422982132
0	0.0262809422982132
0	0.0262809422982132
0	0.0262809422982132
0	0.0262809422982132
0	0.0262809422982132
0	0.0262809422982132
0	0.830278226668576
0	0.0262809422982132
0	0.0262809422982132
0	0.0262809422982132
0	0.0262809422982132
0	0.0262809422982132
0	0.0353012866303218
0	0.0262809422982132
0	0.0264779405128693
0	0.0262809422982132
0	0.036141284020468
0	0.0262809422982132
0	0.0262809422982132
0	0.0262809422982132
0	0.0262809422982132
0	0.0262809422982132
0	0.0262809422982132
0	0.0262809422982132
0	0.0262809422982132
0	0.0262809422982132
0	0.0262809422982132
0	0.0262809422982132
0	0.0262809422982132
0	0.0262809422982132
0	0.0265399936003529
0	0.0394130630706846
0	0.0262809422982132
0	0.0262809422982132
0	0.0293740505073444
0	0.0316738605626049
0	0.273925880222014
0	0.0262809422982132
0	0.0835231765972415
0	0.0262809422982132
0	0.0262809422982132
0	0.0262809422982132
0	0.0262809422982132
0	0.0262809422982132
0	0.0416412446252312
0	0.0273028171064906
0	0.0262809422982132
0	0.0262809422982132
0	0.0262809422982132
0	0.0264779405128693
0	0.0262809422982132
0	0.0262809422982132
0	0.0262809422982132
0	0.0262809422982132
0	0.0262809422982132
0	0.0349825747667698
0	0.0262809422982132
0	0.0262809422982132
0	0.0262809422982132
0	0.0262809422982132
0	0.0262809422982132
0	0.0262809422982132
0	0.0262809422982132
0	0.0262809422982132
0	0.0262809422982132
0	0.0262809422982132
0	0.0400313078887495
0	0.0262809422982132
0	0.683167648852815
0	0.045123375167014
0	0.0262809422982132
0	0.0262809422982132
0	0.0578940159433679
0	0.0262809422982132
0	0.699504549834359
0	0.0262809422982132
0	0.0262809422982132
0	0.0262809422982132
0	0.0561863849490137
0	0.0262809422982132
0	0.0262809422982132
0	0.0264779405128693
0	0.0262809422982132
0	0.0262809422982132
0	0.259668619557404
0	0.0264779405128693
0	0.0262809422982132
0	0.0262809422982132
0	0.0262809422982132
0	0.657081754013758
0	0.0262809422982132
0	0.0262809422982132
0	0.0262809422982132
0	0.0262809422982132
0	0.0262809422982132
0	0.0262809422982132
0	0.0262809422982132
0	0.0420620707098268
0	0.0262809422982132
0	0.0264779405128693
0	0.0262809422982132
0	0.0262809422982132
0	0.0262809422982132
0	0.0262809422982132
0	0.0262809422982132
0	0.0262809422982132
0	0.0262809422982132
0	0.0262809422982132
0	0.0464104751983814
0	0.034869110043641
0	0.0349642797363266
0	0.0262809422982132
0	0.219442095552201
0	0.0262809422982132
0	0.0295935295623631
0	0.0262809422982132
0	0.0262809422982132
0	0.0262809422982132
0	0.0262809422982132
0	0.0262809422982132
0	0.0262809422982132
0	0.0262809422982132
0	0.0262809422982132
0	0.0262809422982132
0	0.0262809422982132
0	0.0262809422982132
0	0.0262809422982132
0	0.0262809422982132
0	0.0262809422982132
0	0.0262809422982132
0	0.0262809422982132
0	0.0262809422982132
0	0.0264779405128693
0	0.0262809422982132
0	0.0262809422982132
0	0.0424644800402814
0	0.0444115070662477
0	0.0262809422982132
0	0.103591695863355
0	0.026738880303556
0	0.0262809422982132
0	0.0262809422982132
0	0.0262809422982132
0	0.0262809422982132
0	0.0262809422982132
0	0.0262809422982132
0	0.026738880303556
0	0.0262809422982132
0	0.0262809422982132
0	0.0262809422982132
0	0.0352240124378092
0	0.0262809422982132
0	0.0262809422982132
0	0.0320228788625142
0	0.0264779405128693
0	0.0262809422982132
0	0.028599400915891
0	0.0264779405128693
0	0.0436192217461862
0	0.0262809422982132
0	0.0262809422982132
0	0.0324221963408626
0	0.251639897786197
0	0.0262809422982132
0	0.0262809422982132
0	0.026738880303556
0	0.0262809422982132
0	0.0475345740446156
0	0.0262809422982132
0	0.0262809422982132
0	0.0262809422982132
0	0.0262809422982132
0	0.0349642797363266
0	0.0463555321359909
0	0.0262809422982132
0	0.0262809422982132
0	0.0262809422982132
0	0.0262809422982132
0	0.0262809422982132
0	0.0262809422982132
0	0.0262809422982132
0	0.192936240442233
0	0.0394518912195417
0	0.0262809422982132
0	0.0262809422982132
0	0.0262809422982132
0	0.0847716838404642
0	0.0262809422982132
0	0.0262809422982132
0	0.145820547260754
0	0.0262809422982132
0	0.0262809422982132
0	0.0262809422982132
0	0.0262809422982132
0	0.0262809422982132
0	0.0262809422982132
0	0.0262809422982132
0	0.0262809422982132
0	0.0317859728075409
0	0.0262809422982132
0	0.0262809422982132
0	0.0262809422982132
0	0.0262809422982132
0	0.0262809422982132
0	0.0262809422982132
0	0.0262809422982132
0	0.0468216731430311
0	0.0262809422982132
0	0.0262809422982132
0	0.0262809422982132
0	0.0262809422982132
0	0.0262809422982132
0	0.0262809422982132
0	0.0587821071707595
0	0.0262809422982132
0	0.059732168316112
0	0.0262809422982132
0	0.027621725815129
0	0.0262809422982132
0	0.0262809422982132
0	0.0262809422982132
0	0.0274059899965815
0	0.148270008274589
0	0.0262809422982132
0	0.0262809422982132
0	0.0589409046494251
0	0.0262809422982132
0	0.0262809422982132
0	0.0262809422982132
0	0.0262809422982132
0	0.0262809422982132
0	0.0323489368159577
0	0.0262809422982132
0	0.0262809422982132
0	0.0262809422982132
0	0.0553066682997739
0	0.0262809422982132
0	0.0262809422982132
0	0.0262809422982132
0	0.0262809422982132
0	0.857400439296628
0	0.0262809422982132
0	0.0262809422982132
0	0.0262809422982132
0	0.0262809422982132
0	0.0262809422982132
0	0.0262809422982132
0	0.0262809422982132
0	0.0262809422982132
0	0.0262809422982132
0	0.0694528710413802
0	0.0262809422982132
0	0.0262809422982132
0	0.0262809422982132
0	0.0262809422982132
0	0.0262809422982132
0	0.0262809422982132
0	0.0262809422982132
0	0.0262809422982132
0	0.0262809422982132
0	0.0262809422982132
0	0.0353012866303218
0	0.0262809422982132
0	0.0262809422982132
0	0.0366606918031356
0	0.0262809422982132
0	0.0262809422982132
0	0.0262809422982132
0	0.306709000494408
0	0.0262809422982132
0	0.0262809422982132
0	0.0262809422982132
0	0.0262809422982132
0	0.0394518912195417
0	0.0262809422982132
0	0.0317859728075409
0	0.0262809422982132
0	0.069910997501487
0	0.0262809422982132
0	0.0262809422982132
0	0.0262809422982132
0	0.0262809422982132
0	0.0262809422982132
0	0.0262809422982132
0	0.0262809422982132
0	0.0262809422982132
0	0.0262809422982132
0	0.0262809422982132
0	0.0262809422982132
0	0.036141284020468
0	0.0264779405128693
0	0.0262809422982132
0	0.0262809422982132
0	0.0262809422982132
0	0.0382298566630129
0	0.208683557938118
0	0.0262809422982132
0	0.0262809422982132
0	0.0262809422982132
0	0.0262809422982132
0	0.0262809422982132
0	0.0262809422982132
0	0.0293740505073444
0	0.0262809422982132
0	0.0262809422982132
0	0.0262809422982132
0	0.0262809422982132
0	0.0262809422982132
0	0.0528677749267676
0	0.0262809422982132
0	0.0262809422982132
0	0.0262809422982132
0	0.0262809422982132
0	0.0262809422982132
0	0.0262809422982132
0	0.0262809422982132
0	0.0262809422982132
0	0.0262809422982132
0	0.0262809422982132
0	0.0295935295623631
0	0.0262809422982132
0	0.0262809422982132
0	0.0262809422982132
0	0.0872441279416194
0	0.0262809422982132
0	0.0262809422982132
0	0.0262809422982132
0	0.0264779405128693
0	0.0262809422982132
0	0.0262809422982132
0	0.0262809422982132
0	0.0262809422982132
0	0.0262809422982132
0	0.0262809422982132
0	0.0262809422982132
0	0.0262809422982132
0	0.0262809422982132
0	0.0298842309219792
0	0.0262809422982132
0	0.0262809422982132
0	0.0262809422982132
0	0.0262809422982132
0	0.0262809422982132
0	0.0262809422982132
0	0.0262809422982132
0	0.0265399936003529
0	0.0262809422982132
0	0.0262809422982132
0	0.0262809422982132
0	0.0262809422982132
0	0.484555978213889
0	0.0262809422982132
0	0.0353012866303218
0	0.0262809422982132
0	0.0262809422982132
0	0.0264779405128693
0	0.0262909916111799
0	0.0287445487423577
0	0.0262809422982132
0	0.0316738605626049
0	0.0262809422982132
0	0.0273028171064906
0	0.0287445487423577
0	0.039466101719752
0	0.0262809422982132
0	0.0262809422982132
0	0.0262809422982132
0	0.0262809422982132
0	0.0262809422982132
0	0.0393186177705937
0	0.0262809422982132
0	0.0262809422982132
0	0.0262809422982132
0	0.0315998493722459
0	0.0262809422982132
0	0.0262809422982132
0	0.0262809422982132
0	0.321262382366339
0	0.0262809422982132
0	0.0262809422982132
0	0.0262809422982132
0	0.0262809422982132
0	0.0353012866303218
0	0.0262809422982132
0	0.0262809422982132
0	0.705683129503582
0	0.0372531661005234
0	0.0262809422982132
0	0.0262809422982132
0	0.0262809422982132
0	0.0262809422982132
0	0.0262809422982132
0	0.0262809422982132
0	0.0262809422982132
0	0.0262809422982132
0	0.0262809422982132
0	0.0879918739661375
0	0.0262809422982132
0	0.0301147734406625
0	0.0262809422982132
0	0.0262809422982132
0	0.0262809422982132
0	0.0262809422982132
0	0.0262809422982132
0	0.0262809422982132
0	0.0262809422982132
0	0.0262809422982132
0	0.0262809422982132
0	0.0262809422982132
0	0.0262809422982132
0	0.0262809422982132
0	0.0273028171064906
0	0.0262809422982132
0	0.0262809422982132
0	0.0262809422982132
0	0.0262809422982132
0	0.0262809422982132
0	0.0262809422982132
0	0.0262809422982132
0	0.0262809422982132
0	0.0262809422982132
0	0.0329556433794519
0	0.0262809422982132
0	0.0262809422982132
0	0.0262809422982132
0	0.0262809422982132
0	0.0262809422982132
0	0.0430955134838121
0	0.0262809422982132
0	0.0262809422982132
0	0.0262809422982132
0	0.0262809422982132
0	0.0262809422982132
0	0.0262809422982132
0	0.0262809422982132
0	0.0264779405128693
0	0.0416575461169134
0	0.0262809422982132
0	0.0262809422982132
0	0.0317859728075409
0	0.0262809422982132
0	0.0262809422982132
0	0.0262809422982132
0	0.0262809422982132
0	0.0262809422982132
0	0.0262809422982132
0	0.0262809422982132
0	0.04222522597911
0	0.0262809422982132
0	0.0262809422982132
0	0.0316738605626049
0	0.0262809422982132
0	0.0262809422982132
0	0.0262809422982132
0	0.202113856666826
0	0.0321096985930285
0	0.0264779405128693
0	0.0262809422982132
0	0.0262809422982132
0	0.0262809422982132
0	0.0262809422982132
0	0.0262809422982132
0	0.0262809422982132
0	0.0317859728075409
0	0.0262809422982132
0	0.0262809422982132
0	0.0262809422982132
0	0.0883631118187396
0	0.0262809422982132
0	0.0262809422982132
0	0.408744668186292
0	0.0262809422982132
0	0.0420620707098268
0	0.0262809422982132
0	0.0262809422982132
0	0.0262809422982132
0	0.155986241616992
0	0.0353012866303218
0	0.0262809422982132
0	0.0262809422982132
0	0.0262809422982132
0	0.0546762517393795
0	0.0262809422982132
0	0.0262809422982132
0	0.111394905817827
0	0.0262809422982132
0	0.0262809422982132
0	0.0352240124378092
0	0.0262809422982132
0	0.0262809422982132
0	0.0262809422982132
0	0.0262809422982132
0	0.0262809422982132
0	0.0262809422982132
0	0.0262809422982132
0	0.0262809422982132
0	0.0262809422982132
0	0.338074321619876
0	0.0393581427197381
0	0.0262809422982132
0	0.0262809422982132
0	0.0592147054380972
0	0.0326742793949638
0	0.0262809422982132
0	0.0262809422982132
0	0.0262809422982132
0	0.0262809422982132
0	0.0463555321359909
0	0.0262809422982132
0	0.0262809422982132
0	0.0262809422982132
0	0.0262809422982132
0	0.0262809422982132
0	0.0262809422982132
0	0.0262809422982132
0	0.0317859728075409
0	0.0520631343250017
0	0.0262809422982132
0	0.0264779405128693
0	0.0262809422982132
0	0.0262809422982132
0	0.0262809422982132
0	0.0262809422982132
0	0.0262809422982132
0	0.0262809422982132
0	0.0262809422982132
0	0.0262809422982132
0	0.0262809422982132
0	0.0262809422982132
0	0.0262809422982132
0	0.0262809422982132
0	0.0262809422982132
0	0.0262809422982132
0	0.0262809422982132
0	0.0262809422982132
0	0.0307401405394467
0	0.0262809422982132
0	0.0262809422982132
0	0.0262809422982132
0	0.0262809422982132
0	0.0262809422982132
0	0.0262809422982132
0	0.0456218484873158
0	0.0262809422982132
0	0.0262809422982132
0	0.0262809422982132
0	0.0262809422982132
0	0.0262809422982132
0	0.0262809422982132
0	0.0262809422982132
0	0.0262809422982132
0	0.0262809422982132
0	0.0264779405128693
0	0.0262809422982132
0	0.0262809422982132
0	0.0262809422982132
0	0.0262809422982132
0	0.0262809422982132
0	0.0262809422982132
0	0.0262809422982132
0	0.0262809422982132
0	0.0317859728075409
0	0.0287445487423577
0	0.0505183604681569
0	0.0262809422982132
0	0.0262809422982132
0	0.0262809422982132
0	0.0262809422982132
0	0.0262809422982132
0	0.0628477409414704
0	0.0262809422982132
0	0.0264779405128693
0	0.0262809422982132
0	0.0262809422982132
0	0.0316738605626049
0	0.0262809422982132
0	0.106173059115144
0	0.0262809422982132
0	0.0262809422982132
0	0.0262809422982132
0	0.0434672462239832
0	0.0262809422982132
0	0.0262809422982132
0	0.0262809422982132
0	0.0262809422982132
0	0.0262809422982132
0	0.0262809422982132
0	0.0262809422982132
0	0.0644479758013395
0	0.0264779405128693
0	0.0262809422982132
0	0.0262809422982132
0	0.816020973157509
0	0.0262809422982132
0	0.0262809422982132
0	0.0262809422982132
0	0.0262809422982132
0	0.0262809422982132
0	0.0262809422982132
0	0.408869641843203
0	0.0262809422982132
0	0.0262809422982132
0	0.0262809422982132
0	0.0262809422982132
0	0.0262809422982132
0	0.0262809422982132
0	0.0262809422982132
0	0.0262909916111799
0	0.0262809422982132
0	0.0264779405128693
0	0.0262809422982132
0	0.0349642797363266
0	0.0262809422982132
0	0.0262809422982132
0	0.0287445487423577
0	0.0262809422982132
0	0.0262809422982132
0	0.0262809422982132
0	0.0383696456986233
0	0.0262809422982132
0	0.0262809422982132
0	0.0262809422982132
0	0.0264779405128693
0	0.0262809422982132
0	0.0262809422982132
0	0.0262809422982132
0	0.0262809422982132
0	0.0262809422982132
0	0.0262809422982132
0	0.0262809422982132
0	0.0264779405128693
0	0.0262809422982132
0	0.0262809422982132
0	0.0262809422982132
0	0.0262909916111799
0	0.0262809422982132
0	0.0262809422982132
0	0.0262809422982132
0	0.166135600188765
0	0.0420250589094946
0	0.0262809422982132
0	0.0262809422982132
0	0.0262809422982132
0	0.0262809422982132
0	0.0262809422982132
0	0.0262809422982132
0	0.0262809422982132
0	0.0262809422982132
0	0.0262809422982132
0	0.0262809422982132
0	0.0262809422982132
0	0.0262809422982132
0	0.0262809422982132
0	0.0262809422982132
0	0.0262809422982132
0	0.0262809422982132
0	0.0262809422982132
0	0.0262809422982132
0	0.0262809422982132
0	0.0262809422982132
0	0.0262809422982132
0	0.138801329081002
0	0.0262809422982132
0	0.0273028171064906
0	0.0262809422982132
0	0.0262809422982132
0	0.0262809422982132
0	0.0422093500807233
0	0.0262809422982132
0	0.0262809422982132
0	0.0262809422982132
0	0.0262809422982132
0	0.0262809422982132
0	0.0262809422982132
0	0.0262809422982132
0	0.0295935295623631
0	0.0264779405128693
0	0.0262809422982132
0	0.0262809422982132
0	0.0262809422982132
0	0.0262809422982132
0	0.0262809422982132
0	0.0262809422982132
0	0.0262809422982132
0	0.0262809422982132
0	0.0262809422982132
0	0.0262809422982132
0	0.0262809422982132
0	0.0262809422982132
0	0.0262809422982132
0	0.0262809422982132
0	0.036141284020468
0	0.0262809422982132
0	0.0262809422982132
0	0.0262809422982132
0	0.0262809422982132
0	0.0262809422982132
0	0.0262809422982132
0	0.0262809422982132
0	0.0262809422982132
0	0.0262809422982132
0	0.0262809422982132
0	0.0262809422982132
0	0.0262809422982132
0	0.0353012866303218
0	0.0262809422982132
0	0.0262809422982132
0	0.0329556433794519
0	0.0262809422982132
0	0.0262809422982132
0	0.0262809422982132
0	0.0262809422982132
0	0.0262809422982132
0	0.0262809422982132
0	0.0264779405128693
0	0.0262809422982132
0	0.0262809422982132
0	0.0262809422982132
0	0.0262809422982132
0	0.0287445487423577
0	0.0262809422982132
0	0.0262809422982132
0	0.0262809422982132
0	0.144603112614465
0	0.0262809422982132
0	0.0262809422982132
0	0.249909655531883
0	0.0262809422982132
0	0.0262809422982132
0	0.0262809422982132
0	0.0262809422982132
0	0.0262809422982132
0	0.0264779405128693
0	0.0262809422982132
0	0.0262809422982132
0	0.0262809422982132
0	0.0262809422982132
0	0.0455362154701459
0	0.0262809422982132
0	0.0262809422982132
0	0.0262809422982132
0	0.0262809422982132
0	0.0262809422982132
0	0.0262809422982132
0	0.0262809422982132
0	0.175200701783775
0	0.0262809422982132
0	0.0262809422982132
0	0.0262809422982132
0	0.0262809422982132
0	0.0262809422982132
0	0.0262809422982132
0	0.036409430240875
0	0.0262809422982132
0	0.0262809422982132
0	0.0262809422982132
0	0.0262809422982132
0	0.0262809422982132
0	0.0262809422982132
0	0.0262809422982132
0	0.0262809422982132
0	0.0262809422982132
0	0.0262809422982132
0	0.128388448768751
0	0.036141284020468
0	0.0262809422982132
0	0.885561637231659
0	0.0262809422982132
0	0.0262809422982132
0	0.0262809422982132
0	0.0262809422982132
0	0.0319428366847666
0	0.0262809422982132
0	0.0372531661005234
0	0.0262809422982132
0	0.0262809422982132
0	0.0262809422982132
0	0.0262809422982132
0	0.0262809422982132
0	0.0262809422982132
0	0.0353012866303218
0	0.0262809422982132
0	0.0262809422982132
0	0.0262809422982132
0	0.0262809422982132
0	0.0262809422982132
0	0.0262809422982132
0	0.0262809422982132
0	0.0262809422982132
0	0.0262809422982132
0	0.0262809422982132
0	0.0654909077466959
0	0.0262809422982132
0	0.0262809422982132
0	0.0262809422982132
0	0.0262809422982132
0	0.0262809422982132
0	0.0349642797363266
0	0.0262809422982132
0	0.0262809422982132
0	0.0262809422982132
0	0.0262809422982132
0	0.0262809422982132
0	0.0262809422982132
0	0.0262809422982132
0	0.109657744314236
0	0.0701243226926574
0	0.0262809422982132
0	0.0262809422982132
0	0.0262809422982132
0	0.0262809422982132
0	0.0262809422982132
0	0.0262809422982132
0	0.0262809422982132
0	0.0262809422982132
0	0.0262809422982132
0	0.0262809422982132
0	0.0262809422982132
0	0.0264779405128693
0	0.0262809422982132
0	0.0262809422982132
0	0.0262809422982132
0	0.0262809422982132
0	0.0262809422982132
0	0.0443649064613173
0	0.0347472120876341
0	0.0262809422982132
0	0.0356413182757743
0	0.0262809422982132
0	0.0262809422982132
0	0.026738880303556
0	0.0262809422982132
0	0.0262809422982132
0	0.0262809422982132
0	0.0262809422982132
0	0.0262809422982132
0	0.0262809422982132
0	0.0264779405128693
0	0.0262809422982132
0	0.0262809422982132
0	0.0262809422982132
0	0.0273028171064906
0	0.0463555321359909
0	0.0262809422982132
0	0.0262809422982132
0	0.0262809422982132
0	0.0262809422982132
0	0.0262809422982132
0	0.0262809422982132
0	0.0882829302195371
0	0.0262809422982132
0	0.0262809422982132
0	0.0436700391228545
0	0.0262809422982132
0	0.0262809422982132
0	0.0262809422982132
0	0.0262809422982132
0	0.0262809422982132
0	0.0262809422982132
0	0.0262809422982132
0	0.0262809422982132
0	0.0262809422982132
0	0.0262809422982132
0	0.0262809422982132
0	0.0262809422982132
0	0.0262809422982132
0	0.0262809422982132
0	0.0262809422982132
0	0.0262809422982132
0	0.0262809422982132
0	0.0262809422982132
0	0.0262809422982132
0	0.0262809422982132
0	0.0262809422982132
0	0.0262809422982132
0	0.0262809422982132
0	0.0262809422982132
0	0.0262809422982132
0	0.0262809422982132
0	0.0262809422982132
0	0.0262809422982132
0	0.0262809422982132
0	0.0262809422982132
0	0.0262809422982132
0	0.0262809422982132
0	0.0262809422982132
0	0.0262809422982132
0	0.0262809422982132
0	0.0273028171064906
0	0.0264779405128693
0	0.0262809422982132
0	0.0262809422982132
0	0.0262809422982132
0	0.0262809422982132
0	0.0262809422982132
0	0.0262809422982132
0	0.0262809422982132
0	0.028725691974542
0	0.0262809422982132
0	0.0262809422982132
0	0.0262809422982132
0	0.0262809422982132
0	0.0393581427197381
0	0.0262809422982132
0	0.0262809422982132
0	0.0262809422982132
0	0.0262809422982132
0	0.0262809422982132
0	0.0262809422982132
0	0.0262809422982132
0	0.0262809422982132
0	0.316316338461562
0	0.0262809422982132
0	0.0262809422982132
0	0.0262809422982132
0	0.0366606918031356
0	0.0262809422982132
0	0.0262809422982132
0	0.0262809422982132
0	0.0262809422982132
0	0.0262809422982132
0	0.0262809422982132
0	0.0262809422982132
0	0.0262809422982132
0	0.0353012866303218
0	0.0262809422982132
0	0.0262809422982132
