1	0.999303015815285
1	0.662790341379067
1	0.952068963695236
1	0.978171889091961
1	0.921326949723964
1	0.989657464338001
1	0.965463794014682
1	0.973605984421034
1	0.986321786076942
1	0.999100456215771
1	0.999113899237412
1	0.962582154469955
1	0.997733255892785
1	0.997362465627315
1	0.999166213532822
1	0.984424462205969
1	0.379159461923518
1	0.0124391374869021
1	0.99528972832278
1	0.997259135342765
1	0.916050981521491
1	0.938734454901287
1	0.973127476055757
1	0.698313055613416
1	0.949048752471878
1	0.36658873059791
1	0.457501565518146
1	0.990930663732548
1	0.903980916081662
1	0.958423356019385
1	0.996721319893271
1	0.999695630568266
1	0.855622999995798
1	0.996066588314894
1	0.0124391374869021
1	0.99898641047365
1	0.998766665364111
1	0.998410665016526
1	0.998014056030472
1	0.997347127150448
1	0.994258468733477
1	0.999906355047525
1	0.999222666670011
1	0.0124391374869021
1	0.995487101401179
1	0.0138807239198794
1	0.991257171829951
1	0.0136022518724323
1	0.974239523715362
1	0.951161438939645
1	0.999513610689575
1	0.949032148802985
1	0.996437730463436
1	0.984098884316163
1	0.991405678787518
1	0.999917163613207
1	0.999642112972282
1	0.998479257992465
1	0.99576147066964
1	0.99746744781761
1	0.0124391374869021
1	0.998064638858951
1	0.949674674924288
1	0.999314062057677
1	0.998893841066127
1	0.983629424373705
1	0.0452385941035187
1	0.979041609664116
1	0.999111431106838
1	0.994957586778004
1	0.989577309945004
1	0.979964520978652
1	0.95459255755407
1	0.997365597273928
1	0.989518980111057
1	0.990350409365757
1	0.0124391374869021
1	0.996243904229813
1	0.847496733034318
1	0.999930619372218
1	0.410377558188737
1	0.983005303067235
1	0.956500532720111
1	0.882307235323206
1	0.968846458904257
1	0.998323630943564
1	0.988590339082706
1	0.0124391374869021
1	0.992856439069928
1	0.999972622927583
1	0.996187261786467
1	0.997009110338433
1	0.0124391374869021
1	0.990165826211358
1	0.996786033327612
1	0.999621100529823
1	0.982170012536566
1	0.96714906225224
1	0.998776131594533
1	0.984720385363934
1	0.986043273654461
1	0.998943910260154
1	0.999188814174092
1	0.0124391374869021
1	0.28474148826276
1	0.997125704207706
1	0.898368454170142
1	0.998253392010618
1	0.976789188191657
1	0.99411067240678
1	0.707414190958766
1	0.9633142073582
1	0.985131200533727
1	0.960672112713155
1	0.998792286194192
1	0.986155733675418
1	0.997310432491629
1	0.969931732102635
1	0.999671776397119
1	0.115810682622954
1	0.902561472532929
1	0.498992574456494
1	0.0124391374869021
1	0.990423403335621
1	0.928181718944443
1	0.976090802789648
1	0.979921663556256
1	0.993084892876136
1	0.999701370739278
1	0.0126608192238667
1	0.997173490325547
1	0.0124391374869021
1	0.995214793572016
1	0.756825476080843
1	0.0124391374869021
1	0.951546557537588
1	0.999957117708594
1	0.979594092482544
1	0.995832397618914
1	0.935208267127971
1	0.999845725648486
1	0.999198712382634
1	0.996908910120635
1	0.903634724880098
1	0.608672107611074
1	0.997962060533399
1	0.998010990842466
1	0.923741176940164
1	0.994771998018899
1	0.998125828602284
1	0.0124391374869021
1	0.998170433475265
1	0.0249471746549322
1	0.999439324697636
1	0.0138298994804475
1	0.999664105758029
1	0.999554851981946
1	0.997115278142614
1	0.999088374599605
1	0.962146642078167
1	0.989986409132006
1	0.947272492917256
1	0.999347017562769
1	0.993430023935346
1	0.37882952845833
1	0.00914628452243507
1	0.993308522640773
1	0.991939233556331
1	0.995201493929734
1	0.940910341510174
1	0.992487703942017
1	0.99802405577026
1	0.99945776510844
1	0.995633800098157
1	0.996122960858621
1	0.923668890878148
1	0.998689027705338
1	0.99069477876485
1	0.963726364911989
1	0.992701750715506
1	0.995617159106175
1	0.999662316667166
1	0.891904937356958
1	0.952495530139001
1	0.974461379431543
1	0.0113440260030974
1	0.988496842560338
1	0.980835453656215
1	0.0249471746549322
1	0.0124391374869021
1	0.997181869180184
1	0.0124391374869021
1	0.997272357121622
1	0.996152910470222
1	0.979166788678789
1	0.997205861495002
1	0.997557537105021
1	0.525054383977966
1	0.997569958864995
1	0.994548885662446
0	0.0124391374869021
0	0.0124391374869021
0	0.0297640860560476
0	0.0122961935899767
0	0.0194491404741934
0	0.0107378731306212
0	0.0164255412436129
0	0.0124391374869021
0	0.0126936823375012
0	0.00441288970666288
0	0.0124391374869021
0	0.00410310998655011
0	0.0124391374869021
0	0.012603171457176
0	0.0124391374869021
0	0.0169487817668418
0	0.0124391374869021
0	0.0124391374869021
0	0.0111809840091832
0	0.0124391374869021
0	0.0100134846294527
0	0.0115139394237331
0	0.0124391374869021
0	0.0124193680774291
0	0.0154070548184981
0	0.0138807239198794
0	0.0124391374869021
0	0.199768755810312
0	0.0132567602563511
0	0.0124391374869021
0	0.00964677529494822
0	0.0124391374869021
0	0.0776964772036436
0	0.00605788877811791
0	0.00893171807757623
0	0.0124391374869021
0	0.00605788877811791
0	0.0124391374869021
0	0.0138807239198794
0	0.0057197916762339
0	0.0211902358037325
0	0.0124391374869021
0	0.0124391374869021
0	0.0124391374869021
0	0.00868161009005159
0	0.629337146065072
0	0.0155247443288648
0	0.00581830258569224
0	0.0124391374869021
0	0.0124391374869021
0	0.0124391374869021
0	0.0111274842086451
0	0.0124391374869021
0	0.0143355836375897
0	0.0122630062436613
0	0.0111809840091832
0	0.0106134886800711
0	0.0124391374869021
0	0.00605788877811791
0	0.0124193680774291
0	0.0193586134832138
0	0.0104767838844435
0	0.00605788877811791
0	0.0182148096965531
0	0.03504690067698
0	0.176839186318214
0	0.00605788877811791
0	0.0124391374869021
0	0.00901263249490808
0	0.0171528753299678
0	0.00605788877811791
0	0.0136022518724323
0	0.0124391374869021
0	0.0124391374869021
0	0.0124391374869021
0	0.0124391374869021
0	0.0124391374869021
0	0.00901263249490808
0	0.0113779122005527
0	0.0066813856149399
0	0.00799610880718661
0	0.0124391374869021
0	0.00526449425276993
0	0.0111809840091832
0	0.0124391374869021
0	0.0160421770728716
0	0.00985855190495555
0	0.0101028899354337
0	0.00609263220407377
0	0.0124391374869021
0	0.0111809840091832
0	0.0124391374869021
0	0.0124391374869021
0	0.0105821958626633
0	0.0124391374869021
0	0.0124391374869021
0	0.00580285426194343
0	0.0124391374869021
0	0.00605788877811791
0	0.0124391374869021
0	0.0124391374869021
0	0.0124391374869021
0	0.0123796929279518
0	0.0124391374869021
0	0.0124391374869021
0	0.0124391374869021
0	0.0126004294680852
0	0.00795822074186299
0	0.00605788877811791
0	0.00391603449450106
0	0.0124391374869021
0	0.010520970780153
0	0.0124391374869021
0	0.00575566502232308
0	0.0124391374869021
0	0.0124391374869021
0	0.0558624432756841
0	0.0124391374869021
0	0.01019403749488
0	0.0219744150604698
0	0.0126204834116767
0	0.0124391374869021
0	0.0124391374869021
0	0.0124391374869021
0	0.0124391374869021
0	0.0124391374869021
0	0.0271532904555216
0	0.0124391374869021
0	0.00347341341214903
0	0.988355877807152
0	0.0124391374869021
0	0.572605760831743
0	0.0124391374869021
0	0.0124391374869021
0	0.0124391374869021
0	0.00795822074186299
0	0.0124391374869021
0	0.00605788877811791
0	0.0136022518724323
0	0.0124391374869021
0	0.0138807239198794
0	0.0124391374869021
0	0.0160271484880979
0	0.0139639271376696
0	0.0124391374869021
0	0.0124391374869021
0	0.0124391374869021
0	0.0124391374869021
0	0.00819230977574531
0	0.0197828051421211
0	0.0124391374869021
0	0.0566539551756655
0	0.0122127467945219
0	0.0119926020309098
0	0.0124391374869021
0	0.0124391374869021
0	0.0124391374869021
0	0.0124391374869021
0	0.0111809840091832
0	0.0124391374869021
0	0.0124193680774291
0	0.0124391374869021
0	0.022435428708725
0	0.0124391374869021
0	0.0297640860560476
0	0.0124391374869021
0	0.0124391374869021
0	0.0113779122005527
0	0.0124391374869021
0	0.0123796929279518
0	0.0107378731306212
0	0.00605788877811791
0	0.0187463039239862
0	0.0124391374869021
0	0.0102979029539194
0	0.00984428638755877
0	0.0201337522678397
0	0.0159386812770933
0	0.0121300271881368
0	0.0178638552181757
0	0.0124391374869021
0	0.0124391374869021
0	0.0124391374869021
0	0.00589957166954856
0	0.0124391374869021
0	0.0124391374869021
0	0.00795822074186299
0	0.0124391374869021
0	0.0124391374869021
0	0.0124391374869021
0	0.0124391374869021
0	0.0124391374869021
0	0.0124391374869021
0	0.0124391374869021
0	0.0123796929279518
0	0.0124391374869021
0	0.00547283707958863
0	0.0124391374869021
0	0.0124391374869021
0	0.00658757008624252
0	0.0124391374869021
0	0.0124391374869021
0	0.0973873701335705
0	0.0124391374869021
0	0.0124391374869021
0	0.0124391374869021
0	0.0128492285679923
0	0.0124391374869021
0	0.0124391374869021
0	0.0341114840829431
0	0.00819005952026882
0	0.0124391374869021
0	0.0124391374869021
0	0.0124391374869021
0	0.0182507294844854
0	0.0124391374869021
0	0.0124391374869021
0	0.0124391374869021
0	0.00434053356391887
0	0.0124391374869021
0	0.0143355836375897
0	0.00605788877811791
0	0.0124391374869021
0	0.0439133260830041
0	0.0126936823375012
0	0.00901263249490808
0	0.595997834645187
0	0.013896209631643
0	0.00698834685406809
0	0.0124391374869021
0	0.00677261240920373
0	0.0124391374869021
0	0.0124391374869021
0	0.0124391374869021
0	0.0124391374869021
0	0.0124391374869021
0	0.0124391374869021
0	0.0124391374869021
0	0.0124391374869021
0	0.0138003174888315
0	0.0124391374869021
0	0.0124391374869021
0	0.0131879301602053
0	0.0124391374869021
0	0.0372715219964849
0	0.00605788877811791
0	0.00504538626605142
0	0.0121600276664533
0	0.00532155858651791
0	0.0111809840091832
0	0.0124391374869021
0	0.0124391374869021
0	0.0124391374869021
0	0.0138741570437312
0	0.0077389747303574
0	0.0126204834116767
0	0.0131381185339649
0	0.0104213410315368
0	0.00554021738966006
0	0.0124391374869021
0	0.0687063502255072
0	0.0124391374869021
0	0.00900747617360447
0	0.0129670166078378
0	0.0124391374869021
0	0.0124391374869021
0	0.00946838289061037
0	0.0124391374869021
0	0.0124391374869021
0	0.0124391374869021
0	0.0124391374869021
0	0.0126204834116767
0	0.0129670166078378
0	0.0124391374869021
0	0.0124391374869021
0	0.0124391374869021
0	0.0123796929279518
0	0.0124391374869021
0	0.0124391374869021
0	0.00602875297813254
0	0.0124391374869021
0	0.0124391374869021
0	0.0317211021918974
0	0.0124391374869021
0	0.0143355836375897
0	0.0123796929279518
0	0.0124391374869021
0	0.0124391374869021
0	0.00605788877811791
0	0.0124391374869021
0	0.0159386812770933
0	0.0124391374869021
0	0.0121602695624164
0	0.0124391374869021
0	0.0124391374869021
0	0.00618667131760138
0	0.013896209631643
0	0.00411749012564954
0	0.0124391374869021
0	0.0124391374869021
0	0.0111809840091832
0	0.0136022518724323
0	0.0124391374869021
0	0.0124391374869021
0	0.0124391374869021
0	0.0124391374869021
0	0.0124391374869021
0	0.00824129455072699
0	0.010969594668232
0	0.0126936823375012
0	0.0113283191620025
0	0.00423433483492156
0	0.013896209631643
0	0.0138807239198794
0	0.00676008931879232
0	0.0124391374869021
0	0.0124391374869021
0	0.0132512036240821
0	0.0124391374869021
0	0.0124391374869021
0	0.0124391374869021
0	0.0159386812770933
0	0.0124391374869021
0	0.0124391374869021
0	0.020450365474705
0	0.062133119942614
0	0.0111809840091832
0	0.0124391374869021
0	0.00353422805051279
0	0.0152630814147034
0	0.0124193680774291
0	0.0168673659348497
0	0.0175268873575936
0	0.0256617699964298
0	0.0124391374869021
0	0.0159386812770933
0	0.00901263249490808
0	0.00605788877811791
0	0.0124391374869021
0	0.0124391374869021
0	0.0124391374869021
0	0.0183179909751928
0	0.0159386812770933
0	0.0123796929279518
0	0.0124391374869021
0	0.0124391374869021
0	0.0124391374869021
0	0.013896209631643
0	0.0124391374869021
0	0.00605788877811791
0	0.0190160671367665
0	0.0124391374869021
0	0.0124391374869021
0	0.0122566666824495
0	0.00852083915263691
0	0.0145769408940843
0	0.0124391374869021
0	0.0124391374869021
0	0.013896209631643
0	0.0111168959414635
0	0.0182148096965531
0	0.0151917814138603
0	0.0124391374869021
0	0.0138298994804475
0	0.0156033864342301
0	0.0124391374869021
0	0.0124391374869021
0	0.00569402486859059
0	0.0102101667464143
0	0.00608028846230253
0	0.0138802632663324
0	0.0111809840091832
0	0.0136022518724323
0	0.0124391374869021
0	0.0139763704809601
0	0.241401461933818
0	0.0124391374869021
0	0.0240540510253312
0	0.00605788877811791
0	0.0124391374869021
0	0.0124391374869021
0	0.0163524152233169
0	0.0124391374869021
0	0.0124391374869021
0	0.0124391374869021
0	0.0124391374869021
0	0.0267134248987197
0	0.013191829701701
0	0.00618267021799941
0	0.014050142740385
0	0.0124391374869021
0	0.0124391374869021
0	0.0124391374869021
0	0.0124391374869021
0	0.00901263249490808
0	0.0164992378459965
0	0.00553801669910475
0	0.00605788877811791
0	0.781150009964161
0	0.0123327085230768
0	0.0124391374869021
0	0.0124391374869021
0	0.0124391374869021
0	0.0124391374869021
0	0.0124391374869021
0	0.0124391374869021
0	0.0124391374869021
0	0.0121238345345477
0	0.0124391374869021
0	0.00795822074186299
0	0.0124391374869021
0	0.0124391374869021
0	0.0687706272092855
0	0.00605788877811791
0	0.0292843234690463
0	0.0124391374869021
0	0.0138130623430508
0	0.0124391374869021
0	0.0124391374869021
0	0.0124391374869021
0	0.0124391374869021
0	0.012510018252801
0	0.0131379190740272
0	0.0124391374869021
0	0.0159386812770933
0	0.0123796929279518
0	0.0111809840091832
0	0.0124193680774291
0	0.0130629115751197
0	0.0124193680774291
0	0.0124391374869021
0	0.0124391374869021
0	0.0124391374869021
0	0.0108807814379419
0	0.0335616326165307
0	0.0124391374869021
0	0.0209542969163279
0	0.00652691137957478
0	0.00421728187224321
0	0.0148538760068669
0	0.00837052093759153
0	0.013278220595674
0	0.00605788877811791
0	0.0124391374869021
0	0.00795822074186299
0	0.00786638925132736
0	0.0124391374869021
0	0.0124391374869021
0	0.0194310809776878
0	0.0124391374869021
0	0.0124391374869021
0	0.14941976159965
0	0.0124391374869021
0	0.00611722298751275
0	0.0124391374869021
0	0.0112459782908519
0	0.0247699520774249
0	0.0124391374869021
0	0.0124391374869021
0	0.0144694959017869
0	0.0124391374869021
0	0.0124391374869021
0	0.00972635327215245
0	0.0124391374869021
0	0.0276438002430697
0	0.0152487373625335
0	0.02330090421994
0	0.0124391374869021
0	0.0124391374869021
0	0.0124391374869021
0	0.0124391374869021
0	0.0144369381095296
0	0.0124391374869021
0	0.979834981894966
0	0.0124391374869021
0	0.00620673464047628
0	0.0124391374869021
0	0.0124391374869021
0	0.0159933921447292
0	0.00777631103972953
0	0.04323183648915
0	0.00901263249490808
0	0.0585335008167464
0	0.0183029610935024
0	0.0165557432579421
0	0.00632347843595448
0	0.0124391374869021
0	0.0124391374869021
0	0.00802226272664789
0	0.0128492285679923
0	0.0124391374869021
0	0.0124391374869021
0	0.0158732277759473
0	0.0124391374869021
0	0.0121720368005092
0	0.0124391374869021
0	0.0146253822990894
0	0.0124391374869021
0	0.0124391374869021
0	0.0124391374869021
0	0.0124391374869021
0	0.0124391374869021
0	0.0193965242771619
0	0.0124391374869021
0	0.0113044106802887
0	0.0124391374869021
0	0.0159386812770933
0	0.0124391374869021
0	0.0124391374869021
0	0.0124391374869021
0	0.0124391374869021
0	0.0124391374869021
0	0.0124391374869021
0	0.0111809840091832
0	0.0118988479844089
0	0.018459949245851
0	0.0121720368005092
0	0.0124391374869021
0	0.0124391374869021
0	0.00338986568356605
0	0.016436252104586
0	0.0111809840091832
0	0.0136022518724323
0	0.0124391374869021
0	0.0124391374869021
0	0.0111809840091832
0	0.0258071465775743
0	0.0124391374869021
0	0.0118988479844089
0	0.0124391374869021
0	0.0124391374869021
0	0.0124391374869021
0	0.00605788877811791
0	0.013414943861352
0	0.0159386812770933
0	0.0316701794633844
0	0.0109417688338345
0	0.0124391374869021
0	0.00718668926391968
0	0.0124391374869021
0	0.0127417180570948
0	0.0124391374869021
0	0.0124391374869021
0	0.0124391374869021
0	0.00901263249490808
0	0.0117786438868407
0	0.0124391374869021
0	0.0244167897731706
0	0.0124391374869021
0	0.0124391374869021
0	0.00648518601053356
0	0.0059269877676304
0	0.0124391374869021
0	0.0124391374869021
0	0.0124391374869021
0	0.0124391374869021
0	0.0159386812770933
0	0.0290959112598695
0	0.0124391374869021
0	0.0124391374869021
0	0.0124391374869021
0	0.0135982526198166
0	0.0124391374869021
0	0.0124391374869021
0	0.0124391374869021
0	0.0124391374869021
0	0.0131879301602053
0	0.105258619646159
0	0.0124391374869021
0	0.0124391374869021
0	0.0149115374094553
0	0.0124391374869021
0	0.018459949245851
0	0.0124391374869021
0	0.0124391374869021
0	0.0124391374869021
0	0.00585530660735514
0	0.0205342990608436
0	0.0115439677344697
0	0.0124391374869021
0	0.0705722447220054
0	0.0124391374869021
0	0.0365895104431403
0	0.0124391374869021
0	0.0124391374869021
0	0.0668757546392104
0	0.0124391374869021
0	0.00837052093759153
0	0.00234750699051361
0	0.0124391374869021
0	0.0124391374869021
0	0.0194491404741934
0	0.0143317040639448
0	0.0124391374869021
0	0.0124391374869021
0	0.0124391374869021
0	0.0124391374869021
0	0.0231843244723534
0	0.0124391374869021
0	0.0124391374869021
0	0.018459949245851
0	0.0145458616640003
0	0.0776036442437804
0	0.127495162449801
0	0.0124391374869021
0	0.0701873329761694
0	0.0182148096965531
0	0.0124391374869021
0	0.00673273802096799
0	0.0124391374869021
0	0.0124391374869021
0	0.0346818977895712
0	0.0124391374869021
0	0.0124391374869021
0	0.00605788877811791
0	0.00826473804471296
0	0.0124391374869021
0	0.00686977860229597
0	0.0124391374869021
0	0.0124391374869021
0	0.0124391374869021
0	0.0118988479844089
0	0.00605788877811791
0	0.013896209631643
0	0.0131879301602053
0	0.0124391374869021
0	0.00870604324030935
0	0.0132512036240821
0	0.0124391374869021
0	0.0840337859587258
0	0.0124391374869021
0	0.0124391374869021
0	0.00690125059734965
0	0.0124391374869021
0	0.0124391374869021
0	0.00462028169317944
0	0.0124391374869021
0	0.0124391374869021
0	0.0124391374869021
0	0.03504690067698
0	0.0124391374869021
0	0.0124391374869021
0	0.03504690067698
0	0.00874886386498903
0	0.0118303421870604
0	0.0124391374869021
0	0.00962727832334904
0	0.0124391374869021
0	0.0124391374869021
0	0.0059269877676304
0	0.0124391374869021
0	0.0124391374869021
0	0.0124391374869021
0	0.0124391374869021
0	0.0163741031594844
0	0.0124391374869021
0	0.0130218292717104
0	0.0124391374869021
0	0.0138586955616382
0	0.0124391374869021
0	0.00985855190495555
0	0.0124193680774291
0	0.0131519431034629
0	0.0124391374869021
0	0.0124391374869021
0	0.0166533331814631
0	0.0111809840091832
0	0.0124391374869021
0	0.0136022518724323
0	0.0124391374869021
0	0.00901263249490808
0	0.0124391374869021
0	0.0182148096965531
0	0.0124391374869021
0	0.0124391374869021
0	0.0124391374869021
0	0.0402989634161057
0	0.0124391374869021
0	0.016471885421152
0	0.0124391374869021
0	0.0124391374869021
0	0.0143346692469762
0	0.0124391374869021
0	0.00605788877811791
0	0.0124391374869021
0	0.0498107641211678
0	0.0124391374869021
0	0.0100724308505181
0	0.0124391374869021
0	0.00837052093759153
0	0.0195896857447509
0	0.00728273477236333
0	0.0297640860560476
0	0.0124391374869021
0	0.0124391374869021
0	0.0128182258374431
0	0.0124391374869021
0	0.0124391374869021
0	0.0215641076285401
0	0.0124391374869021
0	0.0119186765820704
0	0.0124391374869021
0	0.010565565256601
0	0.00605788877811791
0	0.0124391374869021
0	0.0159386812770933
0	0.00440577005170193
0	0.00605788877811791
0	0.0124391374869021
0	0.00971882901413199
0	0.0124391374869021
0	0.0124391374869021
0	0.0124391374869021
0	0.013896209631643
0	0.0124391374869021
0	0.0124391374869021
0	0.0124391374869021
0	0.0124193680774291
0	0.0124391374869021
0	0.0111809840091832
0	0.0068058555590426
0	0.0124391374869021
0	0.0124391374869021
0	0.0127122766856585
0	0.0123796929279518
0	0.0124391374869021
0	0.0134442272141465
0	0.0124391374869021
0	0.0048429816947493
0	0.0179823442822855
0	0.0111809840091832
0	0.0124193680774291
0	0.0149115374094553
0	0.274226039274403
0	0.104276924032921
0	0.0111809840091832
0	0.021075097293481
0	0.0124391374869021
0	0.0182148096965531
0	0.0124391374869021
0	0.0124391374869021
0	0.0124391374869021
0	0.0124391374869021
0	0.0250973442553644
0	0.0124391374869021
0	0.0124391374869021
0	0.0124391374869021
0	0.0124391374869021
0	0.0124391374869021
0	0.8067363863286
0	0.0164439257235897
0	0.00901263249490808
0	0.0195540880257002
0	0.0124391374869021
0	0.0305855239906656
0	0.00901263249490808
0	0.0124391374869021
0	0.00814025000758388
0	0.00677261240920373
0	0.0124391374869021
0	0.00537690001273997
0	0.0124391374869021
0	0.00901263249490808
0	0.012864655886251
0	0.014699923030796
0	0.0124391374869021
0	0.0124391374869021
0	0.00678201164895005
0	0.0124391374869021
0	0.0123796929279518
0	0.00832272029064792
0	0.0236911130695154
0	0.00579852000453895
0	0.0124391374869021
0	0.00618267021799941
0	0.0137344585440965
0	0.0124391374869021
0	0.0124391374869021
0	0.0124391374869021
0	0.0226207117752075
0	0.0124391374869021
0	0.0124391374869021
0	0.0059269877676304
0	0.0204544809906903
0	0.0124391374869021
0	0.0124391374869021
0	0.0124391374869021
0	0.0124391374869021
0	0.0124391374869021
0	0.00465292979759604
0	0.0124391374869021
0	0.00981131701414881
0	0.0124391374869021
0	0.00591012690624042
0	0.190480333488244
0	0.0124391374869021
0	0.0124391374869021
0	0.0197103690883098
0	0.0274112044605934
0	0.00605788877811791
0	0.0124391374869021
0	0.0124391374869021
0	0.00906214690554428
0	0.0100974890137141
0	0.00698834685406809
0	0.0169111171033848
0	0.0124391374869021
0	0.0124391374869021
0	0.0124391374869021
0	0.0124391374869021
0	0.018459949245851
0	0.0124391374869021
0	0.0124391374869021
0	0.00830297895711361
0	0.0124391374869021
0	0.0124391374869021
0	0.0124391374869021
0	0.0124391374869021
0	0.00553801669910475
0	0.0124391374869021
0	0.0194491404741934
0	0.0124391374869021
0	0.0124391374869021
0	0.0124193680774291
0	0.0241742334209758
0	0.020753871011033
0	0.0124391374869021
0	0.0124391374869021
0	0.0124391374869021
0	0.0124391374869021
0	0.0124391374869021
0	0.0124391374869021
0	0.00538269207599669
0	0.0080982100426262
0	0.0124391374869021
0	0.0124391374869021
0	0.0124391374869021
0	0.0059269877676304
0	0.0124391374869021
0	0.0124391374869021
0	0.0124391374869021
0	0.0123796929279518
0	0.0151934706360953
0	0.0184776576185333
0	0.0139639271376696
0	0.0124391374869021
0	0.0149115374094553
0	0.0124391374869021
0	0.0140162835755568
0	0.0124391374869021
0	0.00748116538910349
0	0.0124391374869021
0	0.0108204862285379
0	0.0124391374869021
0	0.00605788877811791
0	0.0270540859654624
0	0.0159353688587823
0	0.0124391374869021
0	0.0541088231425585
0	0.0124391374869021
0	0.0124391374869021
0	0.0124391374869021
0	0.0124391374869021
0	0.00290347858535803
0	0.0111809840091832
0	0.0140384495137593
0	0.0124391374869021
0	0.0124391374869021
0	0.011912732486487
0	0.0124391374869021
0	0.023508565154474
0	0.0124391374869021
0	0.012510018252801
0	0.0124391374869021
0	0.0159386812770933
0	0.00605788877811791
0	0.0124391374869021
0	0.0111809840091832
0	0.0191021861804549
0	0.0111223460126446
0	0.0124391374869021
0	0.0194491404741934
0	0.00572780202013231
0	0.0636687917594373
0	0.0124391374869021
0	0.289981610882539
0	0.0124391374869021
0	0.0124391374869021
0	0.0124391374869021
0	0.013896209631643
0	0.0124391374869021
0	0.0207092450692949
0	0.0124391374869021
0	0.0123796929279518
0	0.0124391374869021
0	0.0159386812770933
0	0.0124391374869021
0	0.0124391374869021
0	0.00605788877811791
0	0.00469908037238966
0	0.0321750763732254
0	0.0132170568257395
0	0.0124391374869021
0	0.0124391374869021
0	0.0124193680774291
0	0.0124391374869021
0	0.0157394262303672
0	0.0124391374869021
0	0.00535020576924249
0	0.00482721772876074
0	0.0124391374869021
0	0.0124391374869021
0	0.0124391374869021
0	0.0124391374869021
0	0.0124391374869021
0	0.012510018252801
0	0.0124391374869021
0	0.0124391374869021
0	0.0134712104776784
0	0.00795822074186299
0	0.0124391374869021
0	0.0124211846561856
0	0.0124391374869021
0	0.0124391374869021
0	0.0124391374869021
0	0.0193515676829302
0	0.0161295132793314
0	0.0123796929279518
0	0.0124391374869021
0	0.0121720368005092
0	0.0124391374869021
0	0.0111631915689665
0	0.0124391374869021
0	0.013896209631643
0	0.0138706984043363
0	0.00562122525414756
0	0.0124391374869021
0	0.0120257415311609
0	0.0124391374869021
0	0.0124391374869021
0	0.00777631103972953
0	0.0158732277759473
0	0.0178466330479938
0	0.0113779122005527
0	0.0194614449747335
0	0.0104053189071087
0	0.0132512036240821
0	0.013896209631643
0	0.017562946535891
0	0.0124391374869021
0	0.0124391374869021
0	0.0124391374869021
0	0.0124193680774291
0	0.0122663559307093
0	0.003773800268464
0	0.0124391374869021
0	0.00812182569468695
0	0.0124391374869021
0	0.0111809840091832
0	0.00797023649378567
0	0.0124391374869021
0	0.0124391374869021
0	0.013896209631643
0	0.0124391374869021
0	0.0429069955611766
0	0.0123796929279518
0	0.0124391374869021
0	0.0124391374869021
0	0.0124391374869021
0	0.0124391374869021
0	0.0124391374869021
0	0.0124391374869021
0	0.0124391374869021
0	0.0159386812770933
0	0.0124391374869021
0	0.0124391374869021
0	0.0169490922417378
0	0.0124391374869021
0	0.0158480881823045
0	0.0124391374869021
0	0.0124391374869021
0	0.0124391374869021
0	0.00677261240920373
0	0.0124391374869021
0	0.0124391374869021
0	0.0125250112363357
0	0.0111631915689665
0	0.00605788877811791
0	0.0125892981939562
0	0.0136022518724323
0	0.0159386812770933
0	0.0131876012515621
0	0.0124391374869021
0	0.0124391374869021
0	0.0124391374869021
0	0.0264057065087417
0	0.0124391374869021
0	0.0297640860560476
0	0.0105452317205473
0	0.0164587632847745
0	0.0124391374869021
0	0.0510579881095752
0	0.013896209631643
0	0.0124391374869021
0	0.0124391374869021
0	0.0124391374869021
0	0.0111809840091832
0	0.021515303974523
0	0.0124391374869021
0	0.0124391374869021
0	0.0124391374869021
0	0.0124391374869021
0	0.0163524152233169
0	0.0124391374869021
0	0.0159386812770933
0	0.0124391374869021
0	0.0125601832528964
0	0.0124391374869021
0	0.0124391374869021
0	0.217198640464584
0	0.012304364982076
0	0.0124391374869021
0	0.0124391374869021
0	0.0304533115439717
0	0.0136022518724323
0	0.0124391374869021
0	0.0124391374869021
0	0.00605788877811791
0	0.0124391374869021
0	0.0124391374869021
0	0.00744620475590961
0	0.0124391374869021
0	0.0124391374869021
0	0.013896209631643
0	0.0127015988511281
0	0.0124391374869021
0	0.805409739742553
0	0.0533612356825779
0	0.0111543903830021
0	0.0124391374869021
0	0.0124391374869021
0	0.118909380832526
0	0.0124391374869021
0	0.0124391374869021
0	0.0124391374869021
0	0.013896209631643
0	0.0141801427489728
0	0.0124391374869021
0	0.0124193680774291
0	0.0343158499761524
0	0.0124391374869021
0	0.0161228791206384
0	0.0124391374869021
0	0.0124391374869021
0	0.0161914222718949
0	0.0124391374869021
0	0.0124391374869021
0	0.0111809840091832
0	0.00605788877811791
0	0.0144891357424473
0	0.0140984944574993
0	0.0158732277759473
0	0.0124391374869021
0	0.00602862500456179
0	0.00456156470919399
0	0.0118303421870604
0	0.0124391374869021
0	0.012921119919427
0	0.0124391374869021
0	0.0124391374869021
0	0.0151808405261461
0	0.0124391374869021
0	0.0124391374869021
0	0.0159386812770933
0	0.00547596868534015
0	0.006405405707931
0	0.0124391374869021
0	0.0124391374869021
0	0.0135333447517572
0	0.0124391374869021
0	0.0044282242245592
0	0.0124391374869021
0	0.0124391374869021
0	0.0140984944574993
0	0.0141996060835839
0	0.0191363105477904
0	0.0203344912279483
0	0.0124391374869021
0	0.0124391374869021
0	0.0124391374869021
0	0.0135848557086781
0	0.0146957437554893
0	0.0044384153074228
0	0.0124391374869021
0	0.0124391374869021
0	0.00705037057398057
0	0.00795822074186299
0	0.0699147808159045
0	0.0124391374869021
0	0.0124391374869021
0	0.0124391374869021
0	0.0575875396257854
0	0.0757465017875357
0	0.0124391374869021
0	0.0124391374869021
0	0.0123796929279518
0	0.00602875297813254
0	0.0124391374869021
0	0.0123796929279518
0	0.0124391374869021
0	0.0124391374869021
0	0.0202566774443297
0	0.0124391374869021
0	0.0124391374869021
0	0.0124391374869021
0	0.0124391374869021
0	0.0136022518724323
0	0.0124391374869021
0	0.0124391374869021
0	0.0124391374869021
0	0.0456299616348366
0	0.0124391374869021
0	0.00698834685406809
0	0.0124391374869021
0	0.0124391374869021
0	0.0169457005348756
0	0.0240461282716952
0	0.0124391374869021
0	0.063720892973439
0	0.0124391374869021
0	0.0124391374869021
0	0.0124391374869021
0	0.0124391374869021
0	0.0124391374869021
0	0.0124391374869021
0	0.0124391374869021
0	0.0108807814379419
0	0.00661411588011375
0	0.0124391374869021
0	0.0124391374869021
0	0.0124391374869021
0	0.0124391374869021
0	0.0083209749823699
0	0.0124391374869021
0	0.013896209631643
0	0.00522271284358144
0	0.00261174485432162
0	0.0124391374869021
0	0.0194491404741934
0	0.0124391374869021
0	0.0115923073671953
0	0.0124391374869021
0	0.0136605844023072
0	0.0159386812770933
0	0.0124391374869021
0	0.011912732486487
0	0.0124391374869021
0	0.0124391374869021
0	0.0227108274583762
0	0.229244637749305
0	0.0124391374869021
0	0.0124391374869021
0	0.0124391374869021
0	0.0124391374869021
0	0.0124391374869021
0	0.0093180950472423
0	0.00795822074186299
0	0.0124391374869021
0	0.0132512036240821
0	0.0124391374869021
0	0.0994202643873421
0	0.012510018252801
0	0.0124391374869021
0	0.0124391374869021
0	0.0259046350118606
0	0.0111809840091832
0	0.0124391374869021
0	0.0124391374869021
0	0.0124391374869021
0	0.0124391374869021
0	0.0159386812770933
0	0.0124391374869021
0	0.0132512036240821
0	0.00816326879000849
0	0.0138706984043363
0	0.0124391374869021
0	0.0124391374869021
0	0.0144575848417134
0	0.00508683113701126
0	0.0093180950472423
0	0.00605788877811791
0	0.0177912666744889
0	0.0161197835274192
0	0.0124391374869021
0	0.0068058555590426
0	0.00881845079817185
0	0.157628250093441
0	0.0124391374869021
0	0.00565342680673413
0	0.0124391374869021
0	0.00792001800317316
0	0.0149115374094553
0	0.0124391374869021
0	0.0124391374869021
0	0.0124391374869021
0	0.0124391374869021
0	0.0124391374869021
0	0.0124391374869021
0	0.0121720368005092
0	0.0124391374869021
0	0.0124391374869021
0	0.0124749277795792
0	0.00369733015027911
0	0.0124391374869021
0	0.00823392587422204
0	0.0111274842086451
0	0.0124391374869021
0	0.00891214355064608
0	0.0124391374869021
0	0.0244555159242021
0	0.0111809840091832
0	0.0198172653171511
0	0.0124391374869021
0	0.00795822074186299
0	0.00901824321248831
0	0.0122011351573943
0	0.0138802632663324
0	0.0124391374869021
0	0.00348840290970358
0	0.0124391374869021
0	0.0124391374869021
0	0.0124391374869021
0	0.0124391374869021
0	0.0124391374869021
0	0.00578499159551623
0	0.0136022518724323
0	0.0159386812770933
0	0.0124193680774291
0	0.0124391374869021
0	0.0229813346200949
0	0.0124391374869021
0	0.0124391374869021
0	0.0124391374869021
0	0.0124391374869021
0	0.0124193680774291
0	0.0166551733705248
0	0.0124391374869021
0	0.00742310285538133
0	0.0124391374869021
0	0.013522138431204
0	0.0282605031335211
0	0.0305049795789959
0	0.0124391374869021
0	0.00538802605953302
0	0.0124391374869021
0	0.00777631103972953
0	0.00605788877811791
0	0.0108497222042939
0	0.0124391374869021
0	0.0164524084793443
0	0.0124391374869021
0	0.0353559273784423
0	0.0124391374869021
0	0.0104096924633458
0	0.0115923073671953
0	0.474604840135307
0	0.0238151954337763
0	0.0163524152233169
0	0.0124391374869021
0	0.00602875297813254
0	0.0124391374869021
0	0.0470152458577616
0	0.00795822074186299
0	0.0124391374869021
0	0.0124391374869021
0	0.0124391374869021
0	0.0124391374869021
0	0.0116244192346628
0	0.0122566666824495
0	0.0124391374869021
0	0.0124391374869021
0	0.0126204834116767
0	0.00865604888906476
0	0.0111223460126446
0	0.0124391374869021
0	0.00698834685406809
0	0.0123796929279518
0	0.0124391374869021
0	0.0117216855922743
0	0.0124391374869021
0	0.0124391374869021
0	0.0159386812770933
0	0.00901263249490808
0	0.0124391374869021
0	0.0124391374869021
0	0.0149115374094553
0	0.0046574326861584
0	0.97261601230566
0	0.0124391374869021
0	0.0124391374869021
0	0.0124391374869021
0	0.00914505352148811
0	0.0213108803560092
0	0.0124391374869021
0	0.0159386812770933
0	0.00901263249490808
0	0.0150555521059152
0	0.00819230977574531
0	0.0124391374869021
0	0.0613890202098264
0	0.0124391374869021
0	0.0113779122005527
0	0.0124391374869021
0	0.0124391374869021
0	0.0175339577990281
0	0.0159386812770933
0	0.0124391374869021
0	0.00998264859545749
0	0.0295603460932233
0	0.0140984944574993
0	0.0124391374869021
0	0.00719218794337957
0	0.0124391374869021
0	0.0124391374869021
0	0.0124391374869021
0	0.0124391374869021
0	0.0124391374869021
0	0.023340241425381
0	0.00906498259838008
0	0.0124391374869021
0	0.0124391374869021
0	0.0124391374869021
0	0.0124391374869021
0	0.0159386812770933
0	0.0124391374869021
0	0.0124391374869021
0	0.0124391374869021
0	0.0124391374869021
0	0.0124391374869021
0	0.0168252187790419
0	0.00547596868534015
0	0.0124391374869021
0	0.00605788877811791
0	0.00605788877811791
0	0.00901263249490808
0	0.0124391374869021
0	0.0182148096965531
0	0.00605788877811791
0	0.00642505168016163
0	0.0124391374869021
0	0.0124391374869021
0	0.0093582295034859
0	0.0124391374869021
0	0.0124391374869021
0	0.28453254200747
0	0.00605788877811791
0	0.0160439768038765
0	0.0124391374869021
0	0.0124391374869021
0	0.0124391374869021
0	0.0131227210975168
0	0.0124391374869021
0	0.0130408656170853
0	0.0124391374869021
0	0.00698834685406809
0	0.0182148096965531
0	0.0124391374869021
0	0.0124391374869021
0	0.00942735471843576
0	0.00943478719661399
0	0.0236128474399314
0	0.0141734893910229
0	0.0124391374869021
0	0.0138298994804475
0	0.0124391374869021
0	0.00605788877811791
0	0.0124391374869021
0	0.0124391374869021
0	0.00835168943105156
0	0.0124391374869021
0	0.00748059837966074
0	0.0124391374869021
0	0.0124391374869021
0	0.0151765615267279
0	0.00605788877811791
0	0.0124391374869021
0	0.0121720368005092
0	0.0124391374869021
0	0.0124391374869021
0	0.0183722675073797
0	0.0128735238780775
0	0.0473254693762301
0	0.0124391374869021
0	0.0124391374869021
0	0.0131559557810462
0	0.013896209631643
0	0.0124391374869021
0	0.0254796427817903
0	0.00900949707639376
0	0.0124391374869021
0	0.016035099689908
0	0.0124391374869021
0	0.0124391374869021
0	0.0354849410170506
0	0.0124391374869021
0	0.0124391374869021
0	0.0124391374869021
0	0.0124391374869021
0	0.0124391374869021
0	0.0158732277759473
0	0.0124391374869021
0	0.00745787033888912
0	0.00391613808250072
0	0.0124391374869021
0	0.00992594376555779
0	0.0152627996241891
0	0.0124391374869021
0	0.0124391374869021
0	0.00795822074186299
0	0.0341960255275353
0	0.0124391374869021
0	0.0146896593713275
0	0.0159386812770933
0	0.0123796929279518
0	0.0124391374869021
0	0.0124391374869021
0	0.00837052093759153
0	0.016720369442874
0	0.0124391374869021
0	0.0124391374869021
0	0.0124391374869021
0	0.0109170951756215
0	0.012500093122034
0	0.013896209631643
0	0.0124391374869021
0	0.021531014448317
0	0.0141801427489728
0	0.00408787584924049
0	0.0124391374869021
0	0.0124391374869021
0	0.0124391374869021
0	0.0124391374869021
0	0.0124391374869021
0	0.0122566666824495
0	0.0124391374869021
0	0.0124391374869021
0	0.0124391374869021
0	0.00901263249490808
0	0.0136660673316048
0	0.00820159665091153
0	0.0124391374869021
0	0.0124391374869021
0	0.0124391374869021
0	0.00605788877811791
0	0.00543974577715131
0	0.0161824018964326
0	0.0124391374869021
0	0.0122566666824495
0	0.0124391374869021
0	0.0124391374869021
0	0.0124391374869021
0	0.0124391374869021
0	0.0136022518724323
0	0.00585530660735514
0	0.184328311868518
0	0.0124391374869021
0	0.00605788877811791
0	0.0111809840091832
0	0.0124391374869021
0	0.988678971750566
0	0.0123796929279518
0	0.0146283610504513
0	0.0124391374869021
0	0.0124391374869021
0	0.0124391374869021
0	0.0124391374869021
0	0.0124391374869021
0	0.0138741570437312
0	0.0113779122005527
0	0.00812190584951857
0	0.0124193680774291
0	0.0124391374869021
0	0.0124391374869021
0	0.00605788877811791
0	0.0483794498301796
0	0.0124391374869021
0	0.0199829521752088
0	0.0124704121312773
0	0.0138741570437312
0	0.0100974890137141
0	0.0124391374869021
0	0.0124391374869021
0	0.0124391374869021
0	0.0124391374869021
0	0.0068273334416515
0	0.0124391374869021
0	0.0250378304834772
0	0.00605788877811791
0	0.0124391374869021
0	0.0124391374869021
0	0.0194491404741934
0	0.0124391374869021
0	0.0124391374869021
0	0.0124391374869021
0	0.0124391374869021
0	0.0124391374869021
0	0.0111809840091832
0	0.0113752891222364
0	0.0124391374869021
0	0.00602875297813254
0	0.00605788877811791
0	0.0124391374869021
0	0.0649232600864727
0	0.0124391374869021
0	0.0351641760362833
0	0.0132512036240821
0	0.0121720368005092
0	0.0111809840091832
0	0.0124391374869021
0	0.00505087607791031
0	0.0124391374869021
0	0.00605788877811791
0	0.0124391374869021
0	0.0124193680774291
0	0.0124391374869021
0	0.0124391374869021
0	0.00991873595579865
0	0.0124391374869021
0	0.00605788877811791
0	0.0212536146504778
0	0.0132630203977673
0	0.0124391374869021
0	0.0124391374869021
0	0.017373389547637
0	0.00533710788061077
0	0.0124391374869021
0	0.0124391374869021
0	0.0124391374869021
0	0.0128479267462381
0	0.0074440759074653
0	0.00607403453682059
0	0.0177982885342403
0	0.0124391374869021
0	0.0124391374869021
0	0.0153157537570981
0	0.0124391374869021
0	0.0124391374869021
0	0.0111062722731112
0	0.0262976936994453
0	0.0204335056117469
0	0.0124391374869021
0	0.0124391374869021
0	0.0173228504139738
0	0.0124391374869021
0	0.0124391374869021
0	0.00831395256024181
0	0.0124391374869021
0	0.0124391374869021
0	0.00362615340516342
0	0.0124391374869021
0	0.0124391374869021
0	0.00605788877811791
0	0.00544472253844348
0	0.00605788877811791
0	0.0159386812770933
0	0.0128182258374431
0	0.0120257415311609
0	0.0124391374869021
0	0.0124391374869021
0	0.0124391374869021
0	0.00303330980190636
0	0.00956215808988577
0	0.0124391374869021
0	0.0124391374869021
0	0.0124391374869021
0	0.0136022518724323
0	0.00795822074186299
0	0.00482582601607668
0	0.0123373553783546
0	0.00749672886082598
0	0.0136876956814337
0	0.00822583737027519
0	0.0124391374869021
0	0.0297640860560476
0	0.00544160870401652
0	0.0124391374869021
0	0.0124391374869021
0	0.0124391374869021
0	0.020753871011033
0	0.00618267021799941
0	0.0176034922535894
0	0.0124391374869021
0	0.0124391374869021
0	0.0124391374869021
0	0.0124391374869021
0	0.0139889195008165
0	0.0124391374869021
0	0.0120257415311609
0	0.0124391374869021
0	0.0124391374869021
0	0.0124391374869021
0	0.0124391374869021
0	0.0121600276664533
0	0.0124938779312234
0	0.0311161810215045
0	0.0124391374869021
0	0.0124391374869021
0	0.0124391374869021
0	0.0175483269801086
0	0.0124391374869021
0	0.0124391374869021
0	0.0124391374869021
0	0.0124391374869021
0	0.0120846893525976
0	0.0197007302911081
0	0.0244171211724447
0	0.00795822074186299
0	0.0124391374869021
0	0.00827363014103286
0	0.0102101667464143
0	0.0126735135737798
0	0.00605788877811791
0	0.0124391374869021
0	0.0129336363514598
0	0.0228270997709709
0	0.0131508732532682
0	0.0124391374869021
0	0.0124391374869021
0	0.0124391374869021
0	0.0132512036240821
0	0.00683833370331976
0	0.0124391374869021
0	0.0205775976348148
0	0.0124391374869021
0	0.0141801427489728
0	0.0124391374869021
0	0.0124391374869021
0	0.0124391374869021
0	0.0124391374869021
0	0.0124391374869021
0	0.0124391374869021
0	0.00901263249490808
0	0.0178068883315768
0	0.0124391374869021
0	0.0124391374869021
0	0.0124391374869021
0	0.0124391374869021
0	0.0124391374869021
0	0.0128492285679923
0	0.0124391374869021
0	0.0145555599724986
0	0.00605788877811791
0	0.0124391374869021
0	0.0124391374869021
0	0.0124391374869021
0	0.0111809840091832
0	0.0124391374869021
0	0.0121720368005092
0	0.0124391374869021
0	0.00594470493327377
0	0.0124391374869021
0	0.0159386812770933
0	0.0170214249399
0	0.0124391374869021
0	0.0169490922417378
0	0.0124391374869021
0	0.0041473319013302
0	0.0124391374869021
0	0.0138741570437312
0	0.0151810790195339
0	0.0124391374869021
0	0.0124391374869021
0	0.0124391374869021
0	0.0132301608952351
0	0.00759473977338776
0	0.011039662589982
0	0.00537690001273997
0	0.0124193680774291
0	0.0124391374869021
0	0.0124391374869021
0	0.823775949923648
0	0.00959655765129172
0	0.0309418849119446
0	0.0152514068346746
0	0.0126204834116767
0	0.0159386812770933
0	0.00502676007808618
0	0.0124391374869021
0	0.0124391374869021
0	0.0124391374869021
0	0.0124391374869021
0	0.0247218089622831
0	0.0124391374869021
0	0.0168968778839765
0	0.0124391374869021
0	0.0176089853017147
0	0.0124391374869021
0	0.0124391374869021
0	0.0124391374869021
0	0.0169056443752701
0	0.016720369442874
0	0.0045046166761382
0	0.00491517960108389
0	0.00196941085452291
0	0.0110487839465674
0	0.0124391374869021
0	0.00837052093759153
0	0.0124391374869021
0	0.0124925452344376
0	0.0124391374869021
0	0.0124391374869021
0	0.0124193680774291
0	0.0124391374869021
0	0.0124391374869021
0	0.0124391374869021
0	0.0124391374869021
0	0.0124391374869021
0	0.00473009102543915
0	0.018459949245851
0	0.0132630203977673
0	0.0124391374869021
0	0.0124391374869021
0	0.0124391374869021
0	0.0124391374869021
0	0.0093180950472423
0	0.0124391374869021
0	0.0124391374869021
0	0.0124391374869021
0	0.0200163611353058
0	0.0124391374869021
0	0.0124391374869021
0	0.0124391374869021
0	0.0124391374869021
0	0.00795822074186299
0	0.0124391374869021
0	0.0124391374869021
0	0.00783501627420438
0	0.0124391374869021
0	0.0124391374869021
0	0.00361291279817714
0	0.00520365287543869
0	0.0124391374869021
0	0.0124391374869021
0	0.0124391374869021
0	0.0496372027096428
0	0.015877804268989
0	0.00605788877811791
0	0.0124391374869021
0	0.0124391374869021
0	0.0124391374869021
0	0.0124391374869021
0	0.0304533115439717
0	0.0155828112789438
0	0.0124391374869021
0	0.0059269877676304
0	0.0122169108917394
0	0.0124391374869021
0	0.0158732277759473
0	0.0124391374869021
0	0.0159386812770933
0	0.0297640860560476
0	0.0124391374869021
0	0.00901263249490808
0	0.0194491404741934
0	0.0124391374869021
0	0.00758384915021017
0	0.0124391374869021
0	0.00622408101684858
0	0.0124391374869021
0	0.00646630899036891
0	0.0221659430591448
0	0.0103744635167025
0	0.0124391374869021
0	0.0124391374869021
0	0.0124391374869021
0	0.0124391374869021
0	0.0124391374869021
0	0.00837052093759153
0	0.0307921860802978
0	0.0124391374869021
0	0.0124391374869021
0	0.0124391374869021
0	0.028036115074852
0	0.0124391374869021
0	0.0121720368005092
0	0.0124391374869021
0	0.0124193680774291
0	0.00760082672616318
0	0.0124391374869021
0	0.00978191686735854
0	0.0124391374869021
0	0.0087121066748992
0	0.0124391374869021
0	0.015124840987462
0	0.00847198813890937
0	0.00635979339629022
0	0.0124391374869021
0	0.0067593696258041
0	0.0124391374869021
0	0.0124391374869021
0	0.0124391374869021
0	0.00544160870401652
0	0.0161295132793314
0	0.00693446668112515
0	0.00328764704174424
0	0.0124391374869021
0	0.0124391374869021
0	0.0124391374869021
0	0.0124391374869021
0	0.0124391374869021
0	0.0124391374869021
0	0.0124391374869021
0	0.0124193680774291
0	0.0100538679007498
0	0.00484265798960253
0	0.0124391374869021
0	0.0124391374869021
0	0.0113779122005527
0	0.0956785732558979
0	0.0124391374869021
0	0.0124391374869021
0	0.0124391374869021
0	0.0136540578218882
0	0.0124391374869021
0	0.0124391374869021
0	0.0124391374869021
0	0.00605788877811791
0	0.0124391374869021
0	0.0111809840091832
0	0.0124391374869021
0	0.0124391374869021
0	0.0124391374869021
0	0.0085415252233073
0	0.0124391374869021
0	0.0123796929279518
0	0.0124391374869021
0	0.0124391374869021
0	0.0108905077151326
0	0.0124391374869021
0	0.0136022518724323
0	0.0124391374869021
0	0.0124391374869021
0	0.00602321441753106
0	0.013896209631643
0	0.00375372385978191
0	0.00495940195127052
0	0.0124391374869021
0	0.0124391374869021
0	0.0122566666824495
0	0.0124391374869021
0	0.013896209631643
0	0.0124391374869021
0	0.0124391374869021
0	0.0136022518724323
0	0.0249012047112268
0	0.00347341341214903
0	0.00891937388558977
0	0.0124391374869021
0	0.0124391374869021
0	0.0124391374869021
0	0.0156989396133384
0	0.0108807814379419
0	0.00752075275475
0	0.0124391374869021
0	0.0128492285679923
0	0.364142127288503
0	0.0929061265134667
0	0.0124391374869021
0	0.0143355836375897
0	0.00396366436699804
0	0.0124391374869021
0	0.0124391374869021
0	0.0124391374869021
0	0.0132262990734117
0	0.0124391374869021
0	0.0124391374869021
0	0.00714039371987536
0	0.0124391374869021
0	0.0124391374869021
0	0.0124391374869021
0	0.00901263249490808
0	0.0124391374869021
0	0.0153579076551372
0	0.0194827952163454
0	0.0126204834116767
0	0.0124391374869021
0	0.0124391374869021
0	0.0342061788263441
0	0.00952301009324808
0	0.0159386812770933
0	0.0124391374869021
0	0.013896209631643
0	0.0124391374869021
0	0.0124391374869021
0	0.0124391374869021
0	0.0124391374869021
0	0.0124391374869021
0	0.464038629501279
0	0.0124391374869021
0	0.012510018252801
0	0.0124391374869021
0	0.0159386812770933
0	0.00605788877811791
0	0.0136022518724323
0	0.0135982526198166
0	0.00820918379491839
0	0.0126204834116767
0	0.0124391374869021
0	0.0384992333727682
0	0.0124391374869021
0	0.0124391374869021
0	0.0124391374869021
0	0.00686910510552699
0	0.0121720368005092
0	0.0124391374869021
0	0.0124391374869021
0	0.0124391374869021
0	0.0124391374869021
0	0.0124391374869021
0	0.0124391374869021
0	0.00236094889988431
0	0.0124391374869021
0	0.0124391374869021
0	0.0124391374869021
0	0.0159386812770933
0	0.0111846847106638
0	0.00795822074186299
0	0.0124391374869021
0	0.0124391374869021
0	0.0124391374869021
0	0.0124391374869021
0	0.0124391374869021
0	0.0124391374869021
0	0.0124391374869021
0	0.010547558393292
0	0.0117634453761706
0	0.0124391374869021
0	0.00901263249490808
0	0.0121720368005092
0	0.0124391374869021
0	0.00901263249490808
0	0.0124391374869021
0	0.0111809840091832
0	0.0124391374869021
0	0.0124391374869021
0	0.0124193680774291
0	0.0124391374869021
0	0.0124391374869021
0	0.0118977957058445
0	0.0124391374869021
0	0.0124391374869021
0	0.00674006241085372
0	0.0122011351573943
0	0.0124391374869021
0	0.0124391374869021
0	0.0124193680774291
0	0.0275267746040805
0	0.0121526866679539
0	0.0124391374869021
0	0.0118988479844089
0	0.0124391374869021
0	0.0124391374869021
0	0.0566703249178294
0	0.0124391374869021
0	0.00589262134943791
0	0.0203344912279483
0	0.00901263249490808
0	0.0084922031204916
0	0.0124391374869021
0	0.00715182080153452
0	0.00830992381767427
0	0.0124391374869021
0	0.11567158250616
0	0.0124391374869021
0	0.0124391374869021
0	0.0124391374869021
0	0.0124391374869021
0	0.0064490738356254
0	0.0124391374869021
0	0.0124391374869021
0	0.0323232438878256
0	0.00605788877811791
0	0.0124391374869021
0	0.75013276024589
0	0.0118336251021879
0	0.013896209631643
0	0.0124391374869021
0	0.0121600276664533
0	0.0124391374869021
0	0.0124391374869021
0	0.0124391374869021
0	0.0124391374869021
0	0.0124391374869021
0	0.0124391374869021
0	0.0124391374869021
0	0.0124193680774291
0	0.0124391374869021
0	0.0106052850265839
0	0.0124391374869021
0	0.0124391374869021
