1	0.128976051890334
1	0.480846054961968
1	0.996636567095679
1	0.990395404880975
1	0.997025931678781
1	0.636018952004592
1	0.380061898404545
1	0.934744174121513
1	0.937407623834981
1	0.993814878070341
1	0.653193584605126
1	0.960643927078095
1	0.829843534649071
1	0.991045565084443
1	0.993813273684705
1	0.111103866271489
1	0.0835717413847656
1	0.0138994716712576
1	0.964652374588251
1	0.979987448695346
1	0.719049106851231
1	0.929393633680999
1	0.344449470550706
1	0.573840995775667
1	0.993788950665064
1	0.23983898030952
1	0.989661767324539
1	0.792731454019255
1	0.995435023127516
1	0.996948589315146
1	0.987641528287614
1	0.27031736776069
1	0.847309102523083
1	0.972051115738424
1	0.142751862463654
1	0.959567601990059
1	0.0347709326363267
1	0.992657256631088
1	0.109533445289391
1	0.0138994716712576
1	0.30264782229576
1	0.937275625867125
1	0.398558492777726
1	0.833400072768257
1	0.0815540626178278
1	0.987983697304309
1	0.991339042252679
1	0.0773515344099534
1	0.978526762448714
1	0.985225486849367
1	0.435157889027961
1	0.984239910050983
1	0.130798357521936
1	0.968566660386787
1	0.621226397107468
1	0.337771155810824
1	0.977314223067126
1	0.892590529088526
1	0.312973294411816
1	0.412357333383035
1	0.549884709864117
1	0.859844737767271
1	0.940562450643957
1	0.495474860623606
1	0.973010172717372
1	0.128895451194961
1	0.268025907007478
1	0.441352765429605
1	0.0273396877244617
1	0.496807356571835
1	0.808691865651215
1	0.591376947993331
1	0.870142839375325
1	0.866263221037331
1	0.231769248812271
1	0.994082726683849
1	0.751963408060474
1	0.94890670130455
1	0.992240814196852
1	0.968033315619832
1	0.993702891711695
1	0.965741392962169
1	0.324075317610373
1	0.539439377720729
1	0.956591267191996
1	0.942088978481424
1	0.910818643869868
1	0.979582775279904
1	0.993121880905858
1	0.97964917699271
1	0.689902889781972
1	0.991132761532205
1	0.627324561019397
1	0.106309097915355
1	0.496531529293358
1	0.956576596429997
1	0.978216973546593
1	0.988315362427154
1	0.991774713993907
1	0.0263908853772802
1	0.794760889192058
1	0.638639818197928
1	0.970558490342709
1	0.985225753795928
1	0.991531942549066
1	0.755617106844709
1	0.225200251075079
1	0.927560204397254
1	0.668669864292274
1	0.0138994716712576
1	0.192824519516578
1	0.290629322594643
1	0.992035667249817
1	0.988652024407086
1	0.815033381761926
1	0.334756337750798
1	0.0913219808229507
1	0.975760353829992
1	0.112901499095171
1	0.90955984679382
1	0.0179256421631511
1	0.97031229438529
1	0.175456174346478
1	0.952989588570719
1	0.839113092385583
1	0.996449392618488
1	0.995059209388261
1	0.984602665563041
1	0.992619354609017
1	0.98316058212172
1	0.972912815383871
1	0.920282568632468
1	0.983592220992114
1	0.957503299091442
1	0.995496209513451
1	0.402232396559131
1	0.985501833136897
1	0.96742053708331
1	0.992567458468072
1	0.909226685402962
1	0.987942207954193
1	0.45661728634628
1	0.996518350284197
1	0.720586851613156
1	0.461681343189278
1	0.623230017187371
1	0.648069297906787
1	0.99396530652654
1	0.914160934906777
1	0.832609091717576
1	0.991717370124352
1	0.179306783611914
1	0.114283730823863
1	0.993748706156532
1	0.98626978223416
1	0.916179281222306
1	0.68795897462267
1	0.993169546459389
1	0.789129582557321
1	0.953874039725943
1	0.995577085499492
1	0.484666347407007
1	0.820719328560454
1	0.382030919974836
1	0.995394100522228
1	0.876817921216269
1	0.788310170058769
1	0.81168452420087
1	0.0333227896726278
1	0.0926336167801211
1	0.948384905883366
1	0.521724956346925
1	0.994875425568921
1	0.380218472478101
1	0.259445075332325
1	0.178859219095186
1	0.993881162642286
1	0.901560878485565
1	0.657703646332343
1	0.860587283549023
1	0.942123745898656
1	0.942848478087
1	0.989888842670053
1	0.508758900838978
1	0.935781619315819
1	0.975155864657978
1	0.83833061542146
1	0.99235583599643
1	0.912327707591032
1	0.380797088218311
1	0.880625248457008
1	0.976814976737603
1	0.578788611708002
1	0.129853217072115
1	0.971485940452941
1	0.459274115514052
1	0.972600282821235
1	0.434819803016541
1	0.966100818332176
1	0.971955190321734
0	0.0138994716712576
0	0.0253286829948965
0	0.0138994716712576
0	0.0138994716712576
0	0.0138994716712576
0	0.0138994716712576
0	0.0138994716712576
0	0.0229007300797405
0	0.0138994716712576
0	0.0138994716712576
0	0.0138994716712576
0	0.0138994716712576
0	0.0554297736041342
0	0.0138994716712576
0	0.0138994716712576
0	0.0150013370271513
0	0.018911800820586
0	0.0138994716712576
0	0.0138994716712576
0	0.0656745638099351
0	0.0138994716712576
0	0.0162413068683104
0	0.0138994716712576
0	0.0138994716712576
0	0.0138994716712576
0	0.0211865274577748
0	0.0138994716712576
0	0.0138994716712576
0	0.0160075249257433
0	0.0303708869699013
0	0.0138994716712576
0	0.0138994716712576
0	0.0138994716712576
0	0.0138994716712576
0	0.0138994716712576
0	0.0138994716712576
0	0.0229007300797405
0	0.0138994716712576
0	0.0211023340394057
0	0.0153886417232986
0	0.0138994716712576
0	0.0138994716712576
0	0.0138994716712576
0	0.0138994716712576
0	0.0138994716712576
0	0.0138994716712576
0	0.0138994716712576
0	0.0138994716712576
0	0.0138994716712576
0	0.0138994716712576
0	0.0138994716712576
0	0.0138994716712576
0	0.0178713497706474
0	0.0138994716712576
0	0.0138994716712576
0	0.0138994716712576
0	0.0335236371669742
0	0.0235287150113741
0	0.0138994716712576
0	0.0261545191283026
0	0.0155041951555259
0	0.0138994716712576
0	0.0155041951555259
0	0.014924365000815
0	0.0162413068683104
0	0.0138994716712576
0	0.0138994716712576
0	0.0138994716712576
0	0.0158519109445861
0	0.0138994716712576
0	0.0138994716712576
0	0.0138994716712576
0	0.017297685080714
0	0.0138994716712576
0	0.0185165234978926
0	0.014931658030311
0	0.0138994716712576
0	0.0138994716712576
0	0.0138994716712576
0	0.0138994716712576
0	0.0140383942625773
0	0.0138994716712576
0	0.0138994716712576
0	0.0140383942625773
0	0.0138994716712576
0	0.0313020666577358
0	0.0138994716712576
0	0.0138994716712576
0	0.0138994716712576
0	0.0138994716712576
0	0.0138994716712576
0	0.0138994716712576
0	0.0138994716712576
0	0.0138994716712576
0	0.017293538476816
0	0.0138994716712576
0	0.0138994716712576
0	0.0149162938463482
0	0.0896296079776628
0	0.0138994716712576
0	0.0138994716712576
0	0.0138994716712576
0	0.0138994716712576
0	0.0138994716712576
0	0.0138994716712576
0	0.0133492440788871
0	0.0310335823409916
0	0.0138994716712576
0	0.0150652241178993
0	0.151587433538321
0	0.0138994716712576
0	0.0138994716712576
0	0.017297685080714
0	0.0138994716712576
0	0.0147840283335763
0	0.0138994716712576
0	0.017293538476816
0	0.0138994716712576
0	0.035831906825464
0	0.0295046495633228
0	0.0138994716712576
0	0.0211865274577748
0	0.0138994716712576
0	0.0138994716712576
0	0.0138994716712576
0	0.0138994716712576
0	0.0138994716712576
0	0.0138994716712576
0	0.0138994716712576
0	0.0138994716712576
0	0.0138994716712576
0	0.0138994716712576
0	0.017293538476816
0	0.0138994716712576
0	0.0138994716712576
0	0.0138994716712576
0	0.0357099816994554
0	0.0138994716712576
0	0.0169690776866731
0	0.0138994716712576
0	0.0138994716712576
0	0.0826601239700393
0	0.0138994716712576
0	0.0150652241178993
0	0.0138994716712576
0	0.0138994716712576
0	0.0138994716712576
0	0.0138994716712576
0	0.0138994716712576
0	0.0138994716712576
0	0.0149162938463482
0	0.0171311632847767
0	0.0138994716712576
0	0.518029349218723
0	0.014857256923688
0	0.0399769075533005
0	0.0138994716712576
0	0.0138994716712576
0	0.0138994716712576
0	0.0138994716712576
0	0.0138994716712576
0	0.0264112443269697
0	0.0138994716712576
0	0.0138994716712576
0	0.0138994716712576
0	0.0138994716712576
0	0.0138994716712576
0	0.0138994716712576
0	0.0138994716712576
0	0.0138994716712576
0	0.0138994716712576
0	0.0138994716712576
0	0.0245596431469748
0	0.017293538476816
0	0.0138994716712576
0	0.0138994716712576
0	0.0211865274577748
0	0.0191564908154982
0	0.0138994716712576
0	0.0280032467458733
0	0.0138994716712576
0	0.0138994716712576
0	0.0158519109445861
0	0.0753659280723873
0	0.0138994716712576
0	0.0138994716712576
0	0.0295046495633228
0	0.0138994716712576
0	0.0138994716712576
0	0.0153886417232986
0	0.017297685080714
0	0.0138994716712576
0	0.0138994716712576
0	0.0138994716712576
0	0.0138994716712576
0	0.0164804085843962
0	0.0138994716712576
0	0.0138994716712576
0	0.0191438668487276
0	0.0138994716712576
0	0.0401745232114733
0	0.0138994716712576
0	0.0140383942625773
0	0.0184341095324787
0	0.0492711032649707
0	0.0138994716712576
0	0.0138994716712576
0	0.0138994716712576
0	0.0138994716712576
0	0.0138994716712576
0	0.0138994716712576
0	0.0138994716712576
0	0.0158519109445861
0	0.0138994716712576
0	0.017293538476816
0	0.0138994716712576
0	0.0138994716712576
0	0.0138994716712576
0	0.0197552991564465
0	0.0138994716712576
0	0.015994548695364
0	0.0138994716712576
0	0.0138994716712576
0	0.0148135887792136
0	0.0149162938463482
0	0.0138994716712576
0	0.0158519109445861
0	0.0138994716712576
0	0.142516419257216
0	0.0138994716712576
0	0.432093302103995
0	0.0167940338693101
0	0.0356633539176958
0	0.017297685080714
0	0.0138994716712576
0	0.0138994716712576
0	0.0138994716712576
0	0.0153886417232986
0	0.0148602874957546
0	0.0138994716712576
0	0.0149338880889024
0	0.0792717112313086
0	0.0138994716712576
0	0.017297685080714
0	0.286724980007004
0	0.0140383942625773
0	0.0484482675483155
0	0.0138994716712576
0	0.0138994716712576
0	0.0138994716712576
0	0.0153886417232986
0	0.0240068432968313
0	0.0138994716712576
0	0.0138994716712576
0	0.0206431365138385
0	0.0148135887792136
0	0.0138994716712576
0	0.0439199593819244
0	0.0138994716712576
0	0.0138994716712576
0	0.0138994716712576
0	0.231960358258249
0	0.0407497570164807
0	0.0138994716712576
0	0.0138994716712576
0	0.0138994716712576
0	0.0139712328056197
0	0.0240068432968313
0	0.164853335731875
0	0.0138994716712576
0	0.0149162938463482
0	0.0199390850363366
0	0.0138994716712576
0	0.0138994716712576
0	0.0155041951555259
0	0.0709703999051739
0	0.0138994716712576
0	0.0138994716712576
0	0.0138994716712576
0	0.0138994716712576
0	0.0138994716712576
0	0.0310261891086517
0	0.0138994716712576
0	0.0185863267058848
0	0.0138994716712576
0	0.0138994716712576
0	0.0138994716712576
0	0.0138994716712576
0	0.0138994716712576
0	0.0138994716712576
0	0.0138994716712576
0	0.0138994716712576
0	0.0138994716712576
0	0.0138994716712576
0	0.0138994716712576
0	0.0138994716712576
0	0.0416734195319241
0	0.0211865274577748
0	0.0142659499119757
0	0.0229007300797405
0	0.0138994716712576
0	0.0138994716712576
0	0.0138994716712576
0	0.0236124117145492
0	0.0138994716712576
0	0.0138994716712576
0	0.0138994716712576
0	0.0138994716712576
0	0.0138994716712576
0	0.0138994716712576
0	0.0147840283335763
0	0.0138994716712576
0	0.0158519109445861
0	0.0138994716712576
0	0.015489499855872
0	0.0731353671684129
0	0.0138994716712576
0	0.0138994716712576
0	0.0138994716712576
0	0.0138994716712576
0	0.0138994716712576
0	0.0340885287564159
0	0.0189632193300979
0	0.0138994716712576
0	0.0138994716712576
0	0.0138994716712576
0	0.0138994716712576
0	0.0149162938463482
0	0.0183512354199198
0	0.0287627198287988
0	0.0138994716712576
0	0.0169453719598531
0	0.0138994716712576
0	0.0138994716712576
0	0.0154819270674316
0	0.0138994716712576
0	0.0356633539176958
0	0.0138994716712576
0	0.0138994716712576
0	0.0138994716712576
0	0.017297685080714
0	0.0138994716712576
0	0.0138994716712576
0	0.0138994716712576
0	0.0138994716712576
0	0.0138994716712576
0	0.0138994716712576
0	0.0138994716712576
0	0.0138994716712576
0	0.0138994716712576
0	0.0333227896726278
0	0.0138994716712576
0	0.0211865274577748
0	0.0138994716712576
0	0.0138994716712576
0	0.0138994716712576
0	0.0138994716712576
0	0.0138994716712576
0	0.0185165234978926
0	0.0238345998255938
0	0.0138994716712576
0	0.0533424900331347
0	0.0138994716712576
0	0.0138994716712576
0	0.0253498761816738
0	0.0138994716712576
0	0.0138994716712576
0	0.0158519109445861
0	0.48349132397503
0	0.0138994716712576
0	0.0186259841266169
0	0.0138994716712576
0	0.0138994716712576
0	0.0221064813902264
0	0.0177743506542924
0	0.0686995862573094
0	0.0138994716712576
0	0.0138994716712576
0	0.0138994716712576
0	0.0138994716712576
0	0.0149162938463482
0	0.0138994716712576
0	0.0138994716712576
0	0.0138994716712576
0	0.0197236152283888
0	0.0138994716712576
0	0.0138994716712576
0	0.0138994716712576
0	0.017297685080714
0	0.0138994716712576
0	0.0138994716712576
0	0.0138994716712576
0	0.015402527688017
0	0.0138994716712576
0	0.0138994716712576
0	0.0139712328056197
0	0.0196314515002575
0	0.0138994716712576
0	0.0138994716712576
0	0.0211865274577748
0	0.0138994716712576
0	0.0138994716712576
0	0.0138994716712576
0	0.0138994716712576
0	0.0138994716712576
0	0.0138994716712576
0	0.0138994716712576
0	0.0149162938463482
0	0.0138994716712576
0	0.0138994716712576
0	0.0260632875567261
0	0.0138994716712576
0	0.0138994716712576
0	0.0138994716712576
0	0.0138994716712576
0	0.0138994716712576
0	0.0153886417232986
0	0.0138994716712576
0	0.0185863267058848
0	0.0138994716712576
0	0.148806920210706
0	0.0138994716712576
0	0.0340276034772396
0	0.0138994716712576
0	0.0138994716712576
0	0.0149174415826227
0	0.0138994716712576
0	0.0138994716712576
0	0.0194584984124442
0	0.0138994716712576
0	0.0138994716712576
0	0.017293538476816
0	0.0138994716712576
0	0.017293538476816
0	0.0523357796789201
0	0.0139712328056197
0	0.0138994716712576
0	0.0138994716712576
0	0.0138994716712576
0	0.0138994716712576
0	0.0138994716712576
0	0.0138994716712576
0	0.0138994716712576
0	0.0138994716712576
0	0.0138994716712576
0	0.0138994716712576
0	0.0138994716712576
0	0.0138994716712576
0	0.0165125805594615
0	0.0138994716712576
0	0.0240068432968313
0	0.0138994716712576
0	0.0138994716712576
0	0.0138994716712576
0	0.563338229555461
0	0.0138994716712576
0	0.0158017899020093
0	0.0138994716712576
0	0.0138994716712576
0	0.0138994716712576
0	0.0138994716712576
0	0.0138994716712576
0	0.0138994716712576
0	0.0138994716712576
0	0.0138994716712576
0	0.0138994716712576
0	0.0240051174023306
0	0.0256166481931247
0	0.0913465841098335
0	0.0226055481428535
0	0.0138994716712576
0	0.0138994716712576
0	0.0138994716712576
0	0.0148135887792136
0	0.0138994716712576
0	0.0138994716712576
0	0.0197631750538578
0	0.618495422458059
0	0.0138994716712576
0	0.0138994716712576
0	0.0163249584277132
0	0.0138994716712576
0	0.0138994716712576
0	0.0264031842295168
0	0.0138994716712576
0	0.0138994716712576
0	0.0138994716712576
0	0.0138994716712576
0	0.017297685080714
0	0.0138994716712576
0	0.0138994716712576
0	0.0661260011605776
0	0.014857256923688
0	0.0138994716712576
0	0.892067995668174
0	0.926660175324363
0	0.0138994716712576
0	0.0174699704501016
0	0.0138994716712576
0	0.0174657832799655
0	0.0138994716712576
0	0.0138994716712576
0	0.0138994716712576
0	0.0138994716712576
0	0.0138994716712576
0	0.0184266997728301
0	0.0138994716712576
0	0.0138994716712576
0	0.0138994716712576
0	0.0138994716712576
0	0.0138994716712576
0	0.0138994716712576
0	0.0138994716712576
0	0.0138994716712576
0	0.0138994716712576
0	0.0138994716712576
0	0.0138994716712576
0	0.0765798589284449
0	0.0138994716712576
0	0.0436278818913741
0	0.0138994716712576
0	0.0138994716712576
0	0.0138994716712576
0	0.0138994716712576
0	0.0138994716712576
0	0.0138994716712576
0	0.0197236152283888
0	0.0138994716712576
0	0.0431475054774954
0	0.0138994716712576
0	0.0138994716712576
0	0.0138994716712576
0	0.0138994716712576
0	0.0138994716712576
0	0.262929900170445
0	0.0138994716712576
0	0.044372011062407
0	0.0138994716712576
0	0.0138994716712576
0	0.0138994716712576
0	0.0138994716712576
0	0.0138994716712576
0	0.0138994716712576
0	0.0138994716712576
0	0.0148602874957546
0	0.0138994716712576
0	0.0138994716712576
0	0.0185539833661131
0	0.0140383942625773
0	0.0138994716712576
0	0.0138994716712576
0	0.0138994716712576
0	0.0138994716712576
0	0.0182161307307475
0	0.0138994716712576
0	0.0197631750538578
0	0.015883214259362
0	0.0138994716712576
0	0.0319426529142788
0	0.0138994716712576
0	0.0138994716712576
0	0.0138994716712576
0	0.014924365000815
0	0.0140383942625773
0	0.0149162938463482
0	0.207376177751055
0	0.0138994716712576
0	0.0138994716712576
0	0.0273915087511478
0	0.0182161307307475
0	0.330437457957516
0	0.02234449926086
0	0.0138994716712576
0	0.0138994716712576
0	0.0138994716712576
0	0.0138994716712576
0	0.0138994716712576
0	0.0277193461515041
0	0.0138994716712576
0	0.0206911843201819
0	0.0138994716712576
0	0.0138994716712576
0	0.0138994716712576
0	0.300659223794126
0	0.0138994716712576
0	0.0138994716712576
0	0.0138994716712576
0	0.0158519109445861
0	0.0138994716712576
0	0.0138994716712576
0	0.0153886417232986
0	0.128712264594108
0	0.0140383942625773
0	0.0138994716712576
0	0.0138994716712576
0	0.0138994716712576
0	0.0138994716712576
0	0.0138994716712576
0	0.0138994716712576
0	0.017293538476816
0	0.176227877494187
0	0.0138994716712576
0	0.0138994716712576
0	0.0138994716712576
0	0.0138994716712576
0	0.0148135887792136
0	0.0138994716712576
0	0.0138994716712576
0	0.0138994716712576
0	0.482535507481441
0	0.0138994716712576
0	0.0138994716712576
0	0.0138994716712576
0	0.0138994716712576
0	0.0138994716712576
0	0.0138994716712576
0	0.0138994716712576
0	0.0185539833661131
0	0.0138994716712576
0	0.0138994716712576
0	0.524603888211733
0	0.0138994716712576
0	0.0169706651112699
0	0.0138994716712576
0	0.0138994716712576
0	0.0138994716712576
0	0.0138994716712576
0	0.0155041951555259
0	0.0138994716712576
0	0.0138994716712576
0	0.0138994716712576
0	0.0138994716712576
0	0.017293538476816
0	0.0138994716712576
0	0.0138994716712576
0	0.0138994716712576
0	0.0138994716712576
0	0.0138994716712576
0	0.240871976239319
0	0.0173223937719345
0	0.0138994716712576
0	0.0138994716712576
0	0.0138994716712576
0	0.0138994716712576
0	0.0138994716712576
0	0.0138994716712576
0	0.0153886417232986
0	0.0533134374169219
0	0.0531607173489831
0	0.0138994716712576
0	0.0264031842295168
0	0.0138994716712576
0	0.0469312760429182
0	0.0138994716712576
0	0.0138994716712576
0	0.194019807539515
0	0.0138994716712576
0	0.0138994716712576
0	0.0201960126934544
0	0.0138994716712576
0	0.0138994716712576
0	0.0138994716712576
0	0.0138994716712576
0	0.0138994716712576
0	0.017293538476816
0	0.0138994716712576
0	0.0138994716712576
0	0.0159458756037042
0	0.24726305572754
0	0.0138994716712576
0	0.0138994716712576
0	0.0138994716712576
0	0.0138994716712576
0	0.0138994716712576
0	0.0138994716712576
0	0.0138994716712576
0	0.0150086670971752
0	0.0138994716712576
0	0.576460032861319
0	0.0138994716712576
0	0.0138994716712576
0	0.0340430897091571
0	0.0138994716712576
0	0.0138994716712576
0	0.0138994716712576
0	0.0229007300797405
0	0.0333227896726278
0	0.0138994716712576
0	0.0138994716712576
0	0.0138994716712576
0	0.0138994716712576
0	0.0138994716712576
0	0.0149162938463482
0	0.0460064565993751
0	0.911691929551541
0	0.0219480435063235
0	0.0147840283335763
0	0.0138994716712576
0	0.0138994716712576
0	0.0138994716712576
0	0.0159458756037042
0	0.0138994716712576
0	0.0138994716712576
0	0.0138994716712576
0	0.0133420132185884
0	0.0138994716712576
0	0.0201960126934544
0	0.0223064088655288
0	0.0158519109445861
0	0.0138994716712576
0	0.412573250482628
0	0.0138994716712576
0	0.017297685080714
0	0.0138994716712576
0	0.0138994716712576
0	0.0138994716712576
0	0.0159458756037042
0	0.017297685080714
0	0.0417555470862672
0	0.0138994716712576
0	0.0138994716712576
0	0.0138994716712576
0	0.0138994716712576
0	0.0138687403869184
0	0.0138994716712576
0	0.0138994716712576
0	0.0253607025913364
0	0.0138994716712576
0	0.0138994716712576
0	0.0138994716712576
0	0.0138994716712576
0	0.0138994716712576
0	0.0141108623723913
0	0.0138994716712576
0	0.0138994716712576
0	0.0138994716712576
0	0.0138994716712576
0	0.0138994716712576
0	0.0138994716712576
0	0.0162413068683104
0	0.125539184175037
0	0.0216628005455952
0	0.0138994716712576
0	0.0138994716712576
0	0.0138994716712576
0	0.0138994716712576
0	0.0138994716712576
0	0.0138994716712576
0	0.0138994716712576
0	0.0138994716712576
0	0.0138994716712576
0	0.0138994716712576
0	0.0138994716712576
0	0.0138994716712576
0	0.0605736849178828
0	0.0138994716712576
0	0.0294084360164173
0	0.0148602874957546
0	0.0138994716712576
0	0.0138994716712576
0	0.0138994716712576
0	0.0138994716712576
0	0.0138994716712576
0	0.0138994716712576
0	0.0162413068683104
0	0.0260701313092614
0	0.0138994716712576
0	0.0138994716712576
0	0.0138994716712576
0	0.0138994716712576
0	0.0138994716712576
0	0.0138994716712576
0	0.0138994716712576
0	0.0138994716712576
0	0.0392435165780645
0	0.0138994716712576
0	0.150459062103011
0	0.0138994716712576
0	0.0138994716712576
0	0.0138994716712576
0	0.0138994716712576
0	0.0138994716712576
0	0.0138994716712576
0	0.0138994716712576
0	0.0138994716712576
0	0.0211865274577748
0	0.0138994716712576
0	0.0138994716712576
0	0.0138994716712576
0	0.0149162938463482
0	0.0448378890648944
0	0.0138994716712576
0	0.0138994716712576
0	0.0138994716712576
0	0.0169255555267025
0	0.0138994716712576
0	0.0138994716712576
0	0.0149162938463482
0	0.0138994716712576
0	0.017293538476816
0	0.140281420682136
0	0.0138994716712576
0	0.0173223937719345
0	0.0138994716712576
0	0.0138994716712576
0	0.0138994716712576
0	0.0138994716712576
0	0.026312516218194
0	0.0138994716712576
0	0.0184266997728301
0	0.0138994716712576
0	0.0138994716712576
0	0.0138994716712576
0	0.0138994716712576
0	0.0138994716712576
0	0.0138994716712576
0	0.0207649026676435
0	0.0138994716712576
0	0.0194687831463267
0	0.0138994716712576
0	0.0138994716712576
0	0.0138994716712576
0	0.0138994716712576
0	0.0138994716712576
0	0.0254901069635768
0	0.0138994716712576
0	0.0138994716712576
0	0.0138994716712576
0	0.0138994716712576
0	0.0172028094038257
0	0.0138994716712576
0	0.0138994716712576
0	0.017293538476816
0	0.0157553900046037
0	0.0138994716712576
0	0.0148135887792136
0	0.0253607025913364
0	0.0138994716712576
0	0.0229007300797405
0	0.0185863267058848
0	0.014924365000815
0	0.0138994716712576
0	0.0138994716712576
0	0.0158519109445861
0	0.0138994716712576
0	0.0138994716712576
0	0.0138994716712576
0	0.1954050925559
0	0.0155041951555259
0	0.0138994716712576
0	0.0138994716712576
0	0.0138994716712576
0	0.0594820742656217
0	0.017297685080714
0	0.0138994716712576
0	0.0191497078784176
0	0.0149162938463482
0	0.0138994716712576
0	0.0138994716712576
0	0.0225689189630969
0	0.0149162938463482
0	0.0138994716712576
0	0.0138994716712576
0	0.0138994716712576
0	0.0138994716712576
0	0.0138994716712576
0	0.0138994716712576
0	0.0138994716712576
0	0.0138994716712576
0	0.0211788607866317
0	0.0138994716712576
0	0.107607494561884
0	0.173845826499066
0	0.0138994716712576
0	0.99008211390729
0	0.0138994716712576
0	0.0138994716712576
0	0.0240068432968313
0	0.0138994716712576
0	0.0138994716712576
0	0.0138994716712576
0	0.0138994716712576
0	0.0149162938463482
0	0.0138994716712576
0	0.0138994716712576
0	0.017677349801949
0	0.0138994716712576
0	0.0138994716712576
0	0.0138994716712576
0	0.0269809152815431
0	0.0154819270674316
0	0.026106635298181
0	0.0314123690275072
0	0.0138994716712576
0	0.0138994716712576
0	0.702893444431785
0	0.017293538476816
0	0.0138994716712576
0	0.0138994716712576
0	0.0138994716712576
0	0.0138994716712576
0	0.0138994716712576
0	0.0201960126934544
0	0.473318951284044
0	0.0440987861988205
0	0.0138994716712576
0	0.0138994716712576
0	0.0151703767688222
0	0.0138994716712576
0	0.0138994716712576
0	0.0138994716712576
0	0.0138994716712576
0	0.0138994716712576
0	0.0138994716712576
0	0.0138994716712576
0	0.0138994716712576
0	0.0138994716712576
0	0.0138994716712576
0	0.0138994716712576
0	0.0138994716712576
0	0.0138994716712576
0	0.0149162938463482
0	0.0138994716712576
0	0.0138994716712576
0	0.0138994716712576
0	0.0138994716712576
0	0.0138994716712576
0	0.0138994716712576
0	0.0138994716712576
0	0.0138994716712576
0	0.0211865274577748
0	0.0138994716712576
0	0.017293538476816
0	0.0138994716712576
0	0.0437659994618775
0	0.283092110801375
0	0.0140383942625773
0	0.0138994716712576
0	0.0138994716712576
0	0.0244308256300151
0	0.0138994716712576
0	0.0138994716712576
0	0.0138994716712576
0	0.0138994716712576
0	0.0138994716712576
0	0.0138994716712576
0	0.03062599411304
0	0.0200413941620958
0	0.810250806981802
0	0.18526254786336
0	0.0162413068683104
0	0.0138994716712576
0	0.0170091010224851
0	0.0138994716712576
0	0.0138994716712576
0	0.0138994716712576
0	0.0162413068683104
0	0.017293538476816
0	0.0138994716712576
0	0.017119043281202
0	0.026078646109472
0	0.0138994716712576
0	0.0138994716712576
0	0.0211865274577748
0	0.0138994716712576
0	0.0138994716712576
0	0.0138994716712576
0	0.0138994716712576
0	0.0195926946831503
0	0.030164034293584
0	0.0155041951555259
0	0.0133492440788871
0	0.0138994716712576
0	0.0138994716712576
0	0.0138994716712576
0	0.0138994716712576
0	0.0138994716712576
0	0.0138994716712576
0	0.0138994716712576
0	0.0138994716712576
0	0.0138994716712576
0	0.134388660843875
0	0.0385190720505191
0	0.0138994716712576
0	0.0138994716712576
0	0.0138994716712576
0	0.0223568482708991
0	0.0138994716712576
0	0.0320515995113628
0	0.0138994716712576
0	0.0138994716712576
0	0.0182654764950362
0	0.0225783652940412
0	0.0138994716712576
0	0.0138994716712576
0	0.014924365000815
0	0.0148135887792136
0	0.0138994716712576
0	0.0138994716712576
0	0.0436299932064025
0	0.0138994716712576
0	0.0138994716712576
0	0.0138994716712576
0	0.0138994716712576
0	0.0242443034439263
0	0.387887789353652
0	0.0138994716712576
0	0.0158657391107103
0	0.0731989423986763
0	0.0154760185852533
0	0.0138994716712576
0	0.0138994716712576
0	0.0138994716712576
0	0.0138994716712576
0	0.0138994716712576
0	0.0138994716712576
0	0.0138994716712576
0	0.0153886417232986
0	0.0153886417232986
0	0.0138994716712576
0	0.481613057581719
0	0.0138994716712576
0	0.0158519109445861
0	0.0138994716712576
0	0.0138994716712576
0	0.014857256923688
0	0.0138994716712576
0	0.0208602722359931
0	0.0139712328056197
0	0.0315034031229521
0	0.0138994716712576
0	0.0138994716712576
0	0.0138994716712576
0	0.0138994716712576
0	0.0149615091766791
0	0.0385956702038602
0	0.0138994716712576
0	0.0138994716712576
0	0.0138994716712576
0	0.0150652241178993
0	0.0138994716712576
0	0.0138994716712576
0	0.0482801854376823
0	0.0193442417264212
0	0.0138994716712576
0	0.0138994716712576
0	0.0138994716712576
0	0.0229007300797405
0	0.0138994716712576
0	0.0138994716712576
0	0.0138994716712576
0	0.0138994716712576
0	0.0140383942625773
0	0.0423266418091832
0	0.203293606188495
0	0.0138994716712576
0	0.0282114409162664
0	0.0138994716712576
0	0.0185584264889638
0	0.0138994716712576
0	0.0248951625084241
0	0.0138994716712576
0	0.0138994716712576
0	0.0211865274577748
0	0.0138994716712576
0	0.0140383942625773
0	0.0138994716712576
0	0.017293538476816
0	0.0531276422238523
0	0.0138994716712576
0	0.0155041951555259
0	0.0138994716712576
0	0.0138994716712576
0	0.0138994716712576
0	0.0138994716712576
0	0.0245498406086422
0	0.0138994716712576
0	0.0140383942625773
0	0.0138994716712576
0	0.0138994716712576
0	0.0138994716712576
0	0.0138994716712576
0	0.0138994716712576
0	0.0186240775922786
0	0.0138994716712576
0	0.0138994716712576
0	0.0138994716712576
0	0.0138994716712576
0	0.0138994716712576
0	0.0138994716712576
0	0.0138994716712576
0	0.0138994716712576
0	0.0138994716712576
0	0.0138994716712576
0	0.0138994716712576
0	0.0326711092821188
0	0.0138994716712576
0	0.0746536684446327
0	0.0138994716712576
0	0.0138994716712576
0	0.0138994716712576
0	0.680113330649289
0	0.0138994716712576
0	0.0263288358545823
0	0.021396702447334
0	0.930453474448685
0	0.0198024911229602
0	0.0138994716712576
0	0.0232535758524108
0	0.0138994716712576
0	0.0138994716712576
0	0.0138994716712576
0	0.0138994716712576
0	0.0138994716712576
0	0.0138994716712576
0	0.0207882290261361
0	0.016655212554354
0	0.0138994716712576
0	0.0138994716712576
0	0.0197132066102138
0	0.0138994716712576
0	0.0138994716712576
0	0.0138994716712576
0	0.0138994716712576
0	0.0138994716712576
0	0.0138994716712576
0	0.0138994716712576
0	0.0162413068683104
0	0.0138994716712576
0	0.574807901353289
0	0.0138994716712576
0	0.0138994716712576
0	0.0158519109445861
0	0.0408731362699601
0	0.0138994716712576
0	0.0140383942625773
0	0.181939726104328
0	0.0138994716712576
0	0.0138994716712576
0	0.0138994716712576
0	0.0138994716712576
0	0.0138994716712576
0	0.0455359532529073
0	0.0382456571043528
0	0.0138994716712576
0	0.114432919806479
0	0.181946835948962
0	0.0138994716712576
0	0.0138994716712576
0	0.0138994716712576
0	0.0147840283335763
0	0.0138994716712576
0	0.0140383942625773
0	0.0138994716712576
0	0.0138994716712576
0	0.0138994716712576
0	0.0138994716712576
0	0.016655212554354
0	0.0138994716712576
0	0.0138994716712576
0	0.0138994716712576
0	0.0236064213245051
0	0.0138994716712576
0	0.017293538476816
0	0.0138994716712576
0	0.0138994716712576
0	0.0166283016375452
0	0.0138994716712576
0	0.256414943176164
0	0.0138994716712576
0	0.0138994716712576
0	0.0138994716712576
0	0.0138994716712576
0	0.0149615091766791
0	0.0801394828786053
0	0.0138994716712576
0	0.0138994716712576
0	0.0341598128398275
0	0.0138994716712576
0	0.0138994716712576
0	0.172100572841592
0	0.0149162938463482
0	0.0147840283335763
0	0.0138994716712576
0	0.0138994716712576
0	0.0138994716712576
0	0.0138994716712576
0	0.0138994716712576
0	0.0236124117145492
0	0.0138994716712576
0	0.0138994716712576
0	0.0138994716712576
0	0.0138994716712576
0	0.0138994716712576
0	0.0138994716712576
0	0.0138994716712576
0	0.0138994716712576
0	0.0138994716712576
0	0.0484392484146805
0	0.0138994716712576
0	0.0234378660726882
0	0.0138994716712576
0	0.0211865274577748
0	0.0138994716712576
0	0.0138994716712576
0	0.022251859049831
0	0.0138994716712576
0	0.0138994716712576
0	0.0138994716712576
0	0.0138994716712576
0	0.0138994716712576
0	0.0866864746716233
0	0.0138994716712576
0	0.0138994716712576
0	0.798211848567438
0	0.0158645195881904
0	0.283978653312239
0	0.0138994716712576
0	0.0138994716712576
0	0.0138994716712576
0	0.0138994716712576
0	0.882186725998091
0	0.0138994716712576
0	0.0162413068683104
0	0.0138994716712576
0	0.0138994716712576
0	0.0138994716712576
0	0.0138994716712576
0	0.0138994716712576
0	0.0138994716712576
0	0.0138994716712576
0	0.0138994716712576
0	0.0151885075779426
0	0.0138994716712576
0	0.0138994716712576
0	0.0247199791844718
0	0.0138994716712576
0	0.0138994716712576
0	0.308071883949726
0	0.0223568482708991
0	0.0138994716712576
0	0.0138994716712576
0	0.149637772451938
0	0.0138994716712576
0	0.0138994716712576
0	0.0197236152283888
0	0.0149162938463482
0	0.0162413068683104
0	0.0138994716712576
0	0.0138994716712576
0	0.0138994716712576
0	0.0147840283335763
0	0.0169197253993793
0	0.0162413068683104
0	0.0347406080722453
0	0.0138994716712576
0	0.0138994716712576
0	0.0138994716712576
0	0.017293538476816
0	0.0158519109445861
0	0.0138994716712576
0	0.0240068432968313
0	0.0138994716712576
0	0.0138994716712576
0	0.0138994716712576
0	0.0138994716712576
0	0.0138994716712576
0	0.0149174415826227
0	0.0138994716712576
0	0.0169690776866731
0	0.0138994716712576
0	0.0138994716712576
0	0.0138994716712576
0	0.0138994716712576
0	0.0138994716712576
0	0.0138994716712576
0	0.0138994716712576
0	0.0138994716712576
0	0.0138994716712576
0	0.0138994716712576
0	0.0138994716712576
0	0.0138994716712576
0	0.0138994716712576
0	0.969523083283393
0	0.0149162938463482
0	0.194792964682716
0	0.0211865274577748
0	0.0170091010224851
0	0.0138994716712576
0	0.0138994716712576
0	0.0138994716712576
0	0.0287627198287988
0	0.0138994716712576
0	0.0148602874957546
0	0.0138994716712576
0	0.0376900613875182
0	0.0138994716712576
0	0.0138994716712576
0	0.138044923182334
0	0.0138994716712576
0	0.0197631750538578
0	0.0138994716712576
0	0.0138994716712576
0	0.0138994716712576
0	0.0138994716712576
0	0.0138994716712576
0	0.0138994716712576
0	0.0138994716712576
0	0.0138994716712576
0	0.0138994716712576
0	0.122854734153254
0	0.0138994716712576
0	0.017293538476816
0	0.0138994716712576
0	0.017293538476816
0	0.0138994716712576
0	0.0271594726407828
0	0.0138994716712576
0	0.0138994716712576
0	0.0138994716712576
0	0.0138994716712576
0	0.0138994716712576
0	0.0138994716712576
0	0.0138994716712576
0	0.0138994716712576
0	0.0155041951555259
0	0.0138687403869184
0	0.0138994716712576
0	0.0245103522009682
0	0.0243977494619801
0	0.0211865274577748
0	0.0138994716712576
0	0.0425652810188463
0	0.0138994716712576
0	0.0138994716712576
0	0.0158519109445861
0	0.0223568482708991
0	0.0140383942625773
0	0.0430119185325841
0	0.0369439969012534
0	0.0138994716712576
0	0.017293538476816
0	0.0138994716712576
0	0.0305403940204691
0	0.0138994716712576
0	0.014857256923688
0	0.0159458756037042
0	0.0138994716712576
0	0.0287627198287988
0	0.0176780066588104
0	0.0138994716712576
0	0.0211865274577748
0	0.0138994716712576
0	0.0184207145835146
0	0.0138994716712576
0	0.0138994716712576
0	0.0138994716712576
0	0.0138994716712576
0	0.0138994716712576
0	0.0138994716712576
0	0.124027274962833
0	0.0301004291894416
0	0.0138994716712576
0	0.0138994716712576
0	0.0138994716712576
0	0.0240480774836104
0	0.0138994716712576
0	0.0263783888551915
0	0.0241295105554032
0	0.0138994716712576
0	0.0519397128636821
0	0.0416323504282125
0	0.0171381471977542
0	0.0162413068683104
0	0.0138994716712576
0	0.0138994716712576
0	0.0355802682622674
0	0.0138994716712576
0	0.0138994716712576
0	0.0138994716712576
0	0.019717921755125
0	0.0138994716712576
0	0.0138994716712576
0	0.0138994716712576
0	0.0155041951555259
0	0.0138994716712576
0	0.0138994716712576
0	0.0138994716712576
0	0.0138994716712576
0	0.0138994716712576
0	0.0138994716712576
0	0.0138994716712576
0	0.0263187674540946
0	0.0138994716712576
0	0.0138994716712576
0	0.0229007300797405
0	0.0138994716712576
0	0.0138994716712576
0	0.0138994716712576
0	0.0138994716712576
0	0.0138994716712576
0	0.0138994716712576
0	0.0138994716712576
0	0.0159458756037042
0	0.0138994716712576
0	0.0138994716712576
0	0.017293538476816
0	0.0138994716712576
0	0.0434983775470592
0	0.0139712328056197
0	0.0138994716712576
0	0.0138994716712576
0	0.0350362917969828
0	0.0138994716712576
0	0.0138994716712576
0	0.0185156009718815
0	0.0138994716712576
0	0.0149162938463482
0	0.0197631750538578
0	0.0177994628604445
0	0.0138994716712576
0	0.0138994716712576
0	0.0138994716712576
0	0.0138994716712576
0	0.187864466945631
0	0.014857256923688
0	0.0155041951555259
0	0.235277145239067
0	0.916481342557742
0	0.0138994716712576
0	0.0138994716712576
0	0.0138994716712576
0	0.0138994716712576
0	0.0138994716712576
0	0.0138994716712576
0	0.0138994716712576
0	0.0138994716712576
0	0.0138994716712576
0	0.0138994716712576
0	0.0138994716712576
0	0.0271213806917914
0	0.017293538476816
0	0.0211865274577748
0	0.0138994716712576
0	0.0138994716712576
0	0.0138994716712576
0	0.0138994716712576
0	0.0264031842295168
0	0.0150652241178993
0	0.0138994716712576
0	0.0229007300797405
0	0.0138994716712576
0	0.0138994716712576
0	0.0149162938463482
0	0.0138994716712576
0	0.0138994716712576
0	0.108664851367314
0	0.0138994716712576
0	0.262695621622925
0	0.0138994716712576
0	0.0485339619516118
0	0.0138994716712576
0	0.0138994716712576
0	0.0138994716712576
0	0.0138994716712576
0	0.0150386698485336
0	0.0138994716712576
0	0.0138994716712576
0	0.0138994716712576
0	0.0187712018102243
0	0.0138994716712576
0	0.237429752892311
0	0.0138994716712576
0	0.0138994716712576
0	0.0138994716712576
0	0.0138994716712576
0	0.0138994716712576
0	0.0154819270674316
0	0.0138994716712576
0	0.0138994716712576
0	0.0138994716712576
0	0.0138994716712576
0	0.0186259841266169
0	0.0138994716712576
0	0.0138994716712576
0	0.0138994716712576
0	0.0138994716712576
0	0.0153886417232986
0	0.0138994716712576
0	0.141689427466204
0	0.0379059024584749
0	0.0197900927530403
0	0.0162413068683104
0	0.0138994716712576
0	0.0138994716712576
0	0.0138994716712576
0	0.0138994716712576
0	0.0138994716712576
0	0.0773890722170661
0	0.0138994716712576
0	0.0138994716712576
0	0.0138994716712576
0	0.0138994716712576
0	0.0138994716712576
0	0.0138994716712576
0	0.0138994716712576
0	0.0138994716712576
0	0.0138994716712576
0	0.0138994716712576
0	0.0150733746249247
0	0.0138994716712576
0	0.0138994716712576
0	0.0138994716712576
0	0.0207402169902101
0	0.0138994716712576
0	0.0138994716712576
0	0.0138994716712576
0	0.0552161660120459
0	0.0138994716712576
0	0.0138994716712576
0	0.0138994716712576
0	0.0138994716712576
0	0.0138994716712576
0	0.0138994716712576
0	0.0138994716712576
0	0.0138994716712576
0	0.0138994716712576
0	0.0138994716712576
0	0.0138994716712576
0	0.0138994716712576
0	0.0138994716712576
0	0.0160227633346021
0	0.0138994716712576
0	0.0147840283335763
0	0.0364675245082598
0	0.0138994716712576
0	0.0138994716712576
0	0.0138994716712576
0	0.0932270173970972
0	0.0286913141731004
0	0.0138994716712576
0	0.0339028423474003
0	0.0138994716712576
0	0.0228520599650521
0	0.0138994716712576
0	0.0138994716712576
0	0.0138994716712576
0	0.0138994716712576
0	0.0138994716712576
0	0.0338772366204453
0	0.0138994716712576
0	0.0138994716712576
0	0.291054715865003
0	0.0138994716712576
0	0.168969843585786
0	0.0155041951555259
0	0.0138994716712576
0	0.0138994716712576
0	0.0138994716712576
0	0.0138994716712576
0	0.0138994716712576
0	0.0138994716712576
0	0.0138994716712576
0	0.0155041951555259
0	0.0138994716712576
0	0.0138994716712576
0	0.0138994716712576
0	0.0138994716712576
0	0.0185863267058848
0	0.0192824517980369
0	0.029571174530205
0	0.0138994716712576
0	0.0138994716712576
0	0.0138994716712576
0	0.0138994716712576
0	0.0138994716712576
0	0.0138994716712576
0	0.0138994716712576
0	0.0138994716712576
0	0.0138994716712576
0	0.0138994716712576
0	0.0148135887792136
0	0.0138994716712576
0	0.0138994716712576
0	0.0138994716712576
0	0.0138994716712576
0	0.0138994716712576
0	0.0138994716712576
0	0.0138994716712576
0	0.0162413068683104
0	0.0138994716712576
0	0.0138994716712576
0	0.0138994716712576
0	0.243357834582545
0	0.0138994716712576
0	0.0149162938463482
0	0.0138994716712576
0	0.0153886417232986
0	0.0138994716712576
0	0.0138994716712576
0	0.0138994716712576
0	0.0138994716712576
0	0.745476689275024
0	0.0138994716712576
0	0.0138994716712576
0	0.0138994716712576
0	0.0138994716712576
0	0.942342344620741
0	0.0138994716712576
0	0.0138994716712576
0	0.0138994716712576
0	0.0138994716712576
0	0.0138994716712576
0	0.0140383942625773
0	0.0138994716712576
0	0.0236064213245051
0	0.0138994716712576
0	0.0150652241178993
0	0.025359473570977
0	0.0138994716712576
0	0.0138994716712576
0	0.0138994716712576
0	0.0138994716712576
0	0.017293538476816
0	0.0138994716712576
0	0.0192824517980369
0	0.0138994716712576
0	0.0138994716712576
0	0.0240068432968313
0	0.0138994716712576
0	0.0138994716712576
0	0.92427650625881
0	0.014924365000815
0	0.427732925403294
0	0.0138994716712576
0	0.0138994716712576
0	0.0654668089376838
0	0.0138994716712576
0	0.0138994716712576
0	0.0138994716712576
0	0.0138994716712576
0	0.0253066506950319
0	0.0138994716712576
0	0.0712530789202652
0	0.420869700470165
0	0.0138994716712576
0	0.0253655042848021
0	0.0138994716712576
0	0.0138994716712576
0	0.0138994716712576
0	0.0138994716712576
0	0.0138994716712576
0	0.0207207873340688
0	0.0545204335698701
0	0.0138994716712576
0	0.0184266997728301
0	0.0138994716712576
0	0.0138994716712576
0	0.0138994716712576
0	0.0138994716712576
0	0.0138994716712576
0	0.0138994716712576
0	0.0147840283335763
0	0.025931386490796
0	0.0138994716712576
0	0.0192824517980369
0	0.0138994716712576
0	0.0138994716712576
0	0.0138994716712576
0	0.0138994716712576
0	0.0138994716712576
0	0.0169922580399641
0	0.0138994716712576
0	0.0138994716712576
0	0.0354173016594809
0	0.0138994716712576
0	0.017293538476816
0	0.0823779092916218
0	0.0138994716712576
0	0.0255179836668209
0	0.0138994716712576
0	0.0153886417232986
0	0.0138994716712576
0	0.0138994716712576
0	0.017297685080714
0	0.0402547633721967
0	0.0138994716712576
0	0.0138994716712576
0	0.0138994716712576
0	0.0473381528900275
0	0.0138994716712576
0	0.0138994716712576
0	0.0158519109445861
0	0.0211865274577748
0	0.0138994716712576
0	0.0138994716712576
0	0.0138994716712576
0	0.0138994716712576
0	0.0138994716712576
0	0.0138994716712576
0	0.0138994716712576
0	0.0138994716712576
0	0.0138994716712576
0	0.0138994716712576
0	0.0138994716712576
0	0.781600487442016
0	0.0147840283335763
0	0.0138994716712576
0	0.0252842434625696
0	0.0138994716712576
0	0.0138994716712576
0	0.017293538476816
0	0.0140383942625773
0	0.0138994716712576
0	0.0580357388756078
0	0.0138994716712576
0	0.0138994716712576
0	0.0362333010156585
0	0.0138994716712576
0	0.0138994716712576
0	0.0138994716712576
0	0.0138994716712576
0	0.0211865274577748
0	0.017119043281202
0	0.0138994716712576
0	0.0138994716712576
0	0.0240480774836104
0	0.0408393202173441
0	0.0138994716712576
0	0.0140383942625773
0	0.0138994716712576
0	0.0138994716712576
0	0.0147840283335763
0	0.0138994716712576
0	0.0138994716712576
0	0.0138994716712576
0	0.0138994716712576
0	0.0493750995965392
0	0.0138994716712576
0	0.0138994716712576
0	0.126461279243881
0	0.0149162938463482
0	0.0138994716712576
0	0.0138994716712576
0	0.0138994716712576
0	0.0171381471977542
0	0.0138994716712576
0	0.0229007300797405
0	0.0229097493155529
0	0.0138994716712576
0	0.0138994716712576
0	0.0138994716712576
0	0.0155041951555259
0	0.0299055055752167
0	0.0138994716712576
0	0.0225110901156554
0	0.0138994716712576
0	0.0138994716712576
0	0.0211865274577748
0	0.0149162938463482
0	0.0174358248564142
0	0.0639700406175127
0	0.0659957697166768
0	0.0159458756037042
0	0.130308760261928
0	0.504989259601146
0	0.0138994716712576
0	0.0138994716712576
0	0.266273851720675
0	0.207472511080062
0	0.016522080757575
0	0.0138994716712576
0	0.0138994716712576
0	0.0240068432968313
0	0.0138994716712576
0	0.0138994716712576
0	0.0149162938463482
0	0.0138994716712576
0	0.344688667610718
0	0.0138994716712576
0	0.0138994716712576
0	0.0138994716712576
0	0.017741837876379
0	0.0138994716712576
0	0.0138994716712576
0	0.0138994716712576
0	0.0138994716712576
0	0.0138994716712576
0	0.0138994716712576
0	0.0138994716712576
0	0.0138994716712576
0	0.0214239160506834
0	0.0317929759664218
0	0.0138994716712576
0	0.0138994716712576
0	0.0138994716712576
0	0.0138994716712576
0	0.0138994716712576
0	0.0138994716712576
0	0.0201741693349189
0	0.057953868001888
0	0.0138994716712576
0	0.0138994716712576
0	0.023875242609276
0	0.0138994716712576
0	0.0188256565742633
0	0.014924365000815
0	0.0159047984226102
0	0.0215827979137301
0	0.0138994716712576
0	0.0258232882217845
0	0.0138994716712576
0	0.0138994716712576
0	0.0138994716712576
0	0.0138994716712576
0	0.0138994716712576
0	0.0138994716712576
0	0.0138994716712576
0	0.0138994716712576
0	0.0709633429642159
0	0.0138994716712576
0	0.0138994716712576
0	0.0138994716712576
0	0.17219016976557
0	0.0138994716712576
0	0.0138994716712576
0	0.0149162938463482
0	0.0138994716712576
0	0.0138994716712576
0	0.0158519109445861
0	0.0138994716712576
0	0.0158519109445861
0	0.0138994716712576
0	0.12163415491451
0	0.017293538476816
0	0.0138994716712576
0	0.0180813698292433
0	0.0211865274577748
0	0.0138994716712576
0	0.0138994716712576
0	0.017297685080714
0	0.0124311532090181
0	0.0138994716712576
0	0.0138994716712576
0	0.017293538476816
0	0.0138994716712576
0	0.0138994716712576
0	0.0270043381062545
0	0.0138994716712576
0	0.0138994716712576
0	0.0138994716712576
0	0.0254666027000449
0	0.0138994716712576
0	0.0138994716712576
0	0.0138994716712576
0	0.0229007300797405
0	0.0138994716712576
0	0.0138994716712576
0	0.0138994716712576
0	0.0138994716712576
0	0.0138994716712576
0	0.0185539833661131
0	0.0138994716712576
0	0.0138994716712576
0	0.0138994716712576
0	0.0266972733082942
0	0.0138994716712576
0	0.0138994716712576
0	0.0138994716712576
0	0.042062088383997
0	0.0274998451804656
0	0.017297685080714
0	0.0138994716712576
0	0.0138994716712576
0	0.0138994716712576
0	0.0138994716712576
0	0.242374926306166
0	0.0138994716712576
0	0.0138994716712576
0	0.0140383942625773
0	0.0149162938463482
0	0.0138994716712576
0	0.0138994716712576
0	0.0155041951555259
0	0.0363972891433344
0	0.0446809128162468
0	0.915641897618267
0	0.0138994716712576
0	0.0138994716712576
0	0.0138994716712576
0	0.0138994716712576
0	0.0611798932659405
0	0.0138994716712576
0	0.0327568206530301
0	0.017293538476816
0	0.0138994716712576
0	0.0138994716712576
0	0.486632172307545
0	0.0138994716712576
0	0.0973283687731334
0	0.0138994716712576
0	0.0149162938463482
0	0.0424809315613877
0	0.0138994716712576
0	0.0138994716712576
0	0.0138994716712576
0	0.0138994716712576
0	0.0191070316694386
0	0.0158017899020093
0	0.0138994716712576
0	0.0138994716712576
0	0.0162413068683104
0	0.0138994716712576
0	0.0138994716712576
0	0.017293538476816
0	0.0138994716712576
0	0.0204900794755151
0	0.0138994716712576
0	0.0138994716712576
0	0.930175777187958
0	0.0274577793837467
0	0.190489120860557
0	0.0138994716712576
0	0.0138994716712576
0	0.0138994716712576
0	0.0138994716712576
0	0.017297685080714
0	0.0170182850240983
0	0.0138994716712576
0	0.0138994716712576
0	0.0138994716712576
0	0.0575987884771798
0	0.0138994716712576
0	0.0495214756307854
0	0.0138994716712576
0	0.0138994716712576
0	0.0138994716712576
0	0.0138994716712576
0	0.0138994716712576
0	0.0138994716712576
0	0.0138994716712576
0	0.0138994716712576
0	0.0138994716712576
0	0.0138994716712576
0	0.0229007300797405
0	0.015939955147854
0	0.0229007300797405
0	0.0138994716712576
0	0.0155041951555259
0	0.0138994716712576
0	0.0155041951555259
0	0.0160416414398548
0	0.0138994716712576
0	0.0138994716712576
0	0.0138994716712576
0	0.0138994716712576
0	0.0138994716712576
0	0.0138994716712576
0	0.0138994716712576
0	0.0138994716712576
0	0.0148135887792136
0	0.0909532890234609
0	0.0138994716712576
0	0.0138994716712576
0	0.0138994716712576
0	0.0138994716712576
0	0.0138994716712576
0	0.0138994716712576
0	0.0247253287630101
0	0.0138994716712576
0	0.0229007300797405
0	0.0638561775488019
0	0.0138994716712576
0	0.0223707879111628
0	0.0223568482708991
0	0.0138994716712576
0	0.0138994716712576
0	0.0155041951555259
0	0.0138994716712576
0	0.0138994716712576
0	0.0297582755785556
0	0.0149162938463482
0	0.0138994716712576
0	0.0138994716712576
0	0.0138994716712576
0	0.0162413068683104
0	0.0138994716712576
0	0.0138994716712576
0	0.0138994716712576
0	0.0138994716712576
0	0.0138994716712576
0	0.0155041951555259
0	0.0138994716712576
0	0.0183874782623282
0	0.0138994716712576
0	0.0138994716712576
0	0.0138994716712576
0	0.159570626934755
0	0.0149162938463482
0	0.355521294547163
