1	0.753516823180465
1	0.894717482354156
1	0.775027174568028
1	0.0241184013086527
1	0.860470658423828
1	0.607049302571463
1	0.929679694727202
1	0.840187212069517
1	0.923842821937344
1	0.910706587688288
1	0.819581993108154
1	0.336598679162018
1	0.155471476292877
1	0.854393543151097
1	0.890379032558466
1	0.878252680186166
1	0.562987124428496
1	0.805552066369653
1	0.791042429266205
1	0.776043193975856
1	0.757285150664321
1	0.0241184013086527
1	0.441227565229348
1	0.677391163546765
1	0.854891583043849
1	0.501844801023063
1	0.183574327308732
1	0.81110199089179
1	0.0322888122275386
1	0.927859773924019
1	0.0485488941935845
1	0.900261612399798
1	0.0241184013086527
1	0.87450960259352
1	0.845713277234304
1	0.912330740951594
1	0.907832156558525
1	0.900344363369344
1	0.0241184013086527
1	0.72624903621787
1	0.908073163243334
1	0.825199670593764
1	0.0241184013086527
1	0.0307749698332795
1	0.0241184013086527
1	0.911648158134085
1	0.891475293274417
1	0.317912104789666
1	0.872656285720553
1	0.897115943062773
1	0.191023471497392
1	0.82378231967552
1	0.879749748573324
1	0.0253656277829865
1	0.40493802555579
1	0.0241184013086527
1	0.328780430744559
1	0.185846152802695
1	0.8895445484096
1	0.889643539738264
1	0.877623105880122
1	0.854580313142274
1	0.0241184013086527
1	0.0241184013086527
1	0.885858434385721
1	0.0241184013086527
1	0.827232763846642
1	0.0241184013086527
1	0.886927061820801
1	0.929721783034694
1	0.889188172123903
1	0.740519865658179
1	0.852115786557972
1	0.0241184013086527
1	0.0241184013086527
1	0.928961875182324
1	0.871273235210152
1	0.472054694036729
1	0.921570834239976
1	0.159956961024301
1	0.848531473763789
1	0.0327522438291517
1	0.506249248369007
1	0.44166120793771
1	0.134957681098841
1	0.902095423023311
1	0.873221021087395
1	0.835030158124766
1	0.0241184013086527
1	0.833241911034165
1	0.855214222849603
1	0.0261162907945425
1	0.671226977027764
1	0.0241184013086527
1	0.0241184013086527
1	0.233597796522004
1	0.878422169734074
1	0.894547155396638
1	0.903257107865562
1	0.102101794160135
1	0.357050910042106
1	0.920504806345763
1	0.0241184013086527
1	0.762585072994215
1	0.884078242851341
1	0.0241184013086527
1	0.85134296387694
1	0.778478000169537
1	0.910671446759822
1	0.827300612484165
1	0.329420705108252
1	0.82594584031071
1	0.0283977912480654
1	0.573266069917962
1	0.35790072391069
1	0.615738201288114
1	0.937552055686645
1	0.890552032116131
1	0.732367755054936
1	0.914292630642467
1	0.908601313949462
1	0.143517296849188
1	0.916616843727684
1	0.897809606109034
1	0.494531593173921
1	0.907164377040551
1	0.584794413537879
1	0.0275455831783477
1	0.660446593068419
1	0.868001313264931
1	0.0241184013086527
1	0.920504806345763
1	0.0307894065016176
1	0.0241184013086527
1	0.22564899336859
1	0.906756680085029
1	0.0241184013086527
1	0.295739002944753
1	0.907394458590878
1	0.904210759600046
1	0.0241184013086527
1	0.181015199025798
1	0.904256471732303
1	0.842086886741987
1	0.0241184013086527
1	0.536277162504104
1	0.33019569202195
1	0.170161813270438
1	0.887844915570779
1	0.869147328530492
1	0.34042137764209
1	0.788689029479377
1	0.0379716692491466
1	0.0241184013086527
1	0.759879952583924
1	0.911412459091905
1	0.0241184013086527
1	0.367228716578468
1	0.657565989518716
1	0.0241184013086527
1	0.0241184013086527
1	0.68918910863329
1	0.679419244259863
1	0.874491457292859
1	0.910061178619556
1	0.306274089557138
1	0.761659729956762
1	0.715751719300962
1	0.15211529448289
1	0.553501572619052
1	0.737876071578902
1	0.929698959336623
1	0.819466666181427
1	0.815911493790004
1	0.576322235668819
1	0.887811972302863
1	0.367959854335091
1	0.0288922549553095
1	0.0241184013086527
1	0.0271592387969408
1	0.943826016237543
1	0.461238152921528
1	0.849518809328217
1	0.316139835269317
1	0.763363256029793
1	0.885230245218083
1	0.890267735515782
1	0.414349356385156
1	0.542292447612511
1	0.792012675197214
1	0.0241184013086527
1	0.8669465579608
1	0.792528376348722
1	0.0241184013086527
1	0.352215383365573
1	0.406441490097881
1	0.937109721449154
1	0.347228144753283
1	0.378852976328168
1	0.883425389949918
0	0.0241184013086527
0	0.0241184013086527
0	0.0241184013086527
0	0.0241184013086527
0	0.0241184013086527
0	0.0241184013086527
0	0.0277516947127068
0	0.0241184013086527
0	0.0241184013086527
0	0.0506841926902888
0	0.0241184013086527
0	0.0283977912480654
0	0.0255151922143977
0	0.0241184013086527
0	0.0241184013086527
0	0.0241184013086527
0	0.0241184013086527
0	0.0241184013086527
0	0.0241184013086527
0	0.0353387742651542
0	0.0241184013086527
0	0.0241184013086527
0	0.0254413336210287
0	0.0270735239609996
0	0.0241184013086527
0	0.0241184013086527
0	0.0241184013086527
0	0.0244748475677105
0	0.0241184013086527
0	0.0241184013086527
0	0.0241184013086527
0	0.0258567321673098
0	0.0241184013086527
0	0.0241184013086527
0	0.0278583945005406
0	0.0257307556405804
0	0.0241184013086527
0	0.0380148419029658
0	0.0327522438291517
0	0.0306056319995231
0	0.0241184013086527
0	0.0241184013086527
0	0.0270735239609996
0	0.0241184013086527
0	0.13926441553416
0	0.0241184013086527
0	0.0327522438291517
0	0.0241184013086527
0	0.0241184013086527
0	0.0241184013086527
0	0.0241184013086527
0	0.0241184013086527
0	0.0241184013086527
0	0.0241184013086527
0	0.0267550968170367
0	0.0327522438291517
0	0.0241184013086527
0	0.0270735239609996
0	0.0241184013086527
0	0.0241184013086527
0	0.0241184013086527
0	0.0241184013086527
0	0.0480599548190875
0	0.0241184013086527
0	0.0241184013086527
0	0.0241184013086527
0	0.0241184013086527
0	0.0241184013086527
0	0.0292932204653313
0	0.0241184013086527
0	0.0241184013086527
0	0.0895977594780771
0	0.0241184013086527
0	0.0241184013086527
0	0.0241184013086527
0	0.0241184013086527
0	0.0241184013086527
0	0.0241184013086527
0	0.0870744190718741
0	0.215723186959045
0	0.0245402340824205
0	0.0241184013086527
0	0.0241184013086527
0	0.0241184013086527
0	0.0241184013086527
0	0.0241184013086527
0	0.0385018360302276
0	0.0479334095614281
0	0.0241184013086527
0	0.0241184013086527
0	0.0241184013086527
0	0.0241184013086527
0	0.0241184013086527
0	0.0241184013086527
0	0.0241184013086527
0	0.0241184013086527
0	0.0241184013086527
0	0.0241184013086527
0	0.0241184013086527
0	0.0297038145722855
0	0.0241184013086527
0	0.0241184013086527
0	0.142196707717396
0	0.0327522438291517
0	0.0261859448434056
0	0.0241184013086527
0	0.0241184013086527
0	0.0241184013086527
0	0.0515323273285366
0	0.0241184013086527
0	0.0241184013086527
0	0.0565328589984673
0	0.0483883719206936
0	0.0241184013086527
0	0.0244748475677105
0	0.0241184013086527
0	0.0241184013086527
0	0.0439957783776582
0	0.0241184013086527
0	0.0241184013086527
0	0.0241184013086527
0	0.0241184013086527
0	0.0241184013086527
0	0.790541135454151
0	0.0241184013086527
0	0.0271652036776904
0	0.0241184013086527
0	0.0241184013086527
0	0.0241184013086527
0	0.265149008080785
0	0.0241184013086527
0	0.0241184013086527
0	0.0241184013086527
0	0.0241184013086527
0	0.0241184013086527
0	0.284012210014643
0	0.0241184013086527
0	0.0241184013086527
0	0.0241184013086527
0	0.0241184013086527
0	0.0241184013086527
0	0.0241184013086527
0	0.0241184013086527
0	0.0241184013086527
0	0.0241184013086527
0	0.0241184013086527
0	0.0244748475677105
0	0.0241184013086527
0	0.0241184013086527
0	0.0353387742651542
0	0.0241184013086527
0	0.0253656277829865
0	0.0261162907945425
0	0.0241184013086527
0	0.0241184013086527
0	0.0241184013086527
0	0.0444668973315335
0	0.0241184013086527
0	0.0241184013086527
0	0.0241184013086527
0	0.0241184013086527
0	0.0250044085014751
0	0.045630560895897
0	0.0241184013086527
0	0.0241184013086527
0	0.0241184013086527
0	0.875137308591751
0	0.0241184013086527
0	0.0250770312989325
0	0.0269179096684321
0	0.0241184013086527
0	0.099243916401153
0	0.0241184013086527
0	0.0270735239609996
0	0.0270735239609996
0	0.208908315459741
0	0.0241184013086527
0	0.0241184013086527
0	0.0241184013086527
0	0.0241184013086527
0	0.0241184013086527
0	0.0241184013086527
0	0.0271652036776904
0	0.0241184013086527
0	0.039347282578836
0	0.0241184013086527
0	0.0241184013086527
0	0.0241184013086527
0	0.0245402340824205
0	0.256082854885271
0	0.0241184013086527
0	0.0241184013086527
0	0.0396002001586311
0	0.0467479532278397
0	0.0711683962652715
0	0.0241184013086527
0	0.0288775871474728
0	0.0241184013086527
0	0.0241184013086527
0	0.0241184013086527
0	0.0241184013086527
0	0.0241184013086527
0	0.0241184013086527
0	0.0241184013086527
0	0.0241184013086527
0	0.0241184013086527
0	0.0241184013086527
0	0.92434020000995
0	0.0241184013086527
0	0.0241184013086527
0	0.0250770312989325
0	0.0241184013086527
0	0.0241184013086527
0	0.0241184013086527
0	0.0241184013086527
0	0.0241184013086527
0	0.0257994086787692
0	0.0241184013086527
0	0.0241184013086527
0	0.0241184013086527
0	0.0253656277829865
0	0.0241184013086527
0	0.0258567321673098
0	0.0241184013086527
0	0.0244748475677105
0	0.0241184013086527
0	0.0258086977404813
0	0.0245402340824205
0	0.0241184013086527
0	0.0241184013086527
0	0.0376722724088738
0	0.0277516947127068
0	0.0241184013086527
0	0.0241184013086527
0	0.0322888122275386
0	0.0241184013086527
0	0.0241184013086527
0	0.0241184013086527
0	0.0241184013086527
0	0.0241184013086527
0	0.0241184013086527
0	0.0241184013086527
0	0.156791782785403
0	0.0241184013086527
0	0.0241184013086527
0	0.0241184013086527
0	0.0334646729399169
0	0.0270735239609996
0	0.0241184013086527
0	0.0241184013086527
0	0.0241184013086527
0	0.0241184013086527
0	0.0241184013086527
0	0.0241184013086527
0	0.0241184013086527
0	0.0284733523202366
0	0.0270735239609996
0	0.0241184013086527
0	0.0241184013086527
0	0.0241184013086527
0	0.0241184013086527
0	0.0241184013086527
0	0.0241184013086527
0	0.0241184013086527
0	0.0241184013086527
0	0.032512975927915
0	0.0241184013086527
0	0.0241184013086527
0	0.0426244107198421
0	0.0241184013086527
0	0.0327522438291517
0	0.0241184013086527
0	0.0241184013086527
0	0.0241184013086527
0	0.0241184013086527
0	0.0241184013086527
0	0.0241184013086527
0	0.0241184013086527
0	0.0241184013086527
0	0.0241184013086527
0	0.0241184013086527
0	0.0241184013086527
0	0.0241184013086527
0	0.149152872868043
0	0.0241184013086527
0	0.0241184013086527
0	0.0241184013086527
0	0.0267517148235511
0	0.0241184013086527
0	0.0241184013086527
0	0.0473069668563744
0	0.0241184013086527
0	0.0241184013086527
0	0.069558409542018
0	0.0382297116231431
0	0.0241184013086527
0	0.0241184013086527
0	0.0241184013086527
0	0.0241184013086527
0	0.0241184013086527
0	0.0295078130035549
0	0.0285978322257349
0	0.0241184013086527
0	0.0241184013086527
0	0.0241184013086527
0	0.039681312974261
0	0.0241184013086527
0	0.0277516947127068
0	0.0241184013086527
0	0.0241184013086527
0	0.0244748475677105
0	0.0241184013086527
0	0.0420150225440046
0	0.0344534456418236
0	0.0241184013086527
0	0.0241184013086527
0	0.0241184013086527
0	0.0241184013086527
0	0.245750039147555
0	0.0241184013086527
0	0.0345951485325453
0	0.0382297116231431
0	0.0241184013086527
0	0.0327522438291517
0	0.0277516947127068
0	0.0241184013086527
0	0.0241184013086527
0	0.0270735239609996
0	0.101279843318921
0	0.0241184013086527
0	0.0270735239609996
0	0.0582772656658835
0	0.0241184013086527
0	0.0297754931898977
0	0.0241184013086527
0	0.0786784039077969
0	0.0241184013086527
0	0.0241184013086527
0	0.0241184013086527
0	0.076843093092356
0	0.0244748475677105
0	0.0254413336210287
0	0.0241184013086527
0	0.0241184013086527
0	0.0241184013086527
0	0.0241184013086527
0	0.0241184013086527
0	0.0241184013086527
0	0.0241184013086527
0	0.0241184013086527
0	0.0241184013086527
0	0.0241184013086527
0	0.0241184013086527
0	0.0241184013086527
0	0.0241184013086527
0	0.0241184013086527
0	0.0241184013086527
0	0.0241184013086527
0	0.0241184013086527
0	0.0241184013086527
0	0.0241184013086527
0	0.0382297116231431
0	0.0241184013086527
0	0.0270735239609996
0	0.0257879306273695
0	0.0241184013086527
0	0.0351733051452817
0	0.0396128752868867
0	0.0241184013086527
0	0.0241184013086527
0	0.0241184013086527
0	0.0241184013086527
0	0.0241184013086527
0	0.0241184013086527
0	0.0241184013086527
0	0.0270870678196749
0	0.0241184013086527
0	0.0257307556405804
0	0.0241184013086527
0	0.0241184013086527
0	0.0241184013086527
0	0.0241184013086527
0	0.0288694572475463
0	0.0241184013086527
0	0.0241184013086527
0	0.0241184013086527
0	0.0241184013086527
0	0.0241184013086527
0	0.0382297116231431
0	0.0241184013086527
0	0.0241184013086527
0	0.0241184013086527
0	0.0241184013086527
0	0.0281462230389427
0	0.0241184013086527
0	0.0241184013086527
0	0.0241184013086527
0	0.029195879355573
0	0.0241184013086527
0	0.0241184013086527
0	0.0241184013086527
0	0.0241184013086527
0	0.0393644834485423
0	0.0241184013086527
0	0.0792773255970488
0	0.0241184013086527
0	0.0241184013086527
0	0.0241184013086527
0	0.0270735239609996
0	0.0364490205237031
0	0.0283977912480654
0	0.0241184013086527
0	0.0241184013086527
0	0.0241184013086527
0	0.135881010641294
0	0.0241184013086527
0	0.0241184013086527
0	0.0241184013086527
0	0.0241184013086527
0	0.0241184013086527
0	0.0241184013086527
0	0.0752026343812531
0	0.0241184013086527
0	0.0241184013086527
0	0.0241184013086527
0	0.0241184013086527
0	0.0241184013086527
0	0.0241184013086527
0	0.0241184013086527
0	0.0241184013086527
0	0.0241184013086527
0	0.0241184013086527
0	0.0241184013086527
0	0.0414097314600538
0	0.0241184013086527
0	0.0241184013086527
0	0.0274724145495098
0	0.0241184013086527
0	0.0241184013086527
0	0.563327671940906
0	0.0327522438291517
0	0.0241184013086527
0	0.0241184013086527
0	0.0241184013086527
0	0.0241184013086527
0	0.0241184013086527
0	0.0241184013086527
0	0.0241184013086527
0	0.0241184013086527
0	0.886319094663579
0	0.0312483065830246
0	0.0841901562570257
0	0.0454264006892306
0	0.0241184013086527
0	0.0241184013086527
0	0.051074146426733
0	0.0288694572475463
0	0.0245402340824205
0	0.0241184013086527
0	0.0871783651687027
0	0.0241184013086527
0	0.0241184013086527
0	0.0297680686048616
0	0.0277042431958018
0	0.0261162907945425
0	0.0241184013086527
0	0.0241184013086527
0	0.0241184013086527
0	0.0241184013086527
0	0.0241184013086527
0	0.0549186097807948
0	0.0241184013086527
0	0.0241184013086527
0	0.0261162907945425
0	0.0728536899607908
0	0.0241184013086527
0	0.0241184013086527
0	0.0241184013086527
0	0.0241184013086527
0	0.0241184013086527
0	0.0241184013086527
0	0.0241184013086527
0	0.674830847155734
0	0.0244748475677105
0	0.0241184013086527
0	0.0283977912480654
0	0.0241184013086527
0	0.0241184013086527
0	0.0241184013086527
0	0.0241184013086527
0	0.0241184013086527
0	0.0241184013086527
0	0.0843357852872546
0	0.0241184013086527
0	0.0261162907945425
0	0.0261162907945425
0	0.0241184013086527
0	0.0588212829993671
0	0.0241184013086527
0	0.0241184013086527
0	0.0587681166148925
0	0.0241184013086527
0	0.0276310862754254
0	0.0307702501835662
0	0.0241184013086527
0	0.0307749698332795
0	0.0241184013086527
0	0.0241184013086527
0	0.0241184013086527
0	0.0328897520438652
0	0.0241828591551355
0	0.0241184013086527
0	0.0241184013086527
0	0.0241184013086527
0	0.0241184013086527
0	0.769675535123853
0	0.0241184013086527
0	0.0270735239609996
0	0.0241184013086527
0	0.0241184013086527
0	0.0254128590917666
0	0.0241184013086527
0	0.0241184013086527
0	0.324939312966914
0	0.0241184013086527
0	0.0347706298041563
0	0.0241184013086527
0	0.0241184013086527
0	0.0434031726869736
0	0.401197218916108
0	0.054330727837512
0	0.0295078130035549
0	0.0241184013086527
0	0.0241184013086527
0	0.0241184013086527
0	0.0241184013086527
0	0.0261162907945425
0	0.0288694572475463
0	0.0241184013086527
0	0.560176182933681
0	0.0241184013086527
0	0.0241184013086527
0	0.0241184013086527
0	0.0241184013086527
0	0.0241184013086527
0	0.0241184013086527
0	0.0241184013086527
0	0.0241184013086527
0	0.0565972398664093
0	0.0270735239609996
0	0.0251931170100702
0	0.0241184013086527
0	0.0300412893537615
0	0.0241184013086527
0	0.0241184013086527
0	0.0241184013086527
0	0.0241184013086527
0	0.0241184013086527
0	0.0241184013086527
0	0.0241184013086527
0	0.0241184013086527
0	0.0241184013086527
0	0.0375083618347599
0	0.0241184013086527
0	0.0241184013086527
0	0.0241184013086527
0	0.0244748475677105
0	0.0241184013086527
0	0.028521950513417
0	0.0395104305478266
0	0.0241184013086527
0	0.0241184013086527
0	0.0241184013086527
0	0.0241184013086527
0	0.0241184013086527
0	0.0241184013086527
0	0.0241184013086527
0	0.0583708001047871
0	0.0254413336210287
0	0.0241184013086527
0	0.0241184013086527
0	0.0245402340824205
0	0.0270735239609996
0	0.0270735239609996
0	0.0241184013086527
0	0.0241184013086527
0	0.0241184013086527
0	0.0241184013086527
0	0.0241184013086527
0	0.0244748475677105
0	0.0241184013086527
0	0.0261162907945425
0	0.0405276212782897
0	0.0241184013086527
0	0.0241184013086527
0	0.0254128590917666
0	0.0241184013086527
0	0.0254128590917666
0	0.0241184013086527
0	0.0241184013086527
0	0.0250770312989325
0	0.0377474112808807
0	0.0241184013086527
0	0.0241184013086527
0	0.0241184013086527
0	0.0241184013086527
0	0.0241184013086527
0	0.0271734868517221
0	0.0413527748352563
0	0.0241184013086527
0	0.0241184013086527
0	0.0241184013086527
0	0.0241184013086527
0	0.0241184013086527
0	0.0351073875639999
0	0.0723577767702427
0	0.0241184013086527
0	0.0241184013086527
0	0.0241184013086527
0	0.0262126868057523
0	0.0270735239609996
0	0.0266936187685048
0	0.0275149539182074
0	0.0261162907945425
0	0.0241184013086527
0	0.0241184013086527
0	0.0241184013086527
0	0.119506392873029
0	0.0241184013086527
0	0.0277516947127068
0	0.0261162907945425
0	0.0241184013086527
0	0.101588949296681
0	0.0241184013086527
0	0.0241184013086527
0	0.0241184013086527
0	0.0241184013086527
0	0.0241184013086527
0	0.0271457920138179
0	0.0381341857349197
0	0.0270735239609996
0	0.0241184013086527
0	0.0241184013086527
0	0.0457653576185357
0	0.0241184013086527
0	0.0241184013086527
0	0.0241184013086527
0	0.0241184013086527
0	0.0241184013086527
0	0.0241184013086527
0	0.0241184013086527
0	0.0241184013086527
0	0.0241184013086527
0	0.0270735239609996
0	0.0241184013086527
0	0.0241184013086527
0	0.0241184013086527
0	0.0241184013086527
0	0.0241184013086527
0	0.0241184013086527
0	0.0241184013086527
0	0.0241184013086527
0	0.0278583945005406
0	0.0241184013086527
0	0.0241184013086527
0	0.0241184013086527
0	0.0290030279979299
0	0.0261162907945425
0	0.0241184013086527
0	0.0241184013086527
0	0.0241184013086527
0	0.0254128590917666
0	0.0241184013086527
0	0.0241184013086527
0	0.0241184013086527
0	0.0241184013086527
0	0.180868817765091
0	0.0241184013086527
0	0.0241184013086527
0	0.0241184013086527
0	0.0241184013086527
0	0.0241184013086527
0	0.0241184013086527
0	0.0241184013086527
0	0.0241184013086527
0	0.0241184013086527
0	0.0241184013086527
0	0.0327522438291517
0	0.0241184013086527
0	0.0241184013086527
0	0.0323956353844252
0	0.0250770312989325
0	0.0241184013086527
0	0.0241184013086527
0	0.0241184013086527
0	0.0718551120083413
0	0.092397548756813
0	0.0241184013086527
0	0.0299110365000629
0	0.0241184013086527
0	0.0403276968350766
0	0.0241184013086527
0	0.0241184013086527
0	0.0241184013086527
0	0.0241184013086527
0	0.030021007265317
0	0.0241184013086527
0	0.225768393397164
0	0.0241184013086527
0	0.0271456598587723
0	0.0241184013086527
0	0.0261469925805883
0	0.0241184013086527
0	0.0241184013086527
0	0.0241184013086527
0	0.0241184013086527
0	0.0241184013086527
0	0.0241184013086527
0	0.0390297348848437
0	0.0241184013086527
0	0.0506625662049021
0	0.87100229117308
0	0.0825637655187618
0	0.448901083033572
0	0.0883127567012029
0	0.0250770312989325
0	0.0274988409338482
0	0.0241184013086527
0	0.0241184013086527
0	0.0241184013086527
0	0.0241184013086527
0	0.0241184013086527
0	0.0241184013086527
0	0.0241184013086527
0	0.0241184013086527
0	0.0283977912480654
0	0.0241184013086527
0	0.0322888122275386
0	0.0241184013086527
0	0.0241184013086527
0	0.0241184013086527
0	0.0241184013086527
0	0.0241184013086527
0	0.0257307556405804
0	0.0353387742651542
0	0.0241184013086527
0	0.0241184013086527
0	0.0241184013086527
0	0.0241184013086527
0	0.0241184013086527
0	0.062324318491016
0	0.0241184013086527
0	0.0241184013086527
0	0.0241184013086527
0	0.0278798078098998
0	0.0241184013086527
0	0.0241184013086527
0	0.0241184013086527
0	0.0241184013086527
0	0.0241184013086527
0	0.0241184013086527
0	0.0241184013086527
0	0.0244748475677105
0	0.0241184013086527
0	0.0241184013086527
0	0.0244748475677105
0	0.0241184013086527
0	0.0241184013086527
0	0.0241184013086527
0	0.0241184013086527
0	0.0241184013086527
0	0.0327522438291517
0	0.0490463605069171
0	0.0270735239609996
0	0.0241184013086527
0	0.0241184013086527
0	0.0241184013086527
0	0.0241184013086527
0	0.0261103933496151
0	0.0241184013086527
0	0.0241184013086527
0	0.0293088542330178
0	0.0241184013086527
0	0.0270735239609996
0	0.0288922549553095
0	0.0241184013086527
0	0.0241184013086527
0	0.0241184013086527
0	0.0254128590917666
0	0.0241184013086527
0	0.0960025557889736
0	0.441170399910977
0	0.0241184013086527
0	0.0241184013086527
0	0.0241184013086527
0	0.0241184013086527
0	0.0241184013086527
0	0.0241184013086527
0	0.0241184013086527
0	0.0354393599699215
0	0.0241184013086527
0	0.0241184013086527
0	0.0559356469431796
0	0.0241184013086527
0	0.0241184013086527
0	0.0299822423481992
0	0.0241184013086527
0	0.0241184013086527
0	0.0409424429514108
0	0.0448977141733453
0	0.0241184013086527
0	0.0241184013086527
0	0.0241184013086527
0	0.0241184013086527
0	0.0241184013086527
0	0.0241184013086527
0	0.0241184013086527
0	0.0241184013086527
0	0.0241184013086527
0	0.0270735239609996
0	0.0241184013086527
0	0.0241184013086527
0	0.0241184013086527
0	0.0241184013086527
0	0.0241184013086527
0	0.0281125863483313
0	0.0241184013086527
0	0.0482211783256569
0	0.0466479532199631
0	0.0241184013086527
0	0.0241184013086527
0	0.0245402340824205
0	0.0241184013086527
0	0.0241184013086527
0	0.0241184013086527
0	0.0241184013086527
0	0.0241184013086527
0	0.0241184013086527
0	0.0241184013086527
0	0.0270735239609996
0	0.0241184013086527
0	0.155508911951776
0	0.0241184013086527
0	0.0241184013086527
0	0.0241184013086527
0	0.0333646453432341
0	0.0270735239609996
0	0.0327522438291517
0	0.0241184013086527
0	0.0241184013086527
0	0.0241184013086527
0	0.0241184013086527
0	0.0241184013086527
0	0.0241184013086527
0	0.0241184013086527
0	0.0241184013086527
0	0.0258567321673098
0	0.0241184013086527
0	0.0241184013086527
0	0.0261859448434056
0	0.056418398066571
0	0.0355908552021999
0	0.0241184013086527
0	0.0241184013086527
0	0.0241184013086527
0	0.0241184013086527
0	0.0270735239609996
0	0.0354393599699215
0	0.0254128590917666
0	0.0241184013086527
0	0.0241184013086527
0	0.752116774535146
0	0.0241184013086527
0	0.0241184013086527
0	0.0241184013086527
0	0.0241184013086527
0	0.0241184013086527
0	0.0241184013086527
0	0.0241184013086527
0	0.0241184013086527
0	0.0294153087831447
0	0.0241184013086527
0	0.0241184013086527
0	0.0241184013086527
0	0.0241184013086527
0	0.0241184013086527
0	0.0241184013086527
0	0.0569038774720431
0	0.0241184013086527
0	0.0288775871474728
0	0.0726428178286945
0	0.0422308763901429
0	0.0241184013086527
0	0.0241184013086527
0	0.0241184013086527
0	0.0241184013086527
0	0.0241184013086527
0	0.0241184013086527
0	0.0241184013086527
0	0.0270735239609996
0	0.0241184013086527
0	0.0241184013086527
0	0.0241184013086527
0	0.0241184013086527
0	0.0241184013086527
0	0.0241184013086527
0	0.0241184013086527
0	0.0270735239609996
0	0.0241184013086527
0	0.0270735239609996
0	0.0241184013086527
0	0.0254128590917666
0	0.0241184013086527
0	0.0241184013086527
0	0.0241184013086527
0	0.0241184013086527
0	0.0241184013086527
0	0.0241184013086527
0	0.0241184013086527
0	0.0241184013086527
0	0.0241184013086527
0	0.0241184013086527
0	0.0241184013086527
0	0.0241184013086527
0	0.107315891806155
0	0.0892560864659012
0	0.0241184013086527
0	0.0244748475677105
0	0.0244748475677105
0	0.0241184013086527
0	0.0241184013086527
0	0.0355669738796734
0	0.0241184013086527
0	0.0241184013086527
0	0.0713537775435384
0	0.0254128590917666
0	0.0241184013086527
0	0.107335742625375
0	0.0385170510860944
0	0.0516858378236843
0	0.0241184013086527
0	0.0283977912480654
0	0.0241184013086527
0	0.0241184013086527
0	0.0241184013086527
0	0.0241184013086527
0	0.150436295353275
0	0.0241184013086527
0	0.0682335385909858
0	0.0270735239609996
0	0.131700085020204
0	0.0241184013086527
0	0.0241184013086527
0	0.0241184013086527
0	0.0816630229350077
0	0.0241184013086527
0	0.0241184013086527
0	0.0241184013086527
0	0.0241184013086527
0	0.0241184013086527
0	0.0452802839078163
0	0.0270735239609996
0	0.0322888122275386
0	0.0289835015435011
0	0.0241184013086527
0	0.0241184013086527
0	0.0241184013086527
0	0.0241184013086527
0	0.0241184013086527
0	0.0241184013086527
0	0.0241184013086527
0	0.0241184013086527
0	0.0241184013086527
0	0.0376722724088738
0	0.0241184013086527
0	0.0241184013086527
0	0.0241184013086527
0	0.0241184013086527
0	0.0335337384126737
0	0.0241184013086527
0	0.0241184013086527
0	0.0241184013086527
0	0.0241184013086527
0	0.0496619245228977
0	0.0251931170100702
0	0.0288694572475463
0	0.0283977912480654
0	0.0241184013086527
0	0.0407460416537171
0	0.0241184013086527
0	0.0241184013086527
0	0.0334646729399169
0	0.0241184013086527
0	0.0241184013086527
0	0.0241184013086527
0	0.0241184013086527
0	0.0241184013086527
0	0.0241184013086527
0	0.0473077591723437
0	0.0241184013086527
0	0.0241184013086527
0	0.0241184013086527
0	0.0241184013086527
0	0.0241184013086527
0	0.0241184013086527
0	0.0241184013086527
0	0.0241184013086527
0	0.0241184013086527
0	0.0241184013086527
0	0.0555036730252332
0	0.0841349730339417
0	0.0280649677646057
0	0.0241184013086527
0	0.0440024723667721
0	0.0241184013086527
0	0.0241184013086527
0	0.0241184013086527
0	0.0241184013086527
0	0.0241184013086527
0	0.0241184013086527
0	0.0241184013086527
0	0.0241184013086527
0	0.0327522438291517
0	0.0241184013086527
0	0.0241184013086527
0	0.0241184013086527
0	0.0241184013086527
0	0.0241184013086527
0	0.0241184013086527
0	0.0241184013086527
0	0.0327522438291517
0	0.0241184013086527
0	0.0241184013086527
0	0.0353387742651542
0	0.0241184013086527
0	0.0241184013086527
0	0.0241184013086527
0	0.0241184013086527
0	0.0241184013086527
0	0.0241184013086527
0	0.0359496229611145
0	0.0241184013086527
0	0.0241184013086527
0	0.0241184013086527
0	0.0241184013086527
0	0.329773246404266
0	0.0241184013086527
0	0.0241184013086527
0	0.0241184013086527
0	0.0883269881467723
0	0.0387366060199937
0	0.0241184013086527
0	0.0241184013086527
0	0.0270735239609996
0	0.0293088542330178
0	0.0241184013086527
0	0.0277516947127068
0	0.0241184013086527
0	0.0241184013086527
0	0.0241184013086527
0	0.0241184013086527
0	0.0307320970229454
0	0.0241184013086527
0	0.0241184013086527
0	0.0241184013086527
0	0.0241184013086527
0	0.0270735239609996
0	0.0244748475677105
0	0.0564555426457643
0	0.0241184013086527
0	0.0241184013086527
0	0.0241184013086527
0	0.0241184013086527
0	0.0241184013086527
0	0.0245402340824205
0	0.0241184013086527
0	0.0241184013086527
0	0.0241184013086527
0	0.0283977912480654
0	0.0241184013086527
0	0.205509863615893
0	0.0241184013086527
0	0.0241184013086527
0	0.0241184013086527
0	0.0412070803649931
0	0.0241184013086527
0	0.0325938867800592
0	0.0241184013086527
0	0.0241184013086527
0	0.0241184013086527
0	0.108688048980854
0	0.0327522438291517
0	0.0241184013086527
0	0.0241184013086527
0	0.0241184013086527
0	0.0245402340824205
0	0.0241184013086527
0	0.0241184013086527
0	0.0241184013086527
0	0.0241184013086527
0	0.0241184013086527
0	0.0241184013086527
0	0.0453917470549392
0	0.0353387742651542
0	0.0241184013086527
0	0.0241184013086527
0	0.0241184013086527
0	0.0327522438291517
0	0.0241184013086527
0	0.0241184013086527
0	0.0241184013086527
0	0.0241184013086527
0	0.681243373347174
0	0.0241184013086527
0	0.0245402340824205
0	0.0241184013086527
0	0.0241184013086527
0	0.0241184013086527
0	0.160336890511099
0	0.0241184013086527
0	0.0241184013086527
0	0.0241184013086527
0	0.0241184013086527
0	0.0303543353861457
0	0.0241184013086527
0	0.0241184013086527
0	0.28473979913352
0	0.0353387742651542
0	0.0241184013086527
0	0.0241184013086527
0	0.0241184013086527
0	0.0327522438291517
0	0.0664054859025769
0	0.030021007265317
0	0.076914188497353
0	0.0241184013086527
0	0.0241184013086527
0	0.0241184013086527
0	0.0241184013086527
0	0.0241184013086527
0	0.0241184013086527
0	0.274111821350734
0	0.0241184013086527
0	0.0506485209649385
0	0.191831419518516
0	0.0241184013086527
0	0.0241184013086527
0	0.0241184013086527
0	0.0241184013086527
0	0.0241184013086527
0	0.0241184013086527
0	0.0241184013086527
0	0.0270735239609996
0	0.0241184013086527
0	0.0241184013086527
0	0.0281935459817173
0	0.0241184013086527
0	0.0241184013086527
0	0.0299148873736838
0	0.0387601968794626
0	0.0241184013086527
0	0.0241184013086527
0	0.0241184013086527
0	0.0241184013086527
0	0.0245402340824205
0	0.0241184013086527
0	0.0270870678196749
0	0.214574174876329
0	0.0270735239609996
0	0.0241184013086527
0	0.0241184013086527
0	0.0241184013086527
0	0.0241184013086527
0	0.0241184013086527
0	0.0241184013086527
0	0.0241184013086527
0	0.0241184013086527
0	0.0241184013086527
0	0.0241184013086527
0	0.0241184013086527
0	0.0241184013086527
0	0.0283977912480654
0	0.174416131482095
0	0.0241184013086527
0	0.0241184013086527
0	0.0241184013086527
0	0.0241184013086527
0	0.0241184013086527
0	0.0241184013086527
0	0.0245402340824205
0	0.0241184013086527
0	0.0241184013086527
0	0.0241184013086527
0	0.0241184013086527
0	0.0241184013086527
0	0.0241184013086527
0	0.0241184013086527
0	0.0241184013086527
0	0.0241184013086527
0	0.0241184013086527
0	0.0241184013086527
0	0.0241184013086527
0	0.0330097194335128
0	0.0241184013086527
0	0.0241184013086527
0	0.0241184013086527
0	0.0250044085014751
0	0.0241184013086527
0	0.0241184013086527
0	0.0241184013086527
0	0.0241184013086527
0	0.0241184013086527
0	0.0330097194335128
0	0.0241184013086527
0	0.0311377847377005
0	0.0241184013086527
0	0.0257307556405804
0	0.0241184013086527
0	0.0241184013086527
0	0.0241184013086527
0	0.0261469925805883
0	0.0241184013086527
0	0.0241184013086527
0	0.0241184013086527
0	0.0241184013086527
0	0.0241184013086527
0	0.0266936187685048
0	0.136132751320703
0	0.0241184013086527
0	0.0241184013086527
0	0.0241184013086527
0	0.0241184013086527
0	0.0241184013086527
0	0.0241184013086527
0	0.0241184013086527
0	0.0241184013086527
0	0.0241184013086527
0	0.0283977912480654
0	0.0241184013086527
0	0.0241184013086527
0	0.0241184013086527
0	0.0296149103796075
0	0.0241184013086527
0	0.0270735239609996
0	0.0289835015435011
0	0.0241184013086527
0	0.0280649677646057
0	0.0241184013086527
0	0.0241184013086527
0	0.0241184013086527
0	0.0241184013086527
0	0.0241184013086527
0	0.0241184013086527
0	0.0244748475677105
0	0.0241184013086527
0	0.0241184013086527
0	0.0241184013086527
0	0.0501402544489184
0	0.0241184013086527
0	0.0322888122275386
0	0.0241184013086527
0	0.0241184013086527
0	0.0241184013086527
0	0.0394993483888995
0	0.0241184013086527
0	0.0241184013086527
0	0.121843569038739
0	0.0446124486581102
0	0.0396128752868867
0	0.0241184013086527
0	0.0241184013086527
0	0.0324915698528461
0	0.0552991913382115
0	0.0353387742651542
0	0.0241184013086527
0	0.0270735239609996
0	0.0241184013086527
0	0.0278583945005406
0	0.0241184013086527
0	0.0245402340824205
0	0.0241184013086527
0	0.0244748475677105
0	0.0241184013086527
0	0.0258567321673098
0	0.0241184013086527
0	0.0395596702426782
0	0.0241184013086527
0	0.0241184013086527
0	0.0241184013086527
0	0.0261162907945425
0	0.0241184013086527
0	0.0241184013086527
0	0.0306397419900918
0	0.0241184013086527
0	0.0241184013086527
0	0.0270735239609996
0	0.0270735239609996
0	0.0241184013086527
0	0.0241184013086527
0	0.0241184013086527
0	0.0241184013086527
0	0.0241184013086527
0	0.0241184013086527
0	0.0275149539182074
0	0.0241184013086527
0	0.0241184013086527
0	0.0241184013086527
0	0.0241184013086527
0	0.0270735239609996
0	0.0241184013086527
0	0.0241184013086527
0	0.0241184013086527
0	0.0241184013086527
0	0.0241184013086527
0	0.0516477361738652
0	0.0241184013086527
0	0.0241184013086527
0	0.0830784778521858
0	0.0241184013086527
0	0.776658879668412
0	0.467793154476847
0	0.0241184013086527
0	0.0241184013086527
0	0.0241184013086527
0	0.0270735239609996
0	0.0587878477005548
0	0.0241184013086527
0	0.0241184013086527
0	0.0241184013086527
0	0.0241184013086527
0	0.0241184013086527
0	0.0241184013086527
0	0.0322888122275386
0	0.0241184013086527
0	0.0270735239609996
0	0.0241184013086527
0	0.0276310862754254
0	0.0241184013086527
0	0.0270735239609996
0	0.729610961840679
0	0.0241184013086527
0	0.0241184013086527
0	0.0241184013086527
0	0.260815560369211
0	0.0241184013086527
0	0.0270735239609996
0	0.0805552381965956
0	0.0241184013086527
0	0.0241184013086527
0	0.0351073875639999
0	0.0241184013086527
0	0.0241184013086527
0	0.0241184013086527
0	0.0241184013086527
0	0.0241184013086527
0	0.0302931975782486
0	0.0241184013086527
0	0.0241184013086527
0	0.0241184013086527
0	0.130263968354435
0	0.0241184013086527
0	0.0241184013086527
0	0.0241184013086527
0	0.0241184013086527
0	0.0781938650385767
0	0.0241184013086527
0	0.0241184013086527
0	0.0241184013086527
0	0.0241184013086527
0	0.0373702617169531
0	0.0313548848157364
0	0.0324128696210466
0	0.0241184013086527
0	0.612605680009632
0	0.0241184013086527
0	0.0241184013086527
0	0.0241184013086527
0	0.0264863344039421
0	0.0245402340824205
0	0.0241184013086527
0	0.0382297116231431
0	0.0241184013086527
0	0.0245402340824205
0	0.0270735239609996
0	0.0241184013086527
0	0.0241184013086527
0	0.0261469925805883
0	0.0241184013086527
0	0.0241184013086527
0	0.0271652036776904
0	0.0241184013086527
0	0.0241184013086527
0	0.0241184013086527
0	0.0241184013086527
0	0.0241184013086527
0	0.0241184013086527
0	0.0716951910716084
0	0.0241184013086527
0	0.0241184013086527
0	0.038762440930589
0	0.0241184013086527
0	0.0307749698332795
0	0.0241184013086527
0	0.0241184013086527
0	0.0241184013086527
0	0.0241184013086527
0	0.0241184013086527
0	0.0241184013086527
0	0.0353387742651542
0	0.0241184013086527
0	0.0245402340824205
0	0.0241184013086527
0	0.0241184013086527
0	0.0241184013086527
0	0.0270735239609996
0	0.0241184013086527
0	0.0969901457463676
0	0.0241184013086527
0	0.0527020548809423
0	0.0244748475677105
0	0.0241184013086527
0	0.0241184013086527
0	0.0241184013086527
0	0.0241184013086527
0	0.0258567321673098
0	0.0241184013086527
0	0.0241184013086527
0	0.0241184013086527
0	0.0241184013086527
0	0.0288156151935809
0	0.0241184013086527
0	0.0241184013086527
0	0.0241184013086527
0	0.0241184013086527
0	0.0241184013086527
0	0.057163615480309
0	0.0485206975643315
0	0.0261800320923895
0	0.0241184013086527
0	0.0244748475677105
0	0.0241184013086527
0	0.0241184013086527
0	0.0241184013086527
0	0.328307942142668
0	0.0241184013086527
0	0.363971101437056
0	0.0241184013086527
0	0.0241184013086527
0	0.0278583945005406
0	0.0241184013086527
0	0.0241184013086527
0	0.0241184013086527
0	0.0241184013086527
0	0.0241184013086527
0	0.0241184013086527
0	0.0241184013086527
0	0.0261162907945425
0	0.0241184013086527
0	0.0412541560884825
0	0.0241184013086527
0	0.0241184013086527
0	0.0241184013086527
0	0.0241184013086527
0	0.0585379311108863
0	0.0241184013086527
0	0.0241184013086527
0	0.0271431276516519
0	0.0241184013086527
0	0.0241184013086527
0	0.0241184013086527
0	0.0241184013086527
0	0.0404672429279646
0	0.0241184013086527
0	0.0241184013086527
0	0.0241184013086527
0	0.0241184013086527
0	0.0241184013086527
0	0.0241184013086527
0	0.0241184013086527
0	0.0313548848157364
0	0.0261469925805883
0	0.0241184013086527
0	0.0600086205662166
0	0.0241184013086527
0	0.0304819772494393
0	0.0353387742651542
0	0.0244748475677105
0	0.0301002959388136
0	0.0241184013086527
0	0.0241184013086527
0	0.0241184013086527
0	0.0241184013086527
0	0.0241184013086527
0	0.0241184013086527
0	0.0241184013086527
0	0.0241184013086527
0	0.0245402340824205
0	0.0241184013086527
0	0.0241184013086527
0	0.0241184013086527
0	0.0241184013086527
0	0.0270735239609996
0	0.0241184013086527
0	0.0241184013086527
0	0.0241184013086527
0	0.531111073389744
0	0.0241184013086527
0	0.187516686796306
0	0.0241184013086527
0	0.0241184013086527
0	0.0241184013086527
0	0.032387386587039
0	0.0241184013086527
0	0.0241184013086527
0	0.0332440370368737
0	0.0241184013086527
0	0.0261162907945425
0	0.0241184013086527
0	0.0241184013086527
0	0.0241184013086527
0	0.0241184013086527
0	0.0241184013086527
0	0.0241184013086527
0	0.0241184013086527
0	0.0241184013086527
0	0.0241184013086527
0	0.0241184013086527
0	0.0241184013086527
0	0.0241184013086527
0	0.0241184013086527
0	0.0241184013086527
0	0.0241184013086527
0	0.0241184013086527
0	0.0241184013086527
0	0.0241184013086527
0	0.0278583945005406
0	0.0749255141380897
0	0.0241184013086527
0	0.0241184013086527
0	0.128419387786639
0	0.0241184013086527
0	0.0241184013086527
0	0.0241184013086527
0	0.0241184013086527
0	0.0487434788928731
0	0.0241184013086527
0	0.0450670350931562
0	0.0241184013086527
0	0.0241184013086527
0	0.0241184013086527
0	0.0294642266557705
0	0.0241184013086527
0	0.0241184013086527
0	0.0241184013086527
0	0.0241184013086527
0	0.0241184013086527
0	0.0241184013086527
0	0.0241184013086527
0	0.0295976251093538
0	0.0270735239609996
0	0.0241184013086527
0	0.0241184013086527
0	0.0349211304210895
0	0.0257307556405804
0	0.0241184013086527
0	0.0241184013086527
0	0.0241184013086527
0	0.0241184013086527
0	0.0241184013086527
0	0.0241184013086527
0	0.0267550968170367
0	0.0241184013086527
0	0.0241828591551355
0	0.0241184013086527
0	0.0251931170100702
0	0.0241184013086527
0	0.0270735239609996
0	0.0241184013086527
0	0.0241184013086527
0	0.0241184013086527
0	0.0241184013086527
0	0.0241184013086527
0	0.0241184013086527
0	0.0241184013086527
0	0.0261162907945425
0	0.0241184013086527
0	0.0241184013086527
0	0.0261162907945425
0	0.0241184013086527
0	0.0241184013086527
0	0.0241184013086527
0	0.755293897854869
0	0.0241184013086527
0	0.0241184013086527
0	0.868314366079748
0	0.0245402340824205
0	0.0241184013086527
0	0.0241184013086527
0	0.0241184013086527
0	0.0241184013086527
0	0.0241184013086527
0	0.0241184013086527
0	0.0241184013086527
0	0.0241184013086527
0	0.0241184013086527
0	0.0241184013086527
0	0.0241184013086527
0	0.045630560895897
0	0.0241184013086527
0	0.0241184013086527
0	0.0241184013086527
0	0.0241184013086527
0	0.0241184013086527
0	0.0241184013086527
0	0.0241184013086527
0	0.0241184013086527
0	0.0376722724088738
0	0.0241184013086527
0	0.0241184013086527
0	0.0241184013086527
0	0.0241184013086527
0	0.0288694572475463
0	0.0270735239609996
0	0.0376722724088738
0	0.0241184013086527
0	0.0267251922160301
0	0.0283977912480654
0	0.025480686123427
0	0.160985051727592
0	0.0241184013086527
0	0.0241184013086527
0	0.0378065547707873
0	0.0241184013086527
0	0.0466218180576965
0	0.0241184013086527
0	0.0241184013086527
0	0.0241184013086527
0	0.0241184013086527
0	0.0241184013086527
0	0.0241184013086527
0	0.0241184013086527
0	0.0322888122275386
0	0.275724786108549
0	0.0241184013086527
0	0.0241184013086527
0	0.0241184013086527
0	0.0241184013086527
0	0.0241184013086527
0	0.0241184013086527
0	0.0372124767492339
0	0.0241184013086527
0	0.0241184013086527
0	0.0241184013086527
0	0.0241184013086527
0	0.0241184013086527
0	0.0241184013086527
0	0.0241184013086527
0	0.0241184013086527
0	0.0283977912480654
0	0.0241184013086527
0	0.0244748475677105
0	0.0241184013086527
0	0.0241184013086527
0	0.0241184013086527
0	0.0241828591551355
0	0.0241184013086527
0	0.0241184013086527
0	0.0241184013086527
0	0.0241184013086527
0	0.0241184013086527
0	0.0270735239609996
0	0.0241184013086527
0	0.0241184013086527
0	0.0241184013086527
0	0.0241184013086527
0	0.450347035534303
0	0.0354393599699215
0	0.0245402340824205
0	0.0241184013086527
0	0.0241184013086527
0	0.0241184013086527
0	0.0241184013086527
0	0.0305309048424053
0	0.0241184013086527
0	0.0241184013086527
0	0.0241184013086527
0	0.0241184013086527
0	0.0241184013086527
0	0.0261469925805883
0	0.0250044085014751
0	0.0241184013086527
0	0.0241184013086527
0	0.0302873508775464
0	0.0241184013086527
0	0.0241184013086527
0	0.0241184013086527
0	0.0241184013086527
0	0.0241184013086527
0	0.0258086977404813
0	0.0241184013086527
0	0.0241828591551355
0	0.0241184013086527
0	0.032848736009081
0	0.0241828591551355
0	0.0391670255276895
0	0.0241184013086527
0	0.0241184013086527
0	0.0241184013086527
0	0.0241184013086527
0	0.0270735239609996
0	0.029938875805598
0	0.0241184013086527
0	0.0241184013086527
0	0.0241184013086527
0	0.0244748475677105
0	0.0241184013086527
0	0.0241184013086527
0	0.0920592029856053
0	0.0241184013086527
0	0.0432568705631199
0	0.0271913475978811
0	0.0467434609980324
0	0.0241184013086527
0	0.0241184013086527
0	0.0241184013086527
0	0.0244748475677105
0	0.0554189009102906
0	0.0278583945005406
0	0.0241184013086527
0	0.0270735239609996
0	0.0241184013086527
0	0.0241184013086527
0	0.0241184013086527
0	0.0250044085014751
0	0.0241184013086527
0	0.868440522506724
0	0.0241184013086527
0	0.0678917774820182
0	0.0241184013086527
0	0.0400245455218321
0	0.0241184013086527
0	0.0241184013086527
0	0.0353387742651542
0	0.0241184013086527
0	0.0241184013086527
0	0.0241184013086527
0	0.0241184013086527
0	0.0340543682171872
0	0.0241184013086527
0	0.0241184013086527
0	0.0638787951188769
0	0.0241184013086527
0	0.0241184013086527
0	0.0353387742651542
0	0.0241184013086527
0	0.0334274695146856
0	0.0241184013086527
0	0.0241184013086527
0	0.0241184013086527
0	0.0241184013086527
0	0.0241184013086527
0	0.0256332529148632
0	0.0241184013086527
0	0.0241184013086527
0	0.0241184013086527
0	0.0241184013086527
0	0.0244748475677105
0	0.0241184013086527
0	0.0241184013086527
0	0.0241184013086527
0	0.0241184013086527
0	0.0241184013086527
0	0.0241184013086527
0	0.0241184013086527
0	0.0241184013086527
0	0.0241184013086527
0	0.0245402340824205
0	0.0241184013086527
0	0.0241184013086527
0	0.0244748475677105
0	0.0241184013086527
0	0.0241184013086527
0	0.0241184013086527
0	0.0241184013086527
0	0.0241184013086527
0	0.0241184013086527
0	0.0254128590917666
0	0.0241184013086527
0	0.0241184013086527
0	0.0307749698332795
0	0.0241184013086527
0	0.0241184013086527
0	0.0241184013086527
0	0.0241184013086527
0	0.0241184013086527
0	0.0347094486520039
0	0.0241184013086527
0	0.0241184013086527
0	0.0241184013086527
0	0.0241184013086527
0	0.0241184013086527
0	0.0241184013086527
0	0.0241184013086527
0	0.0241184013086527
0	0.0404672429279646
0	0.0353588770817687
0	0.0241184013086527
0	0.431495880360573
0	0.0241184013086527
0	0.0241184013086527
0	0.058485650180358
0	0.0531410486517851
0	0.0241184013086527
0	0.0241184013086527
0	0.0241184013086527
0	0.0241184013086527
0	0.0241184013086527
0	0.0241184013086527
0	0.0241184013086527
0	0.0241184013086527
0	0.0241184013086527
0	0.108820166285272
0	0.822785147224433
0	0.0241184013086527
0	0.0241184013086527
0	0.0335610219171092
0	0.0241184013086527
0	0.0241184013086527
0	0.0241184013086527
0	0.0241184013086527
0	0.0241184013086527
0	0.0383637969699166
0	0.0241184013086527
0	0.0241184013086527
0	0.0241184013086527
0	0.0258567321673098
0	0.0241184013086527
0	0.0241184013086527
0	0.0241184013086527
0	0.0241184013086527
0	0.0474134014459379
0	0.0241184013086527
0	0.0241184013086527
0	0.0241184013086527
0	0.321326176540752
0	0.0241184013086527
0	0.0241184013086527
0	0.0241184013086527
0	0.0241184013086527
0	0.0241184013086527
0	0.0241184013086527
0	0.0245402340824205
0	0.0293088542330178
0	0.0241184013086527
0	0.0312570848266428
0	0.0241184013086527
0	0.0241184013086527
0	0.0241184013086527
0	0.0261800320923895
0	0.0241184013086527
0	0.043765253529504
0	0.0407460416537171
0	0.0241184013086527
0	0.0241184013086527
0	0.0347094486520039
0	0.0261162907945425
0	0.0241184013086527
0	0.0241184013086527
0	0.0241184013086527
0	0.0241184013086527
0	0.0241184013086527
0	0.117426227436845
0	0.24117823575436
0	0.0241184013086527
0	0.0241184013086527
0	0.0241184013086527
0	0.0241184013086527
0	0.0322888122275386
0	0.0241184013086527
0	0.0241184013086527
0	0.0241184013086527
0	0.0241184013086527
0	0.0241184013086527
0	0.0241184013086527
0	0.0241184013086527
0	0.0241184013086527
0	0.0241184013086527
0	0.0241184013086527
0	0.0241184013086527
0	0.0241184013086527
0	0.0241184013086527
0	0.0241184013086527
0	0.0241184013086527
0	0.0241184013086527
0	0.0241184013086527
0	0.0241184013086527
0	0.0241184013086527
0	0.0241184013086527
0	0.0241184013086527
0	0.0343762572351309
0	0.0241184013086527
0	0.0241184013086527
0	0.0479072370772356
0	0.0270735239609996
0	0.0346665858343823
0	0.0241184013086527
0	0.0241184013086527
0	0.0270735239609996
0	0.0241184013086527
0	0.332164952571579
0	0.0241184013086527
0	0.0241184013086527
0	0.0241184013086527
0	0.0241184013086527
0	0.0322888122275386
0	0.0257307556405804
0	0.0241184013086527
0	0.0241184013086527
0	0.0241184013086527
0	0.0241184013086527
0	0.0241184013086527
0	0.0311373067377048
0	0.0241184013086527
0	0.0241184013086527
0	0.039730635284296
0	0.0241184013086527
0	0.0241184013086527
0	0.0478311135514648
0	0.0241184013086527
0	0.0241184013086527
0	0.0241184013086527
0	0.0843867133682539
0	0.0241184013086527
0	0.0241184013086527
0	0.0241184013086527
0	0.0277516947127068
0	0.0241184013086527
0	0.0241184013086527
0	0.0353387742651542
0	0.0241184013086527
0	0.0241184013086527
0	0.0241184013086527
0	0.0241184013086527
0	0.0241184013086527
0	0.0520417583694832
0	0.0241184013086527
0	0.0241184013086527
0	0.0241184013086527
0	0.136907883277102
0	0.0241184013086527
0	0.0241184013086527
0	0.0241184013086527
0	0.0241184013086527
0	0.0241184013086527
0	0.0440101300785347
0	0.0241184013086527
0	0.0241184013086527
0	0.0270735239609996
0	0.0241184013086527
0	0.0241184013086527
0	0.0241184013086527
0	0.0241184013086527
0	0.0241184013086527
0	0.0241184013086527
0	0.0241184013086527
0	0.0241184013086527
0	0.0270735239609996
0	0.0241184013086527
0	0.0241184013086527
0	0.271278839333678
0	0.0241184013086527
0	0.0241184013086527
0	0.0241184013086527
0	0.403231131761133
0	0.0241184013086527
0	0.0241184013086527
0	0.0241184013086527
0	0.0241184013086527
0	0.0241184013086527
0	0.0241184013086527
0	0.0270735239609996
0	0.0290390988725642
0	0.0270735239609996
0	0.0241184013086527
0	0.0241184013086527
0	0.0261469925805883
0	0.0241184013086527
0	0.0241184013086527
0	0.0241184013086527
0	0.0241184013086527
0	0.0266936187685048
0	0.0241184013086527
0	0.0241184013086527
0	0.0241184013086527
0	0.0437164542515815
0	0.0241184013086527
0	0.0241184013086527
0	0.0241184013086527
0	0.0241184013086527
0	0.0241184013086527
