1	0.984146580475981
1	0.834377634332545
1	0.884098419194203
1	0.575597682619494
1	0.994366083344614
1	0.910765614537727
1	0.976493862116254
1	0.988657367541974
1	0.988225969381597
1	0.998075806867952
1	0.984755511878785
1	0.966987608348959
1	0.0542534059161127
1	0.888534748314211
1	0.0130250857474085
1	0.949247013903259
1	0.0132233417039487
1	0.962764092551235
1	0.0131204581370181
1	0.991702641194382
1	0.972355216412268
1	0.935769960782901
1	0.907135067161683
1	0.968243239128327
1	0.932463636553009
1	0.918984055247606
1	0.987980114844454
1	0.858203064439435
1	0.985547426547657
1	0.993010533426139
1	0.988911261247357
1	0.984708678043094
1	0.968237509783115
1	0.953252709363396
1	0.788466565237245
1	0.0347643969501132
1	0.667380358216863
1	0.824438283569568
1	0.906920473692898
1	0.959532731793876
1	0.984429541571342
1	0.74914909899615
1	0.0130581588575259
1	0.933348660587209
1	0.0133714672508214
1	0.985595629693812
1	0.994967075915555
1	0.939814097609346
1	0.986397300320215
1	0.99891142211433
1	0.987616184070351
1	0.989245988923182
1	0.896761499104692
1	0.996640755948855
1	0.804452849733705
1	0.998539997629127
1	0.993816559941418
1	0.977470930031761
1	0.864153266083467
1	0.948088037401412
1	0.874753821459487
1	0.976028735601366
1	0.0135694937233877
1	0.986104128668148
1	0.989822676520861
1	0.952176960881702
1	0.0132910987813024
1	0.978351471864004
1	0.853871154641363
1	0.905304642301778
1	0.902833837435581
1	0.778019897058353
1	0.994549353175987
1	0.0130844555450869
1	0.996983297046597
1	0.97137201177251
1	0.982697966364324
1	0.992164783598595
1	0.982400810724865
1	0.987995214071118
1	0.979650727787269
1	0.992821749198517
1	0.986672104341136
1	0.0130762338923872
1	0.898232200216659
1	0.977628938280702
1	0.93622979167721
1	0.978323497609822
1	0.692386977633759
1	0.95158616702052
1	0.979334119940162
1	0.992829535619947
1	0.755360231255158
1	0.997992770516119
1	0.844791242289304
1	0.979211311037124
1	0.877475908191172
1	0.428557812575476
1	0.97685198991258
1	0.984261249169852
1	0.992206294853981
1	0.985103162211811
1	0.929166086580122
1	0.980709141699854
1	0.995175675157972
1	0.980515962956964
1	0.990180758782202
1	0.973004954742879
1	0.569259345806922
1	0.975665795655187
1	0.0132335044259434
1	0.989917295906302
1	0.955372194374267
1	0.0130963786409682
1	0.976424571916883
1	0.985429926938653
1	0.994985910678397
1	0.954578335470576
1	0.992969922276513
1	0.989951334067898
1	0.969715548358309
1	0.878447626642404
1	0.937620856596339
1	0.85350794250188
1	0.986956765293998
1	0.97284656391342
1	0.978199268529352
1	0.891198098435459
1	0.958039851522577
1	0.981413290755383
1	0.901316215863134
1	0.910890586936877
1	0.98317655276146
1	0.947123355614872
1	0.989446466988526
1	0.968653180835861
1	0.708192559183293
1	0.974488066222228
1	0.947135100036644
1	0.942014961917094
1	0.948891381674821
1	0.991533581849521
1	0.947815057170825
1	0.972096787030673
1	0.948904577676969
1	0.0131452691205426
1	0.924551618157675
1	0.995329013065803
1	0.0130742320571301
1	0.807333008907144
1	0.96953010449025
1	0.982378543612716
1	0.984007361028821
1	0.992204464813982
1	0.0133175985620314
1	0.993816326123274
1	0.902939905595157
1	0.988469846805367
1	0.0133000586898818
1	0.997598512972349
1	0.994451536162867
1	0.998339751302555
1	0.994157048356236
1	0.97940321736481
1	0.276168842432346
1	0.988537192272159
1	0.975085354951777
1	0.989968885961148
1	0.970991384899204
1	0.988498776973914
1	0.953022181857287
1	0.947706477532905
1	0.983137292214704
1	0.790516685722462
1	0.996138541993021
1	0.993996735141108
1	0.919404997593451
1	0.00976243564615471
1	0.864655797811163
1	0.985568463198254
1	0.0131364405272867
1	0.98040632980133
1	0.0258009563895383
1	0.0247184080843417
1	0.00790054225574606
1	0.940078904498785
1	0.99483695072662
1	0.990039799341369
1	0.664109190269608
1	0.992538572396729
1	0.589600320905025
1	0.982148037971781
1	0.0130039114183929
1	0.98950777043156
1	0.0131157282854837
1	0.974562775096823
1	0.981730187891624
1	0.938551120117871
1	0.971316472800672
1	0.0232611134685587
0	0.0131395367176284
0	0.0356668248975238
0	0.0137200527016001
0	0.0131398670562364
0	0.0132455912957834
0	0.0132424948078168
0	0.0130447394225673
0	0.0135079918607653
0	0.0132665058592674
0	0.0101058589907472
0	0.0133298647144752
0	0.0130640217923462
0	0.0137331041100686
0	0.0133661018609222
0	0.0132850663128687
0	0.0131569349478347
0	0.0136644697454892
0	0.0133046022079695
0	0.0131896158939547
0	0.0132417857476261
0	0.0131104748680878
0	0.0131512969817684
0	0.0131808360394815
0	0.0131533023941389
0	0.00995327254100171
0	0.013130368392626
0	0.0591524577228315
0	0.0147356288002906
0	0.0136903539221405
0	0.0376884974821662
0	0.013079548677022
0	0.0132066422730979
0	0.0133344609226637
0	0.0132170300427013
0	0.0842242531272648
0	0.0176984235616022
0	0.0132562178943095
0	0.00973105863399229
0	0.013646360057149
0	0.0130568830254913
0	0.013886106206043
0	0.0130588101664905
0	0.00969814271494041
0	0.0133238241822017
0	0.0131303281357257
0	0.0103115447882975
0	0.0134611671548608
0	0.0121208582139516
0	0.0130438061712281
0	0.00890552357807537
0	0.0132160599343277
0	0.00971691032098916
0	0.0131795052821014
0	0.0131442320551459
0	0.0132137348943683
0	0.0131323384457349
0	0.0131381268278926
0	0.0131825091027302
0	0.00865103639368883
0	0.0160433840306089
0	0.0132350299044537
0	0.0196193321660824
0	0.0131732223425006
0	0.0140092650293894
0	0.0134083803539899
0	0.0129965181285411
0	0.0130399432116327
0	0.0130425263908127
0	0.0130840837895965
0	0.0132456616788111
0	0.0131342792600122
0	0.013066214385369
0	0.0131699998811578
0	0.00920539884113976
0	0.0137880762225293
0	0.0136642408481418
0	0.00906746388319932
0	0.0133647881559171
0	0.0131784951802914
0	0.0132321954656709
0	0.0131151170669232
0	0.0135038563225029
0	0.00763823468537221
0	0.900245235661277
0	0.0179422919857038
0	0.013083511466986
0	0.0226369144520686
0	0.0130571952993686
0	0.0132170705618649
0	0.0116682489483471
0	0.00982213318275486
0	0.0143161956677803
0	0.0130994307059723
0	0.0130967828654002
0	0.0131002661302913
0	0.0132881481807265
0	0.0138130400934603
0	0.013101514009387
0	0.0133479080113962
0	0.0132172947701189
0	0.0140967768895518
0	0.0131457205110081
0	0.0148404605529288
0	0.0147290858955393
0	0.0130168796205737
0	0.0130634156218065
0	0.0133257411730802
0	0.0131388572664158
0	0.0131041627937769
0	0.00969097228669074
0	0.0130786049482729
0	0.0105636338916059
0	0.013181509550216
0	0.0132498961673639
0	0.0106710017752601
0	0.013161485774661
0	0.0132258363862005
0	0.00909549428631511
0	0.0130768112468571
0	0.0115185610337237
0	0.0132579464591611
0	0.0198258298910813
0	0.0114666613915387
0	0.0146406366460143
0	0.0105602464873528
0	0.0134334703676133
0	0.0130975806424544
0	0.013420545248076
0	0.0131254230731238
0	0.0137300224986575
0	0.0132772087060676
0	0.0122242007884755
0	0.0195234037952116
0	0.0137024441762871
0	0.0134200763225358
0	0.0130154773972775
0	0.013687929422287
0	0.0129886908681544
0	0.00975648257162999
0	0.0144320509610598
0	0.0283230691497634
0	0.0132073332807234
0	0.013043931489721
0	0.00978380409100278
0	0.0113869769205109
0	0.0135362559912621
0	0.0131852414148556
0	0.0132618270570858
0	0.0133007663433186
0	0.013288031409884
0	0.01326895434029
0	0.0231882541745362
0	0.0130152060164379
0	0.013196615881371
0	0.0137765771484281
0	0.0131273333639093
0	0.0131833820884703
0	0.00891871908429106
0	0.0142175968568905
0	0.0131771673493272
0	0.0132027155439125
0	0.0189182405906138
0	0.0130287366248058
0	0.0143523441846519
0	0.0130447554217361
0	0.0137812172713929
0	0.0136533614216631
0	0.0134121618727983
0	0.0131865862193495
0	0.0140381223068213
0	0.0131161330992121
0	0.0130633542051946
0	0.0149431794959491
0	0.0130457420745619
0	0.0134657443428398
0	0.0136089754072761
0	0.0121334575154169
0	0.0118326490164171
0	0.0145784683941455
0	0.0130677368620551
0	0.00955323314607599
0	0.0129970734112839
0	0.0133337224815234
0	0.0132229822701279
0	0.0133388269967185
0	0.0136396815003738
0	0.0131492623073595
0	0.0130121467168458
0	0.0131382798944117
0	0.0159070719776988
0	0.0131496439531314
0	0.632610921872965
0	0.00963733065267732
0	0.013104548505136
0	0.014753121707836
0	0.0131778352883624
0	0.0133264519447973
0	0.0130850118605399
0	0.0133767144921962
0	0.0619107423911508
0	0.013146351945949
0	0.0131241514866809
0	0.0143087185060398
0	0.0132571444641191
0	0.00963597465822432
0	0.00972146360372646
0	0.00966937790665967
0	0.0130387837443096
0	0.0131649779462666
0	0.00959830787675735
0	0.0130204723337935
0	0.0130191522306443
0	0.0131341316085936
0	0.0113694366922599
0	0.0130925832796462
0	0.0133580413796103
0	0.0130755807253121
0	0.0130114950447199
0	0.0130497454404617
0	0.0142091492187367
0	0.0131136829582797
0	0.0139320348918395
0	0.0141116833924028
0	0.0130558528408584
0	0.0159087105836754
0	0.0130072559724227
0	0.01316566411207
0	0.0142389716353494
0	0.0149767095998457
0	0.0130863653023151
0	0.0137558998633342
0	0.0133300445011843
0	0.0138670605445837
0	0.0131562680540422
0	0.0133305811514968
0	0.0133082587129022
0	0.00983182485890307
0	0.0132162358918354
0	0.0132623095002071
0	0.0134890094253396
0	0.0126711293029868
0	0.0113889657172174
0	0.0132766768887618
0	0.0130385678547335
0	0.00655485115538868
0	0.0125926284841751
0	0.0296573362558422
0	0.0133263647983606
0	0.0100320085366697
0	0.0131483378023459
0	0.0137727314740126
0	0.0131067960323002
0	0.0134216723808332
0	0.0131861550047731
0	0.0133963340539375
0	0.0118182745120408
0	0.0133735559287554
0	0.013142832413544
0	0.0130832734522389
0	0.0133095511887386
0	0.0219859096437204
0	0.0130639283281184
0	0.0133098126841596
0	0.0130169700917118
0	0.0152872597102964
0	0.0132966779044026
0	0.0401929922372209
0	0.0135347450772939
0	0.0134591429449819
0	0.013156028733354
0	0.013353061922379
0	0.0132535902514806
0	0.013050548393261
0	0.013697310979245
0	0.0131015863149893
0	0.00980042630156701
0	0.0156388076366182
0	0.0132327931362287
0	0.0136474937554949
0	0.0095104626184526
0	0.0131490338626547
0	0.0133003984459158
0	0.0134721570310314
0	0.0283375551607298
0	0.017221874090532
0	0.0130270828200166
0	0.0130949542576809
0	0.00981750934357504
0	0.0130511022873728
0	0.00988118325669067
0	0.0132517918314286
0	0.0265967734919273
0	0.00968883971557104
0	0.0130924334145953
0	0.151531421750712
0	0.0175581983593615
0	0.0131193666897343
0	0.0131855944466234
0	0.01077912128577
0	0.0130684340545438
0	0.0133486953735293
0	0.00989133220071789
0	0.0133455151103496
0	0.0130888425119785
0	0.0131771188711813
0	0.0130391728875165
0	0.0133769386383514
0	0.013094542385634
0	0.0136232483686367
0	0.0136503521843935
0	0.0197823240312349
0	0.0184488854088527
0	0.0387164870096718
0	0.0141554486000257
0	0.0132815345722394
0	0.0132171732109613
0	0.013218348329023
0	0.013305058044377
0	0.0130591118081417
0	0.0141530841080566
0	0.0132916735073412
0	0.0135143052656378
0	0.0135026524455839
0	0.0131643133408748
0	0.0135661590280309
0	0.0131092797376114
0	0.00981487616888158
0	0.0131833605325801
0	0.0130181356283303
0	0.0131361854526393
0	0.0131850635550551
0	0.0134187848041724
0	0.0131120694359958
0	0.0136936403965527
0	0.0133741534753811
0	0.0133456323795076
0	0.0130146552901336
0	0.013112050675261
0	0.0137631118571138
0	0.00969146723683128
0	0.0132249876556231
0	0.0155172629494735
0	0.0131270757806128
0	0.0140381939661496
0	0.00974538124756827
0	0.013174485156423
0	0.0150292538522467
0	0.0597846309731964
0	0.0131176452277244
0	0.0130651279411838
0	0.013269013998768
0	0.0131522781444955
0	0.0130707128745105
0	0.0132185995745345
0	0.0131392359286253
0	0.0138010797299966
0	0.0139541398760725
0	0.01140186908249
0	0.0132529167636382
0	0.013076859360865
0	0.0131213243862198
0	0.0131012622818431
0	0.0133031521446893
0	0.0132794637363628
0	0.0133657249429219
0	0.0132627458822131
0	0.0131444228046392
0	0.00976743215072229
0	0.0131136320301638
0	0.0162267678379308
0	0.0296027568817347
0	0.0130561811034202
0	0.0132755509163722
0	0.013333150285504
0	0.011787371652086
0	0.0134717777421034
0	0.0130304572277476
0	0.0130038582526867
0	0.0132606806465438
0	0.0136225859949366
0	0.013380634850605
0	0.0132520301624147
0	0.0133188478113303
0	0.00980716469692471
0	0.0121996211112372
0	0.0148043270757016
0	0.0138940995179517
0	0.120695796074363
0	0.0134685156890867
0	0.013601754145947
0	0.0134095454163943
0	0.011281678711444
0	0.013448817548656
0	0.0130494440122959
0	0.0128601800935229
0	0.685806048091042
0	0.0132746186010569
0	0.0136549987884233
0	0.0230998102408603
0	0.0136862294489012
0	0.0130142775105083
0	0.01316995681259
0	0.0130972219045575
0	0.0125842400843916
0	0.0130930382374912
0	0.0134213103718131
0	0.0131215201717212
0	0.0174724540712282
0	0.0133410814457602
0	0.0131839829729061
0	0.0131973306470932
0	0.0883273473831565
0	0.0133871439443129
0	0.0131322552359586
0	0.0107612613012726
0	0.0135914346962847
0	0.0130988363014479
0	0.013837104537006
0	0.0724873434896794
0	0.00925803349975051
0	0.00956842118016752
0	0.013116749726595
0	0.0130538967783684
0	0.01338892491684
0	0.0131047547581676
0	0.0133335753430905
0	0.0131001161784655
0	0.0130336406678985
0	0.0129549964641156
0	0.0133100782929531
0	0.0133142133781964
0	0.00896450045900165
0	0.0133482016472975
0	0.0136518367804587
0	0.0131734323544467
0	0.0135444354020876
0	0.0203752022544781
0	0.0131307333940793
0	0.0130080377314218
0	0.013243184959622
0	0.00977245180304229
0	0.0136653528581749
0	0.0132738879054071
0	0.00997040364913756
0	0.0130557567655517
0	0.0131724254041429
0	0.15975233167411
0	0.0130988550435265
0	0.0134553456113399
0	0.0133889057653548
0	0.0132330581751355
0	0.0132615262164885
0	0.0207973759415869
0	0.0138340299397771
0	0.0132883708628134
0	0.00920725566495637
0	0.0649669690687868
0	0.0130986274629332
0	0.0150115665264762
0	0.0156226002501783
0	0.0139127395877077
0	0.0120081202180237
0	0.0101394067276935
0	0.013299039473151
0	0.0095562672733706
0	0.0131368728228485
0	0.0552637288819193
0	0.0130204856419574
0	0.0132418723483894
0	0.0135087922626142
0	0.0134085858442883
0	0.0180509938932232
0	0.315360208532948
0	0.0132272339354758
0	0.0134878729946843
0	0.0132380137441761
0	0.00915946511338027
0	0.00971988029446513
0	0.0130566801848696
0	0.0136226277402404
0	0.0130449927450141
0	0.012991465865753
0	0.0137517587275248
0	0.014767768625808
0	0.0131134658450377
0	0.0133649684072762
0	0.0133309461948529
0	0.0131912037823648
0	0.0129273443166313
0	0.00983858782992095
0	0.0155702676473373
0	0.0132423378370654
0	0.00901458814125987
0	0.0194036868313318
0	0.0139153710218945
0	0.0131482303059253
0	0.0133467242586182
0	0.0130449634126929
0	0.00801777079661188
0	0.0134333688064336
0	0.0124561257785298
0	0.0131705517094796
0	0.0135316184417373
0	0.0134035837232543
0	0.0129592508988454
0	0.0130655680534619
0	0.0163479123298941
0	0.0130704857763859
0	0.0130008122159747
0	0.0133430304894475
0	0.0130968631763559
0	0.013537137284889
0	0.0134014366085476
0	0.0101307851537442
0	0.0131491091145956
0	0.0131976273535166
0	0.0130828910329972
0	0.00889300070986141
0	0.0131286455062283
0	0.0134096873252371
0	0.0132239660066532
0	0.0131281544439506
0	0.0130599793998874
0	0.00884522539312666
0	0.0170178750529273
0	0.015343463655361
0	0.0135406696646085
0	0.0132845341850646
0	0.0133400727582523
0	0.0132099437759316
0	0.0121782844576401
0	0.0142149148994161
0	0.0106171284641423
0	0.0161998672819103
0	0.0136117782079149
0	0.00974208985476287
0	0.00965724161494814
0	0.0472543759171098
0	0.0131210186447639
0	0.0135335726330179
0	0.0131785436634331
0	0.0163946450369744
0	0.0132769020945453
0	0.0131742858985294
0	0.0130946494489408
0	0.0123779334887219
0	0.209343894666331
0	0.0134440121433523
0	0.0137035660735516
0	0.0132948737164307
0	0.00989738542008311
0	0.0131772454533768
0	0.013218313209058
0	0.0130613222770927
0	0.0130607749647652
0	0.0135381496046329
0	0.0120462447954288
0	0.0131630218947042
0	0.0107859187032469
0	0.0136578639486848
0	0.0130811849892182
0	0.0132256417680715
0	0.0131616417997994
0	0.0130715545073937
0	0.0138241539796831
0	0.0112602918369203
0	0.0134663775756878
0	0.0132149745312881
0	0.0130141045868255
0	0.013382289177173
0	0.0132499151226802
0	0.0098480074818951
0	0.0131757777122572
0	0.013190505519577
0	0.0135302991680646
0	0.01248173936865
0	0.0132079028489817
0	0.0132747325427095
0	0.0132718101087915
0	0.0130486197880556
0	0.013468100726704
0	0.124544700743397
0	0.0132835812944501
0	0.0133473178950495
0	0.0130647748710573
0	0.0131671818747096
0	0.0133596902206036
0	0.0134046131906035
0	0.0147051297360042
0	0.0131422360658339
0	0.0131672787590371
0	0.0140083817193655
0	0.0135351626464978
0	0.0132678940905739
0	0.0159087831340807
0	0.0134279158089169
0	0.0133183840939821
0	0.0131406029619443
0	0.0130145196074735
0	0.0137736948797188
0	0.0133773104011186
0	0.0131675532684513
0	0.0260818573725118
0	0.0130959262454416
0	0.0142786709155233
0	0.0130816903617478
0	0.0130021969324519
0	0.0139154136517566
0	0.019164378882579
0	0.0132766144830068
0	0.0131938192219001
0	0.0100413664902055
0	0.0130845946217621
0	0.0134950511668177
0	0.0132206556422475
0	0.245708515982146
0	0.0132410388392354
0	0.0132135350507896
0	0.0132919913209393
0	0.00907162226900227
0	0.0143173940077583
0	0.00966006077235387
0	0.0188225166861069
0	0.0182135230244397
0	0.0133603645561315
0	0.261351155050743
0	0.00969020307651563
0	0.0129672193244021
0	0.0131435443050027
0	0.0130380214832951
0	0.0202978804795072
0	0.0150412625095023
0	0.0130952891701978
0	0.0127516151011615
0	0.016338014639636
0	0.0139607507629378
0	0.0136652402082462
0	0.0131903518527398
0	0.00886130043339566
0	0.0101161969344215
0	0.0134218396761343
0	0.00890504796382661
0	0.0130815593373903
0	0.0137930817759874
0	0.0131003732397752
0	0.0131037824504897
0	0.0134650926673269
0	0.0133856367292758
0	0.0137117638747607
0	0.0131839910567375
0	0.0130374058430396
0	0.0135806540581426
0	0.0201135626692817
0	0.01311710094889
0	0.00963046960183522
0	0.0132347783508399
0	0.0131781504163594
0	0.00973815641617706
0	0.0132571092424611
0	0.0131563137674713
0	0.633895906620615
0	0.00955019409551523
0	0.0131506249941765
0	0.0131035681773785
0	0.00900169408693901
0	0.0131897506819104
0	0.0134886281242647
0	0.0235472156544484
0	0.0132772765414189
0	0.0132306757175284
0	0.0132902638091968
0	0.01316559145755
0	0.0130574942351125
0	0.013374022294374
0	0.0131313345947678
0	0.0133839874643603
0	0.0130555432673679
0	0.013214518093892
0	0.272215339258282
0	0.0131792817063185
0	0.0152499768401426
0	0.0134472110249173
0	0.0131414382910546
0	0.0132930887862143
0	0.0262180765426946
0	0.008955492408755
0	0.0131055155113296
0	0.0135272420591235
0	0.0305953043690702
0	0.0130434168915721
0	0.0131492461817225
0	0.0135171533230589
0	0.0130663425871827
0	0.0159588462528017
0	0.264104303476014
0	0.0146607558412963
0	0.0142821748175758
0	0.0118071437651123
0	0.0132924368158668
0	0.0133876117347419
0	0.0132644915518983
0	0.108959329788334
0	0.0134578394687611
0	0.0131408845397519
0	0.013129021194524
0	0.0132464846462069
0	0.0130702506671355
0	0.0100296718256323
0	0.0132219522807403
0	0.00971840316847272
0	0.0130102316905112
0	0.0131888098903423
0	0.0130443581147739
0	0.0133628082798981
0	0.0130250298337237
0	0.01326291393372
0	0.0131961492813358
0	0.00971982846171984
0	0.0131163100415348
0	0.0176917929710693
0	0.013222928220763
0	0.0131934632763443
0	0.0168329196275106
0	0.0132738906181451
0	0.0132084724414739
0	0.00835602595008489
0	0.00973355375388748
0	0.0132534656543773
0	0.010743429682258
0	0.0130046025920935
0	0.0132861197707421
0	0.050641813134096
0	0.0368815253223836
0	0.0131676366989019
0	0.0145252679711771
0	0.0143807834663942
0	0.0120316415506035
0	0.0142867116336223
0	0.0119887437655637
0	0.0132877734313789
0	0.0130957950803915
0	0.0134045314098576
0	0.0148177615211012
0	0.0137608264377461
0	0.0130783295953236
0	0.0130888104069503
0	0.0135578295840469
0	0.0131146586714472
0	0.0137073634634141
0	0.00959078770807748
0	0.0108043077792224
0	0.0132069418853054
0	0.0144180315159927
0	0.0133624271205212
0	0.0116509607142328
0	0.0116956435006997
0	0.0130470061644286
0	0.0170305275157349
0	0.0130827118613428
0	0.0162865316367454
0	0.0221974950175666
0	0.0163317122520245
0	0.0131489935492898
0	0.0100906437276107
0	0.0136847309608301
0	0.013437231409418
0	0.0131093654833033
0	0.0130948742846965
0	0.013148472174091
0	0.0136163645725165
0	0.0131094190746418
0	0.0135534292046427
0	0.0135747704576946
0	0.0130841854195587
0	0.0131743989904825
0	0.0113148619355476
0	0.013481232957506
0	0.0131097835014765
0	0.0132127330058864
0	0.0131869042490137
0	0.0131201148712125
0	0.00984396841484701
0	0.01396277680291
0	0.0186938501182332
0	0.01304567235842
0	0.0130205016117718
0	0.011447102398791
0	0.0134520642850803
0	0.0121020245725041
0	0.0130097902100057
0	0.0120273634160154
0	0.0132241903303107
0	0.0163114738424386
0	0.0130975404847452
0	0.0132428466454797
0	0.0141389222171934
0	0.0130206692959897
0	0.0132339831478612
0	0.0133414058774626
0	0.0143687430313699
0	0.0132914562032134
0	0.0190855963516273
0	0.0135299591484956
0	0.0139467899957114
0	0.0216091108822659
0	0.0131723930968345
0	0.0133605392882231
0	0.0131708612816973
0	0.0131848668340934
0	0.009843294168467
0	0.0159062070243435
0	0.0131941536036286
0	0.0134866325147469
0	0.0377240871923025
0	0.0375295803307354
0	0.0130775730724957
0	0.0109090843673574
0	0.0162621547786073
0	0.0151506459186619
0	0.0103483280707776
0	0.0136861343907471
0	0.0130700716662998
0	0.0131483781137271
0	0.0130723801611317
0	0.0208612170530997
0	0.0136048612154158
0	0.0131726704037765
0	0.0118747445005351
0	0.0919175942909018
0	0.0134189493219902
0	0.0134365614836247
0	0.0134859385098847
0	0.0135667909780381
0	0.0132433473534391
0	0.00972971751930249
0	0.0122596712445802
0	0.0129541086598165
0	0.0130599260079838
0	0.0368787665411222
0	0.013291578436354
0	0.013015198034733
0	0.0136522653030638
0	0.0135682351482123
0	0.0162739602098109
0	0.0154700606455129
0	0.0134334237042745
0	0.0130545879051981
0	0.0130749509725066
0	0.016035810295047
0	0.0140927475488231
0	0.0136309347820384
0	0.01333246913135
0	0.00895168443542328
0	0.0131586346021798
0	0.0130383333120313
0	0.0131449359611992
0	0.0129953598150219
0	0.0115423520016227
0	0.0160707925954486
0	0.0131768576308688
0	0.0161277065715118
0	0.0131001188561618
0	0.0130982178276969
0	0.00816841861752296
0	0.013095259726283
0	0.0132280368488208
0	0.0130831076467378
0	0.00962354429763499
0	0.0131720215684064
0	0.0133804434539409
0	0.0145718191807626
0	0.00888272511176464
0	0.0132860844731388
0	0.0132130003488505
0	0.0130521010847834
0	0.0130247369563874
0	0.0367636048474814
0	0.00959750657602537
0	0.0131091779153209
0	0.0130590343950268
0	0.0132272123088453
0	0.0161268604279382
0	0.0134432416376019
0	0.0131577582886761
0	0.0139409350769873
0	0.0117459214733955
0	0.0136981645563097
0	0.0131240817407302
0	0.0134344228836457
0	0.0132050687443108
0	0.0131345584598984
0	0.0131625833695415
0	0.0131175755158905
0	0.0131381509961734
0	0.0131493483110866
0	0.0172394377911567
0	0.0136422397074565
0	0.0135162244326378
0	0.0134175296270304
0	0.0146256673408835
0	0.0130266833813237
0	0.0132179809247147
0	0.0132202395400065
0	0.0150374011914097
0	0.0132947433025644
0	0.0132150717625655
0	0.013012551035742
0	0.00938510032894052
0	0.0133142977253574
0	0.0133364802610554
0	0.0135218542792739
0	0.014720369959029
0	0.0442864497736525
0	0.0161107962864176
0	0.0132574397878069
0	0.0285945547492882
0	0.0133401218277954
0	0.0132627729871528
0	0.0113842267224298
0	0.0131054914022862
0	0.0131901065286431
0	0.0133533061729989
0	0.0133400727582523
0	0.114999110678501
0	0.0157845580706688
0	0.0130834579801538
0	0.0131116620659962
0	0.0133264165414896
0	0.0133795466598313
0	0.0130719259116072
0	0.00889477344571237
0	0.0130284889403675
0	0.0146031430784256
0	0.0138125576458121
0	0.0131157497322594
0	0.0130177334187102
0	0.0135004234764859
0	0.0130678063125344
0	0.0136571608554506
0	0.0133549653537439
0	0.00965068918345567
0	0.0140140068849127
0	0.0130924628522396
0	0.0130345412278557
0	0.0132403731515724
0	0.013963905454517
0	0.00968031010600683
0	0.673473642833877
0	0.0137807228304421
0	0.0385925536255282
0	0.0137592670180649
0	0.0130992379232104
0	0.0132979248290498
0	0.0131387068787385
0	0.013124784582036
0	0.0131569107454606
0	0.0147101173765806
0	0.0136538156257039
0	0.0133381455564772
0	0.0137626255065183
0	0.0133363985006055
0	0.0130390209603802
0	0.0135166773400197
0	0.0131317747767795
0	0.0137436542014358
0	0.0132222607290748
0	0.0132059782915647
0	0.0137411670625726
0	0.013131758672303
0	0.0137176622456935
0	0.0107713884013127
0	0.0133042777076613
0	0.0129377242312523
0	0.0125257883837087
0	0.00995649881107855
0	0.0167771475392721
0	0.0230295178524907
0	0.00966578083529358
0	0.0131210132809414
0	0.00928387618877744
0	0.0131960602785534
0	0.0132149367193153
0	0.0133415994496643
0	0.00840626711722242
0	0.0164520432422906
0	0.0130526213572478
0	0.0132007000005837
0	0.00962520457819315
0	0.0141195121726156
0	0.0134080850296615
0	0.0130291787397608
0	0.0132558819608039
0	0.013097489618488
0	0.013160493174708
0	0.0131304542744202
0	0.0131915596677767
0	0.0164975284545874
0	0.0137029866243279
0	0.0133402445024323
0	0.0131782042851371
0	0.012017354814641
0	0.0137727951946223
0	0.0132093120272002
0	0.0132331366060203
0	0.0133778872002898
0	0.851720542686399
0	0.0130931078206546
0	0.0161053539040623
0	0.0130243162894027
0	0.0181534010918639
0	0.0130455900718959
0	0.0131674429257532
0	0.0135011241281532
0	0.0202779771555556
0	0.0131006597618921
0	0.0133513798136607
0	0.0130504336827335
0	0.0134769035172818
0	0.013089687972352
0	0.0132738472144034
0	0.0131456613994817
0	0.0133266153458812
0	0.0130379095465695
0	0.0135604589317449
0	0.0132013772108599
0	0.0136953412776742
0	0.0130238423894928
0	0.0134409907434528
0	0.00833449403952549
0	0.0132023188868936
0	0.0136610952884137
0	0.013609069803216
0	0.0133420493112567
0	0.342020685918136
0	0.0137212158503692
0	0.0131176613151225
0	0.0137735345136672
0	0.0180330985927799
0	0.0101428771651883
0	0.0167343005277761
0	0.0188718847011948
0	0.0141018608270032
0	0.0131209086868361
0	0.0133678263944075
0	0.0131489827990797
0	0.0135868381538234
0	0.013245821395512
0	0.0130635010714796
0	0.00969626100064505
0	0.0131102095719949
0	0.0131660785194881
0	0.0130996342019248
0	0.0452145629708683
0	0.0131762920765648
0	0.0130663399162989
0	0.0132487805587299
0	0.0113807441541163
0	0.0132521303710239
0	0.0134180115970789
0	0.00964085740453406
0	0.0131651259398279
0	0.0165209520347486
0	0.0144570511144311
0	0.0134456494725651
0	0.0132834247932789
0	0.0135440535241972
0	0.0132378189492612
0	0.013533531156871
0	0.0130891368116907
0	0.0130206666343188
0	0.0131588174892896
0	0.0162504186399278
0	0.01299461334126
0	0.0224937706994831
0	0.0136886704297888
0	0.0136097844906839
0	0.0119499570794412
0	0.0130931559938276
0	0.0100454361401112
0	0.0130775784187953
0	0.0130571926303299
0	0.0135796996399859
0	0.00905935544242009
0	0.0173057268724371
0	0.0105449440738953
0	0.0133495992664567
0	0.614530014539471
0	0.0132094524132311
0	0.0130676513850421
0	0.013435732358798
0	0.0132091527448323
0	0.0210980950338477
0	0.0132560607630759
0	0.0132967213817916
0	0.0135991200771899
0	0.0130026939775066
0	0.0133164664446587
0	0.0133265064116056
0	0.0130305025098002
0	0.0139011341704916
0	0.0156057171175989
0	0.0115968104183586
0	0.0130585699258461
0	0.00965076440548377
0	0.0132549852762066
0	0.0136518051264646
0	0.0134407270894229
0	0.0135346565874385
0	0.013023427075473
0	0.0131950030786831
0	0.0120028411823032
0	0.0135722441385243
0	0.0133133808183735
0	0.0131002982630457
0	0.0248873101604012
0	0.0160139243806206
0	0.0130757848563004
0	0.925968172546582
0	0.015057758642128
0	0.0100985258824706
0	0.0138996252136223
0	0.0195112383551099
0	0.013002063655764
0	0.00914319629969302
0	0.0134770632305298
0	0.0132427573319688
0	0.0326798280114821
0	0.0131199781037118
0	0.0147875585509824
0	0.0133114737425637
0	0.013366700034924
0	0.0130302201654182
0	0.0225546153298901
0	0.0189306625602017
0	0.0133567093500603
0	0.0131674886774929
0	0.0135719474443106
0	0.00983067361574138
0	0.0133885145337858
0	0.0130910793535576
0	0.0134316698276648
0	0.0129317450879249
0	0.013343401712569
0	0.0133048378053997
0	0.752732314025822
0	0.0129981123045499
0	0.0142666027625239
0	0.0128392726818939
0	0.0134783575274354
0	0.0131982801308149
0	0.013212719503858
0	0.0135728104272286
0	0.0130398019377575
0	0.0196984841885552
0	0.0131261715953962
0	0.0157350907523295
0	0.0134447791645366
0	0.0147468333934342
0	0.0132540426028516
0	0.0133044870618606
0	0.0131995345237152
0	0.0131219305260281
0	0.0132438859736627
0	0.0132338884839799
0	0.248991486007951
0	0.0130712953322047
0	0.0133432381084465
0	0.0135133057484199
0	0.0132857830896784
0	0.0132541265739439
0	0.0137910544094909
0	0.0172305847234214
0	0.0130272958589281
0	0.0131622578479144
0	0.00543771100909585
0	0.0103103566793965
0	0.0132140319646585
0	0.0135465414556991
0	0.0132934664001336
0	0.0133772885324384
0	0.015124869280995
0	0.0130985551734435
0	0.0131071844992588
0	0.0131063459606511
0	0.013110833964166
0	0.0132114719751794
0	0.0135685872049998
0	0.0131913304980543
0	0.013585127387449
0	0.013530706511459
0	0.0147738960208341
0	0.0137530678003812
0	0.0132491379766495
0	0.0314718764558622
0	0.013124781899365
0	0.0130346744519977
0	0.0109957383887077
0	0.0130394767470296
0	0.0132366556496168
0	0.0136596385808156
0	0.0155388633201112
0	0.00967046284042976
0	0.0100728797713864
0	0.0131578788746886
0	0.0164845613534158
0	0.0133180476252684
0	0.0142943706236327
0	0.016097202485291
0	0.0138321566874003
0	0.0131047869017858
0	0.00836617944155729
0	0.0153997867748069
0	0.0130917750988855
0	0.0822566318559061
0	0.0138231696861508
0	0.0131110108359508
0	0.013139026454583
0	0.0130375071152228
0	0.0135085272968229
0	0.0142410300245565
0	0.0137110806400401
0	0.0131541707829063
0	0.0119794679725677
0	0.00979468559950781
0	0.0132403217380452
0	0.00963400623288684
0	0.0131381805352428
0	0.011533257043313
0	0.014556257610707
0	0.00972495724221058
0	0.0131334819618078
0	0.016205444804783
0	0.0562019772231012
0	0.0244558638338687
0	0.0132667851208476
0	0.0131417874795222
0	0.0252784266833762
0	0.013108968914117
0	0.013134018857704
0	0.0130422411233176
0	0.00976843982647355
0	0.013238971526975
0	0.0133739594372579
0	0.0131863113184495
0	0.0133722022888758
0	0.0122475481198741
0	0.0131288091976817
0	0.0161474633356797
0	0.0135880030733231
0	0.0131569994877137
0	0.0133478006784761
0	0.0132241524923221
0	0.0255907748214962
0	0.013150383086937
0	0.0131425691576596
0	0.0131618973621582
0	0.0132282585370701
0	0.013674584081918
0	0.0131027325452786
0	0.040112458439441
0	0.0133346516704738
0	0.0125674163072428
0	0.0130768005548791
0	0.0132616942527488
0	0.0133171219099591
0	0.0131110215555286
0	0.0196401563036439
0	0.0131552059331977
0	0.0158587492754514
0	0.0132520978708525
0	0.0132171705096592
0	0.013797587460562
0	0.0254535786997318
0	0.0120177908959993
0	0.0133146977013295
0	0.0131065468836101
0	0.0131581531907484
0	0.00968984532494092
0	0.0130693610301314
0	0.0130635571481273
0	0.0134877137347032
0	0.013483745508028
0	0.0145999317590223
0	0.0234186603563259
0	0.0134906787594515
0	0.0101662033769994
0	0.0096104398217102
0	0.733542211311598
0	0.0132357007371523
0	0.0131116915463007
0	0.00999405280705475
0	0.00887730804284031
0	0.0159595878509694
0	0.0133422238070535
0	0.0150980234225712
0	0.0132708011640483
0	0.0132424460925596
0	0.0130231838183393
0	0.0132999961757042
0	0.0134003604401916
0	0.0132553943303371
0	0.0130911542782245
0	0.0107463593963661
0	0.0130974521382127
0	0.0131638720827072
0	0.013232436153326
0	0.0102553046468844
0	0.0136157247819438
0	0.0132425732938809
0	0.0133103448589202
0	0.013138528632932
0	0.013242253939658
0	0.0135982782815639
0	0.0131454115218358
0	0.0130663425871827
0	0.0132143371437269
0	0.00718941991103618
0	0.0130086413661786
0	0.878447626642404
0	0.0130230783282824
0	0.0135859656045494
0	0.00896005784264259
0	0.290877681929753
0	0.0130896852967595
0	0.00972198373866969
0	0.0130699701445128
0	0.0134325783020602
0	0.0131345530906146
0	0.00957521488286009
0	0.00971257059390455
0	0.0130025238637196
0	0.0139827943250086
0	0.0131528910718338
0	0.0131068924782091
0	0.0134149493610336
0	0.0130464247747536
0	0.0131502110666824
0	0.0136511134958648
0	0.0132111128596792
0	0.0132649524031401
0	0.0130337675568726
0	0.0134379919798608
0	0.0131685894578071
0	0.0131814906914534
0	0.0133324255386529
0	0.00738202130916583
0	0.0130479716477957
0	0.012858725568133
0	0.013084038323813
0	0.178687347824447
0	0.015439486253205
0	0.0131128895740044
0	0.0119403449489752
0	0.0130857153120495
0	0.0135938762385911
0	0.02345759036627
0	0.00907706853368606
0	0.0132265148687167
0	0.0135578604498777
0	0.0132464386236723
0	0.0131399717994572
0	0.00968016714847602
0	0.00968759377775771
0	0.0132678886675166
0	0.0132753799938603
0	0.013244097097033
0	0.0135252356834933
0	0.0133187852100304
0	0.0169142883213331
0	0.0154560095762756
0	0.013112275805827
0	0.0132985258171225
0	0.0131255572138025
0	0.0144856057034464
0	0.0133823493383044
0	0.0276749392329573
0	0.0133130026463981
0	0.0176129754880347
0	0.00919261517682868
0	0.0135870158070371
0	0.0140964170808223
0	0.020681261544613
0	0.0134589834412053
0	0.0130942399364589
0	0.013384939829739
0	0.010914340565393
0	0.0130879890797361
0	0.01341596089185
0	0.0138373815099037
0	0.0140803040584011
0	0.0131979888047789
0	0.0134287505229767
0	0.0131634200772769
0	0.0118495552649319
0	0.0132004194135402
0	0.011106039072646
0	0.0132381327869052
0	0.0137425284775085
0	0.0131351544638632
0	0.0130796449250895
0	0.0132035466729362
0	0.0142029247564564
0	0.0134299216653075
0	0.0131764428887041
0	0.0134717634000291
0	0.0131996154563284
0	0.0121087122697145
0	0.00994307216664226
0	0.0132198126433437
0	0.013146397625382
0	0.0108378762001726
0	0.0137301861513944
0	0.013685977825795
0	0.0130657069320369
0	0.0131047842231479
0	0.0130580894576408
0	0.0138264198191005
0	0.0131785840661855
0	0.0132778083824214
0	0.0131600762509575
0	0.0131426121378568
0	0.00886939705594392
0	0.0131277948797878
0	0.0141047363101139
0	0.0265718661664208
0	0.0130657683595636
0	0.0131395394032751
0	0.0130772522984681
0	0.0132527289299067
0	0.0142956730606717
0	0.0375065670232079
0	0.0131497810257592
0	0.0133006566662281
0	0.0136098150755232
0	0.0151738159282866
0	0.0134306663220119
0	0.0133119280428737
0	0.012296637169333
0	0.0133159412397541
0	0.0114089218466179
0	0.013109274378524
0	0.0344151881538635
0	0.0133638896659741
0	0.0371030717772611
0	0.019657351494268
0	0.0136767827341622
0	0.0133170869203064
0	0.0136498474551821
0	0.013193096554469
0	0.0131004723168172
0	0.0136220544490986
0	0.0130374511489203
0	0.00900863266164212
0	0.0120332862507717
0	0.0102677240797716
0	0.018460968517062
0	0.0130984132729976
0	0.0195261963987084
0	0.0133347170703426
0	0.0133438461804254
0	0.0134355374394273
0	0.013160571181244
0	0.0131869473722627
0	0.0130822893467303
0	0.013130639458925
0	0.0132107884678208
0	0.0581124196584164
0	0.0131092154287056
0	0.0134295896221561
0	0.0132949932635835
0	0.0131673621877716
0	0.0137515592872965
0	0.0299721468038158
0	0.013316044646358
0	0.0137389020751381
0	0.00961663970590059
0	0.0132530431162838
0	0.0131944960839047
0	0.0131016907571101
0	0.0131001857987454
0	0.0331696055219701
0	0.0131934794554822
0	0.0137110590999341
0	0.0101716069784663
0	0.0139681491085118
0	0.00971295507439596
0	0.0131072487983339
0	0.0132983600381377
0	0.0130788829803559
0	0.012066979813068
0	0.0125752105115213
0	0.0130626626204081
0	0.0132286613702216
0	0.013316044646358
0	0.0129636146105396
0	0.0132925563414023
0	0.0134348264191718
0	0.0133469142249559
0	0.0103459876660802
0	0.0133491918456948
0	0.0130928482237883
0	0.0131438075801599
0	0.0582184594580495
0	0.0121335824504484
0	0.0100092367743777
0	0.0131572173121116
0	0.0193257732534021
0	0.0130684233693245
0	0.0133369823091944
0	0.0132337424324449
0	0.0132106187540941
0	0.0131180956822325
0	0.0131350497585318
0	0.0131557679055856
0	0.0198776433654766
0	0.011545483233705
0	0.0132351191665473
0	0.0131417256993575
0	0.0136039271844458
0	0.01370098533098
0	0.0196091610441131
0	0.00955737100721874
0	0.0130602036482345
0	0.0230083283691642
0	0.0131392037016351
0	0.0133071986563624
0	0.0168001321128772
0	0.01317695458544
0	0.0133241128026348
0	0.0131683956708248
0	0.01313011811085
0	0.140109628916554
0	0.0142457759032937
0	0.0131083151367083
0	0.0131525523453473
0	0.0130840062304126
0	0.0131659439702141
0	0.0131294264130764
0	0.0130696896278312
0	0.0329230335678948
0	0.0170319052091742
0	0.0131713054630715
0	0.0131741970412381
0	0.0132899052967806
0	0.0131804881359584
0	0.013028459644666
0	0.0130264623637743
0	0.0133781879110081
0	0.013231378395719
0	0.0108313967153689
0	0.0133075271422661
0	0.013007335741625
0	0.0090809290230985
0	0.0134017570110145
0	0.0131903275897165
0	0.00891082248786201
0	0.013149044612906
0	0.0121534411986753
0	0.011987934573737
0	0.0139646601926032
0	0.0130841827450761
0	0.011772481334317
0	0.0123123000482215
0	0.0129512256520086
0	0.0442264024384884
0	0.0131194364109607
0	0.0133667710527691
0	0.013386291430801
0	0.0136578304672452
0	0.0164880376513186
0	0.0472689082986835
0	0.0130638962833922
0	0.0138583766892206
0	0.0135745097622512
0	0.0155267263353116
0	0.102249667948991
0	0.0132903018338006
0	0.0131155888822853
0	0.0179035934240117
0	0.0133811188227894
0	0.0119477479873392
0	0.0130937340855457
0	0.0196936906055039
0	0.0130120695784646
0	0.0132079028489817
0	0.0179378642261499
0	0.0130601636036082
0	0.00523472644138111
0	0.0130526533746833
0	0.0117064367123447
0	0.0142600669765448
0	0.0137761072122915
0	0.0141457202073435
0	0.0163933665150829
0	0.0308544604502024
0	0.0139797005917063
0	0.0149643065845733
0	0.0132832881109039
0	0.00982905685860073
0	0.0114376082657551
0	0.0088772715967577
0	0.0161313812118776
0	0.014883477715165
0	0.0133486501277169
0	0.0130825006023535
0	0.0135132367236793
0	0.0137292989153879
0	0.0136932935318988
0	0.0120323333809494
0	0.0130759051323316
0	0.0181403032694735
0	0.0131775659540872
0	0.0132872303348872
0	0.0143336953921599
0	0.0130316026450259
0	0.0129920103119131
0	0.0134989836671395
0	0.0131301805281334
0	0.0133288868256315
0	0.0198805932646361
0	0.0488024950328364
0	0.0137403165966144
0	0.013100349140066
0	0.00835460899856254
0	0.0132657060645019
0	0.013034210837782
0	0.013633886877221
0	0.0133673747194813
0	0.014533351574738
0	0.0141224646915704
0	0.0133207042078807
0	0.00887820446376005
0	0.0132652180775042
0	0.0134948967578876
0	0.0131349772707079
0	0.0492830872716367
0	0.0128702561834247
0	0.0130030209211075
0	0.013351068784178
0	0.0131463707551083
0	0.0130147643693627
0	0.0156014598216852
0	0.0131562976333019
0	0.0135515463579853
0	0.0336814302205749
0	0.0131424160418343
0	0.0241985028565201
0	0.0134045779741976
0	0.0130602650502303
0	0.0130539464785844
0	0.0131634792675928
0	0.0130790834878814
0	0.0133751401065427
0	0.0243808455180698
0	0.013321316711418
0	0.0101135328881194
0	0.0133225064087839
0	0.0147138930589747
0	0.0384356570920351
0	0.0137379451093127
0	0.0133090066421114
0	0.0131382933213833
0	0.0133717683938909
0	0.19599898100551
0	0.0131205385912232
0	0.0130865017240699
0	0.0137958881483019
0	0.0131517082548868
0	0.00913480298389887
0	0.0131889608438421
0	0.0137103196980056
0	0.0138010797299966
0	0.0137683447119182
0	0.0130561917787622
0	0.0137082802815812
0	0.0131074363390809
0	0.0136626358814953
0	0.00965844010303061
0	0.0134351585900384
0	0.023666678914696
0	0.0209903184597435
0	0.0130257806943995
0	0.0097652151116559
0	0.0142550511485419
0	0.00986521643570723
0	0.0131036512077988
0	0.0174277383789784
0	0.0130610739813785
0	0.013278386376321
0	0.0133222051630596
0	0.04175188349723
0	0.0145428271767131
0	0.0134324182595602
0	0.00830470654457996
0	0.0131982126936682
0	0.0131185247007158
0	0.0148081386620329
0	0.0133584108498666
0	0.0097689954944306
0	0.0138459534134715
0	0.0131006999290382
0	0.013033360920648
0	0.0149485032864922
0	0.0134899180040729
0	0.0917504221534665
0	0.0132597809318112
0	0.0133590186485501
0	0.0131213109763594
0	0.0132561257826738
0	0.0130112663021412
0	0.0135246056426198
0	0.996767298365936
0	0.0136377812650201
0	0.0137990896778957
0	0.0133087346630558
0	0.0132317086948507
0	0.0131722046390933
0	0.0363051577972903
0	0.0136125763316537
0	0.01339184894881
0	0.0132237119578879
0	0.0130486597977547
0	0.0119052243712877
0	0.0131572146228998
0	0.0133086285927103
0	0.0136306563150347
0	0.0131095610927343
0	0.0141470078882062
0	0.467953731897848
0	0.0140851624726274
0	0.0133251366380639
0	0.0153909720069399
0	0.0147356089918672
0	0.0130651220494275
0	0.0130784926677388
0	0.0148777022314321
0	0.0142119229575156
0	0.0131491548034812
0	0.0128244299065359
0	0.00965719209381577
0	0.0135292054684086
0	0.0137086869913691
0	0.0133618989993289
0	0.0130798187080924
0	0.0132172758608441
0	0.0134098873549846
0	0.00974820617423131
0	0.0130649618121254
0	0.0133083103866778
0	0.0140119404862166
0	0.0147192585425391
0	0.0149212291659176
0	0.0133616368757243
0	0.0130496920898434
0	0.0132431551876353
0	0.0130812759013739
0	0.00868430692181777
0	0.019655623329602
0	0.00863172786114478
0	0.0134988606922753
0	0.0130524345904189
0	0.0607240883656937
0	0.0326982473159351
0	0.0132622525818594
0	0.0131786433237769
0	0.013229120993297
0	0.0131220404924054
0	0.0149996966921409
0	0.096311812390211
0	0.0130512953698667
0	0.0138147725278033
0	0.0135001752226892
0	0.0134547380260645
0	0.0095290412995756
0	0.0131324433348202
0	0.0132326443921979
0	0.0133391949887288
0	0.00956287783869945
0	0.0165216070873256
0	0.0100044081829973
0	0.0132293345882057
0	0.0131036940624124
0	0.0130644437247872
0	0.00902180167084708
0	0.0144397242645685
0	0.0131148168295035
0	0.013129783337652
0	0.0131554049063586
0	0.0134588596895597
0	0.0132557410879623
0	0.008598994864644
0	0.0134254191912998
0	0.0101510355432031
0	0.0138909312279162
0	0.0139875081421199
0	0.017975889568083
0	0.0130873390098882
0	0.0130704457006505
0	0.0132046423309749
0	0.0141688886576078
0	0.00926776973596971
0	0.00863845353173327
0	0.013099363767196
0	0.0143339886326948
0	0.013045846077393
0	0.0131401302587162
0	0.0163584546607169
0	0.0131136079063875
0	0.0133680111935998
0	0.0132758140870242
0	0.0133723355403489
0	0.0131923226964576
0	0.0132493166891765
0	0.00959755776278903
0	0.0135024317393853
0	0.0209231193410462
0	0.0349208702948546
0	0.00969220871500001
0	0.0133381782648241
0	0.0135474686644653
0	0.0165029364136741
0	0.0132647680607479
0	0.0132704404575441
0	0.0131708693575903
0	0.0131937679867288
0	0.0151212139912232
0	0.0131843925598464
0	0.0130379770982366
0	0.0131806366868167
0	0.0122921025676272
0	0.0145044430355914
0	0.0133689017612102
0	0.0132715470164441
0	0.0131638667016001
0	0.0131039645853525
0	0.0134099838370264
0	0.00972703982899222
0	0.0133588139075972
0	0.0132050201648906
0	0.0134214776626632
0	0.0132299348351515
0	0.0131683041612834
0	0.0146944880396571
0	0.0133373742075651
0	0.0134963995616998
0	0.0140262409180967
0	0.0137713902878633
0	0.0152529754303544
0	0.0130833269383268
0	0.0187368435857416
0	0.0133798780575117
0	0.0130601102109615
0	0.0132118148989695
0	0.0131643563912334
0	0.0171277587229629
0	0.00992607381227654
0	0.0132842545549022
0	0.0143502816584539
0	0.0132828374893817
0	0.0090064122589246
0	0.0133120024461225
0	0.0130764450515212
0	0.0131263674522616
0	0.0131281812774868
0	0.0135775579888776
0	0.0119332996062427
0	0.0142505964891334
0	0.0139632913417253
0	0.0134119234416326
0	0.00973536660617928
0	0.00899676230868525
0	0.013604065094998
0	0.0131138598679882
0	0.0133664596695944
0	0.0132870809871911
0	0.01345014323649
0	0.0131081999251716
0	0.0130516982211899
0	0.0131123508501966
0	0.013305242939135
0	0.0141756059426378
0	0.0134998524321599
0	0.01332490790214
0	0.0134805443415738
0	0.0140795934968658
0	0.0134092543942184
0	0.0130007696933958
0	0.0131480126283295
0	0.275821332997795
0	0.012755801675413
0	0.0133029835902065
0	0.013227285298863
0	0.0395823395959523
0	0.0132437262799857
0	0.0799453788969948
0	0.0131961223107331
0	0.0138267502396999
0	0.0133607194830536
0	0.0131955829101008
0	0.0131154494805488
0	0.00997642427345934
0	0.0227070429974163
0	0.013097999964794
0	0.0116327479286313
0	0.034440239140943
0	0.00882091897816567
0	0.0134568963136212
0	0.0131384625023852
0	0.0197325567603778
0	0.013453239797939
0	0.01314358997481
0	0.0133531724649842
0	0.0302694933943438
0	0.00971618889265181
0	0.0195521538517367
0	0.0130398685761897
0	0.0134262970705696
0	0.0130743603365686
0	0.0132221580409965
0	0.0132492165015579
0	0.013081997872979
0	0.0131114181859859
0	0.0131079078817993
0	0.0131286455062283
0	0.0130581695344636
0	0.013665413289106
0	0.0133179197087643
0	0.0133058166728281
0	0.0131076104864309
0	0.0131810569472604
0	0.00974553343968643
0	0.0130668874587383
0	0.013232917541594
0	0.0150791725359776
0	0.0133528040925919
0	0.085166469032318
0	0.0133289467499317
0	0.0138868757153907
0	0.00975348552105234
0	0.0159996605068448
0	0.0223324076309726
0	0.0430948946284912
0	0.403476099152664
0	0.0130856591415467
0	0.0133093711026425
0	0.0130249659326597
0	0.0132247741299574
0	0.0133111962732514
0	0.0183298206613336
0	0.0137444290667441
0	0.0135604561612468
0	0.0134403371105237
0	0.191180749846166
0	0.00975824961804097
0	0.0130189898883696
0	0.0131418438877489
0	0.013948940635156
0	0.0130927063843472
0	0.0130162090891281
0	0.0133529896418772
0	0.0132805058996593
0	0.0132902746733584
0	0.00957402465817268
0	0.0131109625979578
0	0.0131393916935109
0	0.0130265289349359
0	0.0221462925636888
0	0.00977751755201695
0	0.0132291696601921
0	0.588007761453157
0	0.0134960631399022
0	0.0132618677117369
0	0.0130244174612504
0	0.261834191625115
0	0.0215760428239409
0	0.0132719403007222
0	0.0130823936370603
0	0.0132062293051015
0	0.0132199126115958
0	0.013159309683233
0	0.0132553157693061
0	0.0130503669910237
0	0.0132258958534147
0	0.0131005606834514
0	0.0153209996270687
0	0.0133127982120931
0	0.0132657494419809
0	0.0160765445458533
0	0.0333545927872666
0	0.0131340698639405
0	0.0130829124267894
0	0.0132250254959693
0	0.0132406058678958
0	0.0139170166280089
0	0.0131967507399046
0	0.0130901562093509
0	0.0098476051736035
0	0.0131744178392344
0	0.0130362439335375
0	0.0134056572159577
