1	0.581041359336573
1	0.179272101422846
1	0.882968803615037
1	0.96230453247927
1	0.954501417148346
1	0.906322214044751
1	0.936920091757089
1	0.459404815619094
1	0.343097444021551
1	0.0947608002773365
1	0.844381966282529
1	0.121299902122003
1	0.959374939240502
1	0.478745480779966
1	0.801553068088467
1	0.965041545385446
1	0.973329587600685
1	0.975583571067214
1	0.712466951026402
1	0.197646016377267
1	0.0674975391223263
1	0.90568073421697
1	0.96076976215119
1	0.590216020064149
1	0.808153899631825
1	0.472307720745246
1	0.339459781315001
1	0.0344083595990314
1	0.940838467759474
1	0.902114246678172
1	0.914536977769291
1	0.0210745804084808
1	0.923611953313536
1	0.410330967311633
1	0.920772368154881
1	0.0761830505786607
1	0.729862298865827
1	0.975568090173538
1	0.904663772070601
1	0.897773022809409
1	0.867370001194682
1	0.905636308428143
1	0.920147525246648
1	0.782636291744691
1	0.987332195514734
1	0.603455741336551
1	0.86012616474064
1	0.608625528552093
1	0.37992324289459
1	0.0396253562534686
1	0.844630176548145
1	0.967518514385004
1	0.183716599585794
1	0.939120011567362
1	0.918837197215417
1	0.346142603644727
1	0.0236789428504879
1	0.933119447137065
1	0.785942686918787
1	0.919882080361654
1	0.824097031406755
1	0.0547391258062378
1	0.0732496916722141
1	0.870449351767427
1	0.896694266673733
1	0.910774462297184
1	0.964050444513473
1	0.227294009975301
1	0.812884845166062
1	0.251462083021246
1	0.923552134692418
1	0.87225180126664
1	0.933302014291718
1	0.0806980683775859
1	0.90857409396897
1	0.820371264969932
1	0.681373708477193
1	0.965511341077541
1	0.270983509686017
1	0.0791218800877545
1	0.129488830360287
1	0.0296585071264326
1	0.522211758087483
1	0.296875616103401
1	0.310889640807218
1	0.683336975335091
1	0.0299594724012576
1	0.982017358460759
1	0.767346936239168
1	0.951850199336177
1	0.0970992558733983
1	0.701704333501166
1	0.979536217705341
1	0.309138738469251
1	0.264201030359321
1	0.227804011022799
1	0.874766183646427
1	0.0637402736725265
1	0.854311163591701
1	0.914777452844256
1	0.780312831708858
1	0.898670815589537
1	0.19421849621396
1	0.968512365255761
1	0.783434412811463
1	0.0991614883144136
1	0.884426341214053
1	0.0439234262371991
1	0.085541137112228
1	0.0608764686963318
1	0.262934355812745
1	0.474994197061778
1	0.915576485832379
1	0.665198713764487
1	0.87759789194933
1	0.6967757632353
1	0.2622285227623
1	0.179793606992528
1	0.346235886968427
1	0.848992433118981
1	0.0345256881130992
1	0.0475330612001012
1	0.954204054315035
1	0.947516260739246
1	0.0352025584935914
1	0.612662343615667
1	0.599484288178261
1	0.164976699552297
1	0.801073395633635
1	0.452274993430907
1	0.773926517889957
1	0.948403021702582
1	0.914994246287294
1	0.758504876603636
1	0.535853783160967
1	0.853057819275074
1	0.695114711214885
1	0.756806068777956
1	0.591749595246705
1	0.0718165113269912
1	0.94095982940925
1	0.188781084374803
1	0.485557787777336
1	0.915369304503837
1	0.79417147449927
1	0.927178910768652
1	0.921713553903034
1	0.771236073386994
1	0.712747604016265
1	0.0900869485466328
1	0.843185210241582
1	0.968483583178033
1	0.981908115424154
1	0.904368458744574
1	0.0210745804084808
1	0.926195019537009
1	0.0210745804084808
1	0.96536369308329
1	0.953797750485079
1	0.409994089228762
1	0.81614981798802
1	0.648186096605926
1	0.891936349864934
1	0.733440915189562
1	0.157814405195658
1	0.924635846024652
1	0.131985109133922
1	0.189621364960689
1	0.268280462041146
1	0.348374393909522
1	0.962448484495161
1	0.0874872847717021
1	0.904058841419179
1	0.954884868942217
1	0.18292402508486
1	0.397859916459876
1	0.3698440166333
1	0.795603227924414
1	0.0655787605763301
1	0.969908607986701
1	0.696219900778837
1	0.867552713928957
1	0.375147685928687
1	0.88092398358929
1	0.05275712480094
1	0.934707120212939
1	0.930117319541732
1	0.964866752266931
1	0.942903783782839
1	0.789630588148789
1	0.0997624562681509
1	0.985162931938864
1	0.159477428521954
1	0.423488794263216
1	0.976010330346692
1	0.431400427905124
1	0.963849271321573
1	0.68328768586671
1	0.975903469432127
1	0.844344857714982
0	0.0358697204557515
0	0.0210745804084808
0	0.0210745804084808
0	0.0210745804084808
0	0.0210745804084808
0	0.0306320969084735
0	0.0210745804084808
0	0.0210745804084808
0	0.0210745804084808
0	0.0282463919590462
0	0.0236789428504879
0	0.694030688534626
0	0.0817718661614786
0	0.558454456908075
0	0.0210745804084808
0	0.0210745804084808
0	0.0210745804084808
0	0.0210745804084808
0	0.0296585071264326
0	0.0323982339569338
0	0.0210745804084808
0	0.0210745804084808
0	0.0210745804084808
0	0.025693199745264
0	0.0842096278253065
0	0.0210745804084808
0	0.0241742833259186
0	0.0210745804084808
0	0.0210745804084808
0	0.021920242794848
0	0.0210745804084808
0	0.0726235345881655
0	0.0210745804084808
0	0.0219044650230394
0	0.0210745804084808
0	0.0210745804084808
0	0.0374738934893946
0	0.230920896828862
0	0.0210745804084808
0	0.0210745804084808
0	0.0225651276476041
0	0.52163485878179
0	0.0210745804084808
0	0.0210745804084808
0	0.0285803765238688
0	0.0210745804084808
0	0.0210745804084808
0	0.0210745804084808
0	0.0210745804084808
0	0.0210745804084808
0	0.0210745804084808
0	0.0210745804084808
0	0.0221654588423488
0	0.0210745804084808
0	0.0210745804084808
0	0.021920242794848
0	0.0291369470453586
0	0.0210745804084808
0	0.115813321906705
0	0.0210745804084808
0	0.0210745804084808
0	0.0210745804084808
0	0.0210745804084808
0	0.119417305251298
0	0.0210745804084808
0	0.0308650946184549
0	0.0214550109984597
0	0.0214550109984597
0	0.175343934872361
0	0.0210745804084808
0	0.0210745804084808
0	0.0210745804084808
0	0.0210745804084808
0	0.0210745804084808
0	0.0210745804084808
0	0.0210745804084808
0	0.0210745804084808
0	0.0210745804084808
0	0.0210745804084808
0	0.0210745804084808
0	0.0334438862750573
0	0.0210745804084808
0	0.0620957833986146
0	0.0210745804084808
0	0.0210745804084808
0	0.026719135546084
0	0.0210745804084808
0	0.0210745804084808
0	0.0210745804084808
0	0.0210745804084808
0	0.0210745804084808
0	0.0210745804084808
0	0.0210745804084808
0	0.0210745804084808
0	0.0234552514874317
0	0.0282463919590462
0	0.0210745804084808
0	0.372295300597124
0	0.0475502906276831
0	0.0210745804084808
0	0.0210745804084808
0	0.0467122999253952
0	0.0210745804084808
0	0.0210745804084808
0	0.0210745804084808
0	0.0210745804084808
0	0.0565730703946955
0	0.0210745804084808
0	0.0210745804084808
0	0.0210745804084808
0	0.0210745804084808
0	0.0210745804084808
0	0.0210745804084808
0	0.0210745804084808
0	0.0210745804084808
0	0.0291369470453586
0	0.0302530399588937
0	0.0308650946184549
0	0.0210745804084808
0	0.0234552514874317
0	0.0241742833259186
0	0.0210745804084808
0	0.0210745804084808
0	0.0210745804084808
0	0.0210745804084808
0	0.0210745804084808
0	0.0210745804084808
0	0.0210745804084808
0	0.0210745804084808
0	0.0416788555729953
0	0.0210745804084808
0	0.0261547763928406
0	0.0210745804084808
0	0.0210745804084808
0	0.0210745804084808
0	0.0321919645422725
0	0.0273480093026042
0	0.0210745804084808
0	0.0210745804084808
0	0.0210745804084808
0	0.0210745804084808
0	0.0210745804084808
0	0.0210745804084808
0	0.158259625543613
0	0.0210745804084808
0	0.0291369470453586
0	0.0210745804084808
0	0.0210745804084808
0	0.0210745804084808
0	0.0210745804084808
0	0.0518258825142133
0	0.0210745804084808
0	0.119088878717324
0	0.0239597822796632
0	0.0210745804084808
0	0.0210745804084808
0	0.0210745804084808
0	0.0210745804084808
0	0.0221654588423488
0	0.0210745804084808
0	0.0210745804084808
0	0.0221654588423488
0	0.0332481102218967
0	0.0210745804084808
0	0.0210745804084808
0	0.0210745804084808
0	0.0210745804084808
0	0.0210745804084808
0	0.0210745804084808
0	0.0210745804084808
0	0.025693199745264
0	0.0210745804084808
0	0.0210745804084808
0	0.0210745804084808
0	0.0210745804084808
0	0.0210745804084808
0	0.0210745804084808
0	0.0210745804084808
0	0.0210745804084808
0	0.0221654588423488
0	0.0210745804084808
0	0.0210745804084808
0	0.0210745804084808
0	0.0210745804084808
0	0.0210745804084808
0	0.0210745804084808
0	0.0210745804084808
0	0.0210745804084808
0	0.0933567925711084
0	0.0210745804084808
0	0.0210745804084808
0	0.0210745804084808
0	0.0319721540856064
0	0.0221654588423488
0	0.0210745804084808
0	0.0210745804084808
0	0.0210745804084808
0	0.0277649897809607
0	0.124003349304248
0	0.0210745804084808
0	0.0210745804084808
0	0.0210745804084808
0	0.0210745804084808
0	0.0210745804084808
0	0.0210745804084808
0	0.0210745804084808
0	0.0210745804084808
0	0.0210745804084808
0	0.0210745804084808
0	0.0291369470453586
0	0.0210745804084808
0	0.0210745804084808
0	0.0210745804084808
0	0.0210745804084808
0	0.0210745804084808
0	0.0210745804084808
0	0.0210745804084808
0	0.0210745804084808
0	0.0484921768381845
0	0.0210745804084808
0	0.0210745804084808
0	0.0210745804084808
0	0.0210745804084808
0	0.0210745804084808
0	0.0210745804084808
0	0.0210745804084808
0	0.0210745804084808
0	0.0210745804084808
0	0.0210745804084808
0	0.0216278712769055
0	0.0210745804084808
0	0.0301396905299081
0	0.0210745804084808
0	0.0210745804084808
0	0.0210745804084808
0	0.0291369470453586
0	0.0210745804084808
0	0.0210745804084808
0	0.0210745804084808
0	0.0210745804084808
0	0.0210745804084808
0	0.0210745804084808
0	0.0210745804084808
0	0.0492661316071627
0	0.0210745804084808
0	0.0210745804084808
0	0.0234552514874317
0	0.0210745804084808
0	0.0210745804084808
0	0.0334438862750573
0	0.0210745804084808
0	0.0210745804084808
0	0.312635834037058
0	0.0210745804084808
0	0.0291369470453586
0	0.0210745804084808
0	0.0210745804084808
0	0.0210745804084808
0	0.0236789428504879
0	0.0210745804084808
0	0.0684450873833402
0	0.0210745804084808
0	0.0210745804084808
0	0.0210745804084808
0	0.0210745804084808
0	0.0210745804084808
0	0.0210745804084808
0	0.0210745804084808
0	0.0210745804084808
0	0.0210745804084808
0	0.0210745804084808
0	0.0210745804084808
0	0.0343424840792445
0	0.0210745804084808
0	0.138381529018907
0	0.0472887652935394
0	0.0210745804084808
0	0.0210745804084808
0	0.0210745804084808
0	0.0210745804084808
0	0.0210745804084808
0	0.0210745804084808
0	0.0210745804084808
0	0.0210745804084808
0	0.0210745804084808
0	0.0210745804084808
0	0.0889005176149104
0	0.0210745804084808
0	0.0210745804084808
0	0.0210745804084808
0	0.0291369470453586
0	0.0210745804084808
0	0.0210745804084808
0	0.0210745804084808
0	0.0210745804084808
0	0.0210745804084808
0	0.0210745804084808
0	0.0210745804084808
0	0.0210745804084808
0	0.0210745804084808
0	0.0316846164703239
0	0.0210745804084808
0	0.0221654588423488
0	0.0254214442755162
0	0.0260760084076981
0	0.0210745804084808
0	0.0210745804084808
0	0.0210745804084808
0	0.0282463919590462
0	0.0210745804084808
0	0.0380558808536236
0	0.0334438862750573
0	0.0210745804084808
0	0.0397163214345141
0	0.0210745804084808
0	0.0210745804084808
0	0.0210745804084808
0	0.0221654588423488
0	0.0210745804084808
0	0.0210745804084808
0	0.0210745804084808
0	0.0294355390111599
0	0.0399940530938872
0	0.0210745804084808
0	0.0210745804084808
0	0.0210745804084808
0	0.0210745804084808
0	0.0234552514874317
0	0.0210745804084808
0	0.025693199745264
0	0.0483687624956417
0	0.0210745804084808
0	0.0210745804084808
0	0.0210745804084808
0	0.0210745804084808
0	0.0210745804084808
0	0.0210745804084808
0	0.0210745804084808
0	0.0777005289982009
0	0.0210745804084808
0	0.0210745804084808
0	0.0210745804084808
0	0.0345615895401633
0	0.0210745804084808
0	0.0384743551009841
0	0.0282463919590462
0	0.0436006034178159
0	0.0210745804084808
0	0.0282463919590462
0	0.0210745804084808
0	0.0210745804084808
0	0.240268041175544
0	0.0210745804084808
0	0.0210745804084808
0	0.0291369470453586
0	0.0210745804084808
0	0.0210745804084808
0	0.0210745804084808
0	0.0474508163458598
0	0.0210745804084808
0	0.0210745804084808
0	0.0210745804084808
0	0.0210745804084808
0	0.0210745804084808
0	0.0210745804084808
0	0.0210745804084808
0	0.0282463919590462
0	0.0301396905299081
0	0.0210745804084808
0	0.0210745804084808
0	0.0210745804084808
0	0.0210745804084808
0	0.0210745804084808
0	0.0210745804084808
0	0.0210745804084808
0	0.0210745804084808
0	0.0210745804084808
0	0.0210745804084808
0	0.0210745804084808
0	0.0210745804084808
0	0.0210745804084808
0	0.0210745804084808
0	0.0656325517128293
0	0.0210745804084808
0	0.0210745804084808
0	0.0210745804084808
0	0.0210745804084808
0	0.0210745804084808
0	0.0210745804084808
0	0.0210745804084808
0	0.0210745804084808
0	0.0221654588423488
0	0.0210745804084808
0	0.0210745804084808
0	0.0210745804084808
0	0.0210745804084808
0	0.0210745804084808
0	0.0210745804084808
0	0.055304746888313
0	0.0210745804084808
0	0.0210745804084808
0	0.0210745804084808
0	0.0210745804084808
0	0.0210745804084808
0	0.0210745804084808
0	0.0210745804084808
0	0.0210745804084808
0	0.0291369470453586
0	0.0210745804084808
0	0.0210745804084808
0	0.0210745804084808
0	0.155810473785074
0	0.0210745804084808
0	0.0210745804084808
0	0.0210745804084808
0	0.0210745804084808
0	0.0925350163272012
0	0.0210745804084808
0	0.0210745804084808
0	0.0210745804084808
0	0.0210745804084808
0	0.0462064552197905
0	0.025693199745264
0	0.0210745804084808
0	0.0389432844827398
0	0.0210745804084808
0	0.0210745804084808
0	0.0210745804084808
0	0.0210745804084808
0	0.0475710278256585
0	0.0210745804084808
0	0.0210745804084808
0	0.0210745804084808
0	0.0210745804084808
0	0.0332556201165947
0	0.0210745804084808
0	0.0369349363906643
0	0.0210745804084808
0	0.0210745804084808
0	0.0210745804084808
0	0.0210745804084808
0	0.0210745804084808
0	0.0210745804084808
0	0.0210745804084808
0	0.0210745804084808
0	0.0210745804084808
0	0.0210745804084808
0	0.0210745804084808
0	0.0210745804084808
0	0.0273480093026042
0	0.0263021107428496
0	0.0210745804084808
0	0.0210745804084808
0	0.0301396905299081
0	0.0210745804084808
0	0.0210745804084808
0	0.0210745804084808
0	0.022474610634045
0	0.0210745804084808
0	0.0210745804084808
0	0.0210745804084808
0	0.0210745804084808
0	0.0210745804084808
0	0.0210745804084808
0	0.0210745804084808
0	0.0210745804084808
0	0.0210745804084808
0	0.0210745804084808
0	0.0210745804084808
0	0.0210745804084808
0	0.58042089036921
0	0.0210745804084808
0	0.0366794117642604
0	0.0210745804084808
0	0.0210745804084808
0	0.0485460536551281
0	0.0210745804084808
0	0.0210745804084808
0	0.0210745804084808
0	0.174754858690283
0	0.0210745804084808
0	0.0221654588423488
0	0.0210745804084808
0	0.0210745804084808
0	0.0210745804084808
0	0.0210745804084808
0	0.0210745804084808
0	0.0210745804084808
0	0.0332556201165947
0	0.0210745804084808
0	0.0210745804084808
0	0.0210745804084808
0	0.0210745804084808
0	0.0210745804084808
0	0.0210745804084808
0	0.0210745804084808
0	0.0210745804084808
0	0.0308650946184549
0	0.0210745804084808
0	0.0210745804084808
0	0.0210745804084808
0	0.0210745804084808
0	0.403894489542411
0	0.0210745804084808
0	0.0210745804084808
0	0.0210745804084808
0	0.0502493227386641
0	0.0210745804084808
0	0.0210745804084808
0	0.0210745804084808
0	0.0210745804084808
0	0.467791565649217
0	0.0210745804084808
0	0.0210745804084808
0	0.0210745804084808
0	0.0210745804084808
0	0.0210745804084808
0	0.0210745804084808
0	0.0436974006663306
0	0.0210745804084808
0	0.0210745804084808
0	0.0210745804084808
0	0.390989904742416
0	0.0221654588423488
0	0.0210745804084808
0	0.0210745804084808
0	0.0210745804084808
0	0.0210745804084808
0	0.0210745804084808
0	0.0210745804084808
0	0.0210745804084808
0	0.0210745804084808
0	0.0210745804084808
0	0.0210745804084808
0	0.0210745804084808
0	0.0210745804084808
0	0.0210745804084808
0	0.0210745804084808
0	0.0291369470453586
0	0.0210745804084808
0	0.0210745804084808
0	0.0210745804084808
0	0.0210745804084808
0	0.0635736002892498
0	0.0210745804084808
0	0.0210745804084808
0	0.0210745804084808
0	0.0210745804084808
0	0.0291369470453586
0	0.0210745804084808
0	0.0210745804084808
0	0.0210745804084808
0	0.0210745804084808
0	0.0332991658373955
0	0.0210745804084808
0	0.0210745804084808
0	0.0210745804084808
0	0.0210745804084808
0	0.0210745804084808
0	0.0234552514874317
0	0.0285401657475235
0	0.0210745804084808
0	0.0210745804084808
0	0.0210745804084808
0	0.0210745804084808
0	0.0291369470453586
0	0.0653625545058924
0	0.0210745804084808
0	0.0263021107428496
0	0.0210745804084808
0	0.0210745804084808
0	0.0210745804084808
0	0.0210745804084808
0	0.0263021107428496
0	0.0210745804084808
0	0.0210745804084808
0	0.0210745804084808
0	0.0713337468008096
0	0.0210745804084808
0	0.0287540793983711
0	0.0210745804084808
0	0.0210745804084808
0	0.0210745804084808
0	0.0840821913233754
0	0.0210745804084808
0	0.0210745804084808
0	0.025693199745264
0	0.0273480093026042
0	0.0416773737321187
0	0.0210745804084808
0	0.0210745804084808
0	0.0210745804084808
0	0.0210745804084808
0	0.0210745804084808
0	0.0210745804084808
0	0.0210745804084808
0	0.0210745804084808
0	0.0210745804084808
0	0.0501307740191715
0	0.0210745804084808
0	0.0263273042430079
0	0.0210745804084808
0	0.0210745804084808
0	0.0210745804084808
0	0.0210745804084808
0	0.0210745804084808
0	0.148578825483213
0	0.0210745804084808
0	0.0210745804084808
0	0.0357825953898837
0	0.0210745804084808
0	0.0210745804084808
0	0.0308650946184549
0	0.0521462898145288
0	0.0210745804084808
0	0.0210745804084808
0	0.0210745804084808
0	0.0210745804084808
0	0.0210745804084808
0	0.0210745804084808
0	0.0210745804084808
0	0.0210745804084808
0	0.0210745804084808
0	0.0210745804084808
0	0.0210745804084808
0	0.0210745804084808
0	0.0380988878970025
0	0.0210745804084808
0	0.0210745804084808
0	0.0221654588423488
0	0.0210745804084808
0	0.0210745804084808
0	0.0210745804084808
0	0.0210745804084808
0	0.0210745804084808
0	0.0210745804084808
0	0.0210745804084808
0	0.0210745804084808
0	0.0210745804084808
0	0.0210745804084808
0	0.0210745804084808
0	0.0990277376145253
0	0.0210745804084808
0	0.0210745804084808
0	0.0210745804084808
0	0.0210745804084808
0	0.0256569437567425
0	0.0210745804084808
0	0.026719135546084
0	0.0210745804084808
0	0.0210745804084808
0	0.0210745804084808
0	0.0221654588423488
0	0.0357557004029884
0	0.0210745804084808
0	0.0309625733997572
0	0.0210745804084808
0	0.0210745804084808
0	0.0210745804084808
0	0.0210745804084808
0	0.0210745804084808
0	0.0210745804084808
0	0.0210745804084808
0	0.0210745804084808
0	0.0277649897809607
0	0.0210745804084808
0	0.0294355390111599
0	0.0210745804084808
0	0.0210745804084808
0	0.0210745804084808
0	0.0210745804084808
0	0.0484921768381845
0	0.0210745804084808
0	0.0405602045424657
0	0.0210745804084808
0	0.0210745804084808
0	0.0241742833259186
0	0.0210745804084808
0	0.0210745804084808
0	0.0210745804084808
0	0.0477320497689811
0	0.0210745804084808
0	0.0210745804084808
0	0.0210745804084808
0	0.0210745804084808
0	0.0210745804084808
0	0.0210745804084808
0	0.0210745804084808
0	0.0210745804084808
0	0.0210745804084808
0	0.0374488456775922
0	0.0210745804084808
0	0.0210745804084808
0	0.0210745804084808
0	0.0373565734036454
0	0.0210745804084808
0	0.0210745804084808
0	0.0210745804084808
0	0.0210745804084808
0	0.0210745804084808
0	0.0210745804084808
0	0.0210745804084808
0	0.0210745804084808
0	0.0210745804084808
0	0.0210745804084808
0	0.0294355390111599
0	0.0210745804084808
0	0.0210745804084808
0	0.0210745804084808
0	0.0210745804084808
0	0.0210745804084808
0	0.0289671345669647
0	0.0210745804084808
0	0.0210745804084808
0	0.0210745804084808
0	0.0210745804084808
0	0.0210745804084808
0	0.0210745804084808
0	0.0210745804084808
0	0.297333032849838
0	0.0210745804084808
0	0.0221654588423488
0	0.0210745804084808
0	0.15042386763213
0	0.0210745804084808
0	0.0210745804084808
0	0.0301396905299081
0	0.0210745804084808
0	0.0210745804084808
0	0.0880412530659888
0	0.0210745804084808
0	0.0210745804084808
0	0.0465688824210447
0	0.04365735343785
0	0.0210745804084808
0	0.0210745804084808
0	0.0210745804084808
0	0.0210745804084808
0	0.216171899029048
0	0.0236789428504879
0	0.0288515018295828
0	0.025693199745264
0	0.0210745804084808
0	0.0210745804084808
0	0.0210745804084808
0	0.0210745804084808
0	0.0210745804084808
0	0.0210745804084808
0	0.0210745804084808
0	0.0214550109984597
0	0.0210745804084808
0	0.0210745804084808
0	0.0210745804084808
0	0.0210745804084808
0	0.303936285110914
0	0.0210745804084808
0	0.0210745804084808
0	0.0294355390111599
0	0.0210745804084808
0	0.0210745804084808
0	0.0210745804084808
0	0.0210745804084808
0	0.0210745804084808
0	0.265596063127405
0	0.0467122999253952
0	0.0210745804084808
0	0.0404335236362716
0	0.0236789428504879
0	0.0210745804084808
0	0.0210745804084808
0	0.0210745804084808
0	0.0210745804084808
0	0.0210745804084808
0	0.0210745804084808
0	0.0210745804084808
0	0.0210745804084808
0	0.0210745804084808
0	0.0210745804084808
0	0.0210745804084808
0	0.0210745804084808
0	0.0210745804084808
0	0.0210745804084808
0	0.0210745804084808
0	0.0210745804084808
0	0.0210745804084808
0	0.0210745804084808
0	0.0210745804084808
0	0.0210745804084808
0	0.0210745804084808
0	0.0210745804084808
0	0.0210745804084808
0	0.0241742833259186
0	0.0429958106554474
0	0.0294517830943019
0	0.0210745804084808
0	0.0210745804084808
0	0.0210745804084808
0	0.0210745804084808
0	0.0897013252497243
0	0.0210745804084808
0	0.0686919925023356
0	0.0210745804084808
0	0.0377105953923743
0	0.0234552514874317
0	0.0294355390111599
0	0.0210745804084808
0	0.0210745804084808
0	0.26928194016807
0	0.0210745804084808
0	0.0210745804084808
0	0.0210745804084808
0	0.0258708175567835
0	0.0210745804084808
0	0.0291369470453586
0	0.0210745804084808
0	0.0210745804084808
0	0.0210745804084808
0	0.0388917016783566
0	0.05970011238406
0	0.0210745804084808
0	0.0210745804084808
0	0.0210745804084808
0	0.0210745804084808
0	0.026719135546084
0	0.0210745804084808
0	0.127029317709827
0	0.0517107371190747
0	0.0210745804084808
0	0.0210745804084808
0	0.0234552514874317
0	0.0210745804084808
0	0.0210745804084808
0	0.0210745804084808
0	0.121687093733299
0	0.0210745804084808
0	0.0210745804084808
0	0.0210745804084808
0	0.0210745804084808
0	0.0210745804084808
0	0.0210745804084808
0	0.0263021107428496
0	0.0210745804084808
0	0.0210745804084808
0	0.0210745804084808
0	0.0221654588423488
0	0.110778888404662
0	0.0210745804084808
0	0.112158909181468
0	0.0345615895401633
0	0.0210745804084808
0	0.0332556201165947
0	0.0210745804084808
0	0.0210745804084808
0	0.0210745804084808
0	0.0210745804084808
0	0.0210745804084808
0	0.0545993787166344
0	0.0467122999253952
0	0.0210745804084808
0	0.0341337623824251
0	0.0210745804084808
0	0.0210745804084808
0	0.0210745804084808
0	0.0221654588423488
0	0.0236789428504879
0	0.0273480093026042
0	0.0210745804084808
0	0.0404471270628511
0	0.0210745804084808
0	0.0790219741421593
0	0.0334438862750573
0	0.0210745804084808
0	0.0282463919590462
0	0.0210745804084808
0	0.0308662858764108
0	0.0210745804084808
0	0.0210745804084808
0	0.0524806160939593
0	0.0210745804084808
0	0.0210745804084808
0	0.0210745804084808
0	0.0210745804084808
0	0.0210745804084808
0	0.0273480093026042
0	0.0210745804084808
0	0.0210745804084808
0	0.0221654588423488
0	0.0589326651288266
0	0.0210745804084808
0	0.0210745804084808
0	0.0210745804084808
0	0.0210745804084808
0	0.0869747526466062
0	0.0210745804084808
0	0.0210745804084808
0	0.0210745804084808
0	0.0210745804084808
0	0.0210745804084808
0	0.0210745804084808
0	0.0210745804084808
0	0.0285803765238688
0	0.201635991718195
0	0.216383546067725
0	0.0210745804084808
0	0.0210745804084808
0	0.0210745804084808
0	0.0234552514874317
0	0.0210745804084808
0	0.0294355390111599
0	0.0273480093026042
0	0.0210745804084808
0	0.0234552514874317
0	0.0210745804084808
0	0.0210745804084808
0	0.0210745804084808
0	0.27492866244457
0	0.0210754020127315
0	0.0210745804084808
0	0.0210745804084808
0	0.0210745804084808
0	0.0210745804084808
0	0.0230538641662508
0	0.0210745804084808
0	0.0210745804084808
0	0.025693199745264
0	0.0210745804084808
0	0.0210745804084808
0	0.0875233038695909
0	0.0294327802293485
0	0.0210745804084808
0	0.0210745804084808
0	0.0210745804084808
0	0.0210745804084808
0	0.0210745804084808
0	0.0210745804084808
0	0.0210745804084808
0	0.0210745804084808
0	0.0210745804084808
0	0.27660500694479
0	0.0210745804084808
0	0.0660603537010921
0	0.0210745804084808
0	0.0210745804084808
0	0.0210745804084808
0	0.0210745804084808
0	0.0210745804084808
0	0.0210745804084808
0	0.0636855009861446
0	0.0210745804084808
0	0.0210745804084808
0	0.0210745804084808
0	0.0341175656276559
0	0.0221654588423488
0	0.0210745804084808
0	0.0210745804084808
0	0.025693199745264
0	0.0210745804084808
0	0.0210745804084808
0	0.0210745804084808
0	0.0210745804084808
0	0.0210745804084808
0	0.218258253906658
0	0.0210745804084808
0	0.025693199745264
0	0.0210745804084808
0	0.0210745804084808
0	0.0301396905299081
0	0.0210745804084808
0	0.0210745804084808
0	0.0210745804084808
0	0.0465688824210447
0	0.0210745804084808
0	0.0210745804084808
0	0.0210745804084808
0	0.0210745804084808
0	0.0210745804084808
0	0.0210745804084808
0	0.407043184218391
0	0.0210745804084808
0	0.0210745804084808
0	0.0210745804084808
0	0.0210745804084808
0	0.0210745804084808
0	0.0210745804084808
0	0.0210745804084808
0	0.0210745804084808
0	0.0210745804084808
0	0.0210745804084808
0	0.0210745804084808
0	0.0339568235935786
0	0.0210745804084808
0	0.0210745804084808
0	0.0210745804084808
0	0.0210745804084808
0	0.0210745804084808
0	0.0210745804084808
0	0.0210745804084808
0	0.0479215952533997
0	0.197955634461332
0	0.0306320969084735
0	0.0210745804084808
0	0.0210745804084808
0	0.0221654588423488
0	0.0210745804084808
0	0.0210745804084808
0	0.0210745804084808
0	0.173644175256646
0	0.0210745804084808
0	0.0210745804084808
0	0.0210745804084808
0	0.0291369470453586
0	0.0210745804084808
0	0.0210745804084808
0	0.0210745804084808
0	0.0210745804084808
0	0.0210745804084808
0	0.0254214442755162
0	0.0210745804084808
0	0.0210745804084808
0	0.0210745804084808
0	0.0999621232412964
0	0.0210745804084808
0	0.0210745804084808
0	0.0210745804084808
0	0.0263021107428496
0	0.0210745804084808
0	0.0210745804084808
0	0.125785096086629
0	0.0210745804084808
0	0.0236789428504879
0	0.0210745804084808
0	0.0210745804084808
0	0.0210745804084808
0	0.0210745804084808
0	0.0210745804084808
0	0.0210745804084808
0	0.0210745804084808
0	0.0234552514874317
0	0.0210745804084808
0	0.0210745804084808
0	0.163530916694881
0	0.0210745804084808
0	0.0371687913290966
0	0.0210745804084808
0	0.0210745804084808
0	0.0210745804084808
0	0.0377563560330392
0	0.0210745804084808
0	0.0301396905299081
0	0.0221654588423488
0	0.905135892289041
0	0.0210745804084808
0	0.0469882658771186
0	0.0725910646550276
0	0.0210745804084808
0	0.0210745804084808
0	0.0720354347802422
0	0.0210745804084808
0	0.0210745804084808
0	0.0210745804084808
0	0.0210745804084808
0	0.0210745804084808
0	0.0210745804084808
0	0.0210745804084808
0	0.0210745804084808
0	0.0210745804084808
0	0.0273480093026042
0	0.0210745804084808
0	0.0210745804084808
0	0.0210745804084808
0	0.0210745804084808
0	0.0210745804084808
0	0.0210745804084808
0	0.0210745804084808
0	0.0210745804084808
0	0.0210745804084808
0	0.0373079265336604
0	0.0221654588423488
0	0.0226170013732837
0	0.0210745804084808
0	0.0210745804084808
0	0.154088499142238
0	0.0236789428504879
0	0.0210745804084808
0	0.0210745804084808
0	0.0263021107428496
0	0.0234552514874317
0	0.0210745804084808
0	0.0210745804084808
0	0.0210745804084808
0	0.0210745804084808
0	0.0210745804084808
0	0.0423452708031312
0	0.0210745804084808
0	0.0210745804084808
0	0.0210745804084808
0	0.0210745804084808
0	0.0214550109984597
0	0.0210745804084808
0	0.0210745804084808
0	0.0910974455203584
0	0.0210745804084808
0	0.0210745804084808
0	0.0210745804084808
0	0.0263021107428496
0	0.0210745804084808
0	0.0210745804084808
0	0.0388863127650879
0	0.0221654588423488
0	0.0210745804084808
0	0.0210745804084808
0	0.0210745804084808
0	0.0210745804084808
0	0.0210745804084808
0	0.0369757869473006
0	0.0210745804084808
0	0.0210745804084808
0	0.0236789428504879
0	0.0864760715681229
0	0.0210745804084808
0	0.789337131857367
0	0.0210745804084808
0	0.0210745804084808
0	0.0210745804084808
0	0.0210745804084808
0	0.0210745804084808
0	0.0210745804084808
0	0.0210745804084808
0	0.0210745804084808
0	0.0210745804084808
0	0.0210745804084808
0	0.0219044650230394
0	0.0210745804084808
0	0.0210745804084808
0	0.0340774877021105
0	0.183787405528032
0	0.0332481102218967
0	0.0234552514874317
0	0.0210745804084808
0	0.0210745804084808
0	0.0210745804084808
0	0.0210745804084808
0	0.92855003715884
0	0.0210745804084808
0	0.0210745804084808
0	0.0210745804084808
0	0.0263021107428496
0	0.0210745804084808
0	0.0210745804084808
0	0.0291369470453586
0	0.0210745804084808
0	0.0273480093026042
0	0.0210745804084808
0	0.0301396905299081
0	0.0241742833259186
0	0.0210745804084808
0	0.0210745804084808
0	0.0210745804084808
0	0.0210745804084808
0	0.0210745804084808
0	0.0210745804084808
0	0.028073712790983
0	0.0210745804084808
0	0.0281554498238683
0	0.0210745804084808
0	0.0210745804084808
0	0.0210745804084808
0	0.0234552514874317
0	0.0210745804084808
0	0.0210745804084808
0	0.0210745804084808
0	0.0210745804084808
0	0.0210745804084808
0	0.0210745804084808
0	0.0210745804084808
0	0.0210745804084808
0	0.0210745804084808
0	0.0352679391542426
0	0.0210745804084808
0	0.0210745804084808
0	0.0210745804084808
0	0.0307058365049002
0	0.85028207151578
0	0.0210745804084808
0	0.0210745804084808
0	0.0210745804084808
0	0.0632974656183077
0	0.0210745804084808
0	0.0210745804084808
0	0.0210745804084808
0	0.0210745804084808
0	0.0210745804084808
0	0.0210745804084808
0	0.0210745804084808
0	0.0210745804084808
0	0.0423012489352359
0	0.0210745804084808
0	0.0210745804084808
0	0.0210745804084808
0	0.0210745804084808
0	0.0210745804084808
0	0.0210745804084808
0	0.0210745804084808
0	0.0210745804084808
0	0.0210745804084808
0	0.0443847672815559
0	0.116644546304954
0	0.0210745804084808
0	0.0210745804084808
0	0.0258200026001353
0	0.0256569437567425
0	0.0210745804084808
0	0.0210745804084808
0	0.0210745804084808
0	0.0301396905299081
0	0.0221654588423488
0	0.341827825164229
0	0.0210745804084808
0	0.0210745804084808
0	0.0210745804084808
0	0.0210745804084808
0	0.0210745804084808
0	0.0952738144053164
0	0.1581271054357
0	0.0210745804084808
0	0.0576820421079537
0	0.0438166708925514
0	0.0210745804084808
0	0.0210745804084808
0	0.0210745804084808
0	0.0210745804084808
0	0.0210745804084808
0	0.0210745804084808
0	0.0210745804084808
0	0.0210745804084808
0	0.0210745804084808
0	0.0618628509892643
0	0.0210745804084808
0	0.0210745804084808
0	0.0221654588423488
0	0.0210745804084808
0	0.0210745804084808
0	0.0210745804084808
0	0.0210745804084808
0	0.0210745804084808
0	0.0282463919590462
0	0.0210745804084808
0	0.0210745804084808
0	0.0210745804084808
0	0.0210745804084808
0	0.0210745804084808
0	0.0210745804084808
0	0.0210745804084808
0	0.0210745804084808
0	0.0210745804084808
0	0.0210745804084808
0	0.0210745804084808
0	0.0210745804084808
0	0.0210745804084808
0	0.0221654588423488
0	0.0210745804084808
0	0.0210745804084808
0	0.0210745804084808
0	0.0438047881590551
0	0.0210745804084808
0	0.475052640385543
0	0.0291369470453586
0	0.0288515018295828
0	0.0291369470453586
0	0.0210745804084808
0	0.0210745804084808
0	0.0210745804084808
0	0.0210745804084808
0	0.0210745804084808
0	0.0210745804084808
0	0.0210745804084808
0	0.0210745804084808
0	0.188770212655124
0	0.0210745804084808
0	0.0210745804084808
0	0.0282463919590462
0	0.0210745804084808
0	0.0301396905299081
0	0.0221654588423488
0	0.0210745804084808
0	0.0210745804084808
0	0.0210745804084808
0	0.0238645495943204
0	0.0221654588423488
0	0.0210745804084808
0	0.0552458113112381
0	0.0210745804084808
0	0.025693199745264
0	0.0210745804084808
0	0.0210745804084808
0	0.0613149902600431
0	0.0210745804084808
0	0.0354388789142488
0	0.0210745804084808
0	0.0469493120352021
0	0.0210745804084808
0	0.0210745804084808
0	0.0210745804084808
0	0.0291369470453586
0	0.0332481102218967
0	0.0420226580566945
0	0.0210745804084808
0	0.0210745804084808
0	0.0210745804084808
0	0.0210745804084808
0	0.0287540793983711
0	0.0210745804084808
0	0.0210745804084808
0	0.025693199745264
0	0.0210745804084808
0	0.0210745804084808
0	0.0301396905299081
0	0.0210745804084808
0	0.483268660613086
0	0.0210745804084808
0	0.0210745804084808
0	0.0210745804084808
0	0.0210745804084808
0	0.0234552514874317
0	0.046220252600949
0	0.0210745804084808
0	0.0303324618232139
0	0.0296585071264326
0	0.0210745804084808
0	0.0210745804084808
0	0.0210745804084808
0	0.0210745804084808
0	0.0210745804084808
0	0.0210745804084808
0	0.0210745804084808
0	0.0210745804084808
0	0.0210745804084808
0	0.0210745804084808
0	0.0210745804084808
0	0.0210745804084808
0	0.0282463919590462
0	0.0402695133765563
0	0.0992148981756647
0	0.0210745804084808
0	0.0577686431461261
0	0.114405084045743
0	0.0210745804084808
0	0.0210745804084808
0	0.0210745804084808
0	0.0210745804084808
0	0.0210745804084808
0	0.0210745804084808
0	0.0210745804084808
0	0.0210745804084808
0	0.0210745804084808
0	0.0210745804084808
0	0.0210745804084808
0	0.0210745804084808
0	0.0210745804084808
0	0.0400312247596799
0	0.0291369470453586
0	0.0294355390111599
0	0.0210745804084808
0	0.0210745804084808
0	0.0210745804084808
0	0.0210745804084808
0	0.0210745804084808
0	0.0210745804084808
0	0.0210745804084808
0	0.0221654588423488
0	0.0210745804084808
0	0.025693199745264
0	0.0210745804084808
0	0.0210745804084808
0	0.0210745804084808
0	0.0210745804084808
0	0.0210745804084808
0	0.0210745804084808
0	0.0210745804084808
0	0.0221654588423488
0	0.0210745804084808
0	0.0210745804084808
0	0.0210745804084808
0	0.0210745804084808
0	0.0210745804084808
0	0.0554599507252998
0	0.0210745804084808
0	0.0210745804084808
0	0.0210745804084808
0	0.0210745804084808
0	0.0210745804084808
0	0.0301396905299081
0	0.0210745804084808
0	0.0216278712769055
0	0.0210745804084808
0	0.0210745804084808
0	0.0210745804084808
0	0.0210745804084808
0	0.0210745804084808
0	0.0210745804084808
0	0.0210745804084808
0	0.0210745804084808
0	0.0234552514874317
0	0.137331036498446
0	0.0210745804084808
0	0.0221654588423488
0	0.021920242794848
0	0.0210745804084808
0	0.0210745804084808
0	0.0210745804084808
0	0.0210745804084808
0	0.0210745804084808
0	0.0210745804084808
0	0.0377040206668216
0	0.0555436598838347
0	0.0210745804084808
0	0.0210745804084808
0	0.0210745804084808
0	0.0210745804084808
0	0.0210745804084808
0	0.0221654588423488
0	0.0210745804084808
0	0.0210745804084808
0	0.0210745804084808
0	0.0210745804084808
0	0.0210745804084808
0	0.0236789428504879
0	0.0210745804084808
0	0.0221654588423488
0	0.0210745804084808
0	0.0359285838971061
0	0.0210745804084808
0	0.0210745804084808
0	0.0210745804084808
0	0.0210745804084808
0	0.0210745804084808
0	0.0210745804084808
0	0.0210745804084808
0	0.0210745804084808
0	0.667146181209281
0	0.0210745804084808
0	0.0782338335420392
0	0.0210745804084808
0	0.0377563560330392
0	0.0263021107428496
0	0.0210745804084808
0	0.0210745804084808
0	0.0210745804084808
0	0.0345497156277999
0	0.0210745804084808
0	0.0210745804084808
0	0.0210745804084808
0	0.0210745804084808
0	0.0598310554090783
0	0.0210745804084808
0	0.0210745804084808
0	0.0210745804084808
0	0.0210745804084808
0	0.0210745804084808
0	0.0210745804084808
0	0.0210745804084808
0	0.0210745804084808
0	0.0210745804084808
0	0.0210745804084808
0	0.0210745804084808
0	0.31964647489656
0	0.0277649897809607
0	0.0210745804084808
0	0.0210745804084808
0	0.0396332150793901
0	0.0210745804084808
0	0.0282463919590462
0	0.0210745804084808
0	0.0210745804084808
0	0.0210745804084808
0	0.0210745804084808
0	0.0210745804084808
0	0.0210745804084808
0	0.0210745804084808
0	0.0210745804084808
0	0.0651992918940084
0	0.0210745804084808
0	0.0210745804084808
0	0.0210745804084808
0	0.0210745804084808
0	0.0236789428504879
0	0.0294517830943019
0	0.0210745804084808
0	0.0210745804084808
0	0.274121287884049
0	0.0210745804084808
0	0.0400642897233076
0	0.0210745804084808
0	0.0210745804084808
0	0.0210745804084808
0	0.0210745804084808
0	0.0210745804084808
0	0.0210745804084808
0	0.0291369470453586
0	0.0210745804084808
0	0.0210745804084808
0	0.0210745804084808
0	0.0221654588423488
0	0.0294355390111599
0	0.0221654588423488
0	0.0474017495048315
0	0.0302961166549186
0	0.0210745804084808
0	0.0210745804084808
0	0.0210745804084808
0	0.0236789428504879
0	0.0304153341161415
0	0.0210745804084808
0	0.0210745804084808
0	0.0210745804084808
0	0.0210745804084808
0	0.0210745804084808
0	0.0236789428504879
0	0.0996232618351211
0	0.0214550109984597
0	0.0210745804084808
0	0.0210745804084808
0	0.0210745804084808
0	0.0210745804084808
0	0.0210745804084808
0	0.0210745804084808
0	0.0210745804084808
0	0.0210745804084808
0	0.0473071278696071
0	0.0210745804084808
0	0.0210745804084808
0	0.0210745804084808
0	0.0210745804084808
0	0.0210745804084808
0	0.0210745804084808
0	0.0210745804084808
0	0.0210745804084808
0	0.0210745804084808
0	0.0210745804084808
0	0.0210745804084808
0	0.0210745804084808
0	0.0210745804084808
0	0.0210745804084808
0	0.0210745804084808
0	0.0210745804084808
0	0.0210745804084808
0	0.0210745804084808
0	0.0210745804084808
0	0.0210745804084808
0	0.0210745804084808
0	0.0210745804084808
0	0.0210745804084808
0	0.0210745804084808
0	0.0210745804084808
0	0.194545848277297
0	0.040352000717498
0	0.0210745804084808
0	0.0210745804084808
0	0.0210745804084808
0	0.0210745804084808
0	0.0234552514874317
0	0.0210745804084808
0	0.0335451664164855
0	0.0925029456969974
0	0.0210745804084808
0	0.0210745804084808
0	0.0210745804084808
0	0.648768564951728
0	0.0210745804084808
0	0.0214550109984597
0	0.0302961166549186
0	0.0792275535455565
0	0.0210745804084808
0	0.0334438862750573
0	0.0210745804084808
0	0.0273480093026042
0	0.0339568235935786
0	0.0273480093026042
0	0.0210745804084808
0	0.0210745804084808
0	0.134251708730005
0	0.0345615895401633
0	0.0210745804084808
0	0.0210745804084808
0	0.0241742833259186
0	0.0210745804084808
0	0.0210745804084808
0	0.0210745804084808
0	0.0450693866420908
0	0.0210745804084808
0	0.0210745804084808
0	0.0210745804084808
0	0.0210745804084808
0	0.0210745804084808
0	0.0304698647179846
0	0.0675139454294608
0	0.0210745804084808
0	0.0210745804084808
0	0.0210745804084808
0	0.0403513194569197
0	0.0210745804084808
0	0.0210745804084808
0	0.0221654588423488
0	0.0210745804084808
0	0.0210745804084808
0	0.0210745804084808
0	0.0210745804084808
0	0.0210745804084808
0	0.0210745804084808
0	0.0210745804084808
0	0.0210745804084808
0	0.0306320969084735
0	0.0210745804084808
0	0.0291369470453586
0	0.0210745804084808
0	0.0210745804084808
0	0.0210745804084808
0	0.0210745804084808
0	0.0210745804084808
0	0.0210745804084808
0	0.0289671345669647
0	0.0210745804084808
0	0.0210745804084808
0	0.0210745804084808
0	0.0210745804084808
0	0.0210745804084808
0	0.0210745804084808
0	0.0210745804084808
0	0.0289823966429441
0	0.0273480093026042
0	0.0462064552197905
0	0.0210745804084808
0	0.0273480093026042
0	0.0210745804084808
0	0.0225651276476041
0	0.0210745804084808
0	0.0210745804084808
0	0.0282463919590462
0	0.0210745804084808
0	0.0210745804084808
0	0.0596955040397853
0	0.0210745804084808
0	0.0358194651186794
0	0.0234552514874317
0	0.0210745804084808
0	0.0210745804084808
0	0.0210745804084808
0	0.0210745804084808
0	0.0234552514874317
0	0.0210745804084808
0	0.136552907710924
0	0.0210745804084808
0	0.0210745804084808
0	0.0210745804084808
0	0.0210745804084808
0	0.0210745804084808
0	0.0210745804084808
0	0.0332754763794086
0	0.0210745804084808
0	0.0588091772172081
0	0.0210745804084808
0	0.0301396905299081
0	0.0210745804084808
0	0.0210745804084808
0	0.0273480093026042
0	0.0210745804084808
0	0.0210745804084808
0	0.0210745804084808
0	0.0210745804084808
0	0.0214550109984597
0	0.0210745804084808
0	0.0210745804084808
0	0.0210745804084808
0	0.224979849680037
0	0.0282463919590462
0	0.0210745804084808
0	0.0210745804084808
0	0.0210745804084808
0	0.0210745804084808
0	0.0210745804084808
0	0.377983426375954
0	0.0210745804084808
0	0.0210745804084808
0	0.0210745804084808
0	0.0210745804084808
0	0.225794646460386
0	0.0301396905299081
0	0.0210745804084808
0	0.0210745804084808
0	0.0214550109984597
0	0.0210745804084808
0	0.0210745804084808
0	0.0210745804084808
0	0.0210745804084808
0	0.0210745804084808
0	0.0210745804084808
0	0.0210745804084808
0	0.0210745804084808
0	0.025693199745264
0	0.0210745804084808
0	0.0210745804084808
0	0.0317208081621842
0	0.0241742833259186
0	0.0210745804084808
0	0.0210745804084808
0	0.0210745804084808
0	0.0210745804084808
0	0.0219044650230394
0	0.0291918550742831
0	0.0210745804084808
0	0.0210745804084808
0	0.0292799525946685
0	0.0291369470453586
0	0.0210745804084808
0	0.0580030090744812
0	0.0210745804084808
0	0.0210745804084808
0	0.0210745804084808
0	0.025693199745264
0	0.025693199745264
0	0.0210745804084808
0	0.0210745804084808
0	0.0667307432494413
0	0.0210745804084808
0	0.0716935963471364
0	0.0210745804084808
0	0.0210745804084808
0	0.0210745804084808
0	0.0210745804084808
0	0.0210745804084808
0	0.0210745804084808
0	0.0294355390111599
0	0.0210745804084808
0	0.0210745804084808
0	0.0210745804084808
0	0.0210745804084808
0	0.0214550109984597
0	0.0234552514874317
0	0.0210745804084808
0	0.0210745804084808
0	0.0412413789516846
0	0.0210745804084808
0	0.0210745804084808
0	0.0210745804084808
0	0.0210745804084808
0	0.0210745804084808
0	0.0210745804084808
0	0.0320288907002408
0	0.0210745804084808
0	0.0529661067914564
0	0.0210745804084808
0	0.0210745804084808
0	0.0329583217223429
0	0.0210745804084808
0	0.0210745804084808
0	0.0865021543647776
0	0.0210745804084808
0	0.0617062441320066
0	0.0210745804084808
0	0.0210745804084808
0	0.0210745804084808
0	0.025693199745264
0	0.0210745804084808
0	0.0210745804084808
0	0.0210745804084808
0	0.0210745804084808
0	0.0210745804084808
0	0.0210745804084808
0	0.0473312454991464
0	0.0210745804084808
0	0.0210745804084808
0	0.0210745804084808
0	0.0210745804084808
0	0.0210745804084808
0	0.0236789428504879
0	0.0210745804084808
0	0.0210745804084808
0	0.0210745804084808
0	0.0210745804084808
0	0.0210745804084808
0	0.0210745804084808
0	0.0210745804084808
0	0.0210745804084808
0	0.107886711044737
0	0.0210745804084808
0	0.0210745804084808
0	0.0210745804084808
0	0.0210745804084808
0	0.0210745804084808
0	0.0429375525426822
0	0.0210745804084808
0	0.0285473199597076
0	0.0339568235935786
0	0.0210745804084808
0	0.0210745804084808
0	0.0663698372554446
0	0.0210745804084808
0	0.0210745804084808
0	0.0210745804084808
0	0.0210745804084808
0	0.0210745804084808
0	0.0210745804084808
0	0.0210745804084808
0	0.0475330612001012
0	0.0210745804084808
0	0.0412413789516846
0	0.0210745804084808
0	0.0210745804084808
0	0.0210745804084808
0	0.0210745804084808
0	0.0416513629654472
0	0.0210745804084808
0	0.0210745804084808
0	0.0210745804084808
0	0.0210745804084808
0	0.0210745804084808
0	0.0210745804084808
0	0.0210745804084808
0	0.0210745804084808
0	0.0210745804084808
0	0.0221654588423488
0	0.0301396905299081
0	0.0210745804084808
0	0.0291369470453586
0	0.0210745804084808
0	0.0210745804084808
0	0.0210745804084808
0	0.0210745804084808
0	0.0210745804084808
0	0.0234552514874317
0	0.0210745804084808
0	0.0210745804084808
0	0.0210745804084808
0	0.0261547763928406
0	0.0663003356859447
0	0.0317083277511412
0	0.0210745804084808
0	0.0210745804084808
0	0.0210745804084808
0	0.026719135546084
0	0.0509918319117722
0	0.0210745804084808
0	0.0210745804084808
0	0.0210745804084808
0	0.0210745804084808
0	0.0210745804084808
0	0.0210745804084808
0	0.0981083830559381
0	0.0210745804084808
0	0.0210745804084808
0	0.0210745804084808
0	0.0339568235935786
0	0.0210745804084808
0	0.0273480093026042
0	0.0365798034289653
0	0.0210745804084808
0	0.0329663222577998
0	0.0214550109984597
0	0.0221654588423488
0	0.0317083277511412
0	0.0210745804084808
0	0.0674975391223263
0	0.0210745804084808
0	0.0210745804084808
0	0.0381268630794239
0	0.0210745804084808
0	0.0210745804084808
0	0.0210745804084808
0	0.034736854952417
0	0.0210745804084808
0	0.756938833498839
0	0.0210745804084808
0	0.0291369470453586
0	0.077153916941445
0	0.0210745804084808
0	0.0210745804084808
0	0.0210745804084808
0	0.0567292564768717
0	0.0210745804084808
0	0.0210745804084808
0	0.564652838900294
0	0.0210745804084808
0	0.0210745804084808
0	0.0210745804084808
0	0.0210745804084808
0	0.0291369470453586
0	0.0210745804084808
0	0.0210745804084808
0	0.0236573516412901
0	0.0210745804084808
0	0.0210745804084808
0	0.0210745804084808
0	0.025693199745264
0	0.0210745804084808
0	0.027016552696742
0	0.0210745804084808
0	0.0314774547232284
0	0.0210745804084808
0	0.0273480093026042
0	0.0210745804084808
0	0.0273480093026042
0	0.0210745804084808
0	0.0210745804084808
0	0.0388022038939089
0	0.0210745804084808
0	0.0221654588423488
0	0.381273112124249
0	0.1960550551209
0	0.0210745804084808
0	0.0210745804084808
0	0.0291369470453586
0	0.0210745804084808
0	0.0334438862750573
0	0.0210745804084808
0	0.0343129760214816
0	0.0214550109984597
0	0.0387352185145936
0	0.330016403971831
0	0.0210745804084808
0	0.0210745804084808
0	0.0210745804084808
0	0.0210745804084808
0	0.0210745804084808
0	0.0210745804084808
0	0.0210745804084808
0	0.0210745804084808
0	0.0718028344906621
0	0.0334438862750573
0	0.0210745804084808
0	0.0210745804084808
0	0.0210745804084808
0	0.0210745804084808
0	0.108966250708723
0	0.0210745804084808
0	0.0210745804084808
0	0.0210745804084808
0	0.0210745804084808
0	0.0256327810225872
0	0.0236789428504879
0	0.0590361552462681
0	0.172716437884916
0	0.0353007726175565
0	0.0210745804084808
0	0.0210745804084808
0	0.0210745804084808
0	0.0210745804084808
0	0.0210745804084808
0	0.0291369470453586
0	0.0596758072355931
0	0.0210745804084808
0	0.064279827402301
0	0.0505477024586019
0	0.0316846164703239
0	0.0672671072688068
0	0.0210745804084808
0	0.0210745804084808
0	0.0210745804084808
0	0.0210745804084808
0	0.0210745804084808
0	0.598661800363083
0	0.0210745804084808
0	0.0214550109984597
0	0.0210745804084808
0	0.0210745804084808
0	0.0210745804084808
0	0.156452191567743
0	0.0210745804084808
0	0.0210745804084808
0	0.0210745804084808
0	0.0210745804084808
0	0.0210745804084808
0	0.0308650946184549
0	0.0210745804084808
0	0.0210745804084808
0	0.0273480093026042
0	0.0429398845011469
0	0.0210745804084808
0	0.0210745804084808
0	0.0210745804084808
0	0.0210745804084808
0	0.0216278712769055
0	0.0210745804084808
0	0.0210745804084808
0	0.0210745804084808
0	0.0210745804084808
0	0.0294355390111599
0	0.0385462333439129
0	0.328950310750165
0	0.0210745804084808
0	0.0210745804084808
0	0.0210745804084808
0	0.0210745804084808
0	0.0210745804084808
0	0.0210745804084808
0	0.0210745804084808
0	0.353182622710306
0	0.0210745804084808
0	0.0234552514874317
0	0.0901296921173949
0	0.0210745804084808
