1	0.689387167330061
1	0.0834408672126899
1	0.0184089565345402
1	0.965289955966263
1	0.990475571313732
1	0.822853177292812
1	0.858661227675334
1	0.990995699403586
1	0.9947811248972
1	0.966084594305868
1	0.0538290857664885
1	0.873567412138398
1	0.784686484273554
1	0.923232254060909
1	0.726005530327284
1	0.856902585837106
1	0.970872641641307
1	0.994605751506032
1	0.0424684944431473
1	0.932291616085836
1	0.817977579900246
1	0.986581134163074
1	0.993944237049252
1	0.963681736206099
1	0.692719625570788
1	0.998293565139156
1	0.992762754422023
1	0.0840507041583401
1	0.922792841881176
1	0.968787844800995
1	0.379938457547753
1	0.608888975818769
1	0.981915438644312
1	0.87268524217674
1	0.952409879900594
1	0.909608449547115
1	0.982786862796217
1	0.999226678473766
1	0.0129722105964171
1	0.708810773080711
1	0.993861871806118
1	0.0738244697666452
1	0.107957453430154
1	0.934777029399201
1	0.37353365994458
1	0.0129722105964171
1	0.837416704175334
1	0.96498554228021
1	0.588012509313415
1	0.705818068595033
1	0.664170412405475
1	0.898180109633654
1	0.0251552316951116
1	0.981875742522008
1	0.64707193572723
1	0.373134391974884
1	0.890462727703589
1	0.617868244175891
1	0.850928433893977
1	0.95760782365168
1	0.906672818951479
1	0.660532195452035
1	0.958361784696008
1	0.21743578720706
1	0.832755752867268
1	0.0110860859673195
1	0.916127705423361
1	0.835178189598635
1	0.793539993884816
1	0.925529265674531
1	0.801482565927686
1	0.994837318988805
1	0.522303046885098
1	0.782241374444203
1	0.565665035445644
1	0.991381730976169
1	0.0264992821241239
1	0.0161734636786123
1	0.900500724345705
1	0.68622778787944
1	0.954226423216149
1	0.794530898734357
1	0.824520191932603
1	0.538784113724575
1	0.724568291109459
1	0.962902761371006
1	0.0997812889299885
1	0.986342719755076
1	0.567846974737382
1	0.756047258113632
1	0.883326494665597
1	0.0327366119911176
1	0.012989475163368
1	0.993910359416697
1	0.997192089053867
1	0.635373010313349
1	0.725646987423387
1	0.892051099100713
1	0.231992018347186
1	0.968431699298434
1	0.731696392225677
1	0.873560890764822
1	0.888022600181985
1	0.759109788757181
1	0.986200339431547
1	0.970378725963567
1	0.93752667706586
1	0.959885000556402
1	0.0419552426596194
1	0.00922354478181339
1	0.966221310695398
1	0.603781981259007
1	0.309714226810566
1	0.914785492614728
1	0.0798656457096466
1	0.96753985401818
1	0.992924946902377
1	0.899204199513169
1	0.998780445534224
1	0.864621355390521
1	0.0183587527552014
1	0.816698461705183
1	0.935783313728108
1	0.334762084059786
1	0.858530721460706
1	0.769429058350772
1	0.985596466412582
1	0.947190091635861
1	0.15335464823279
1	0.0252142403447242
1	0.960809450725543
1	0.993561197670357
1	0.605396968655234
1	0.363069338060693
1	0.77170966498011
1	0.994239033517227
1	0.992047627736259
1	0.00740549742063401
1	0.995385636849765
1	0.911977509731061
1	0.943321062641239
1	0.786242200668166
1	0.0133417196873583
1	0.267958019268808
1	0.851291084380307
1	0.827970580778853
1	0.655925667026802
1	0.98080539177005
1	0.129423487421608
1	0.991118773977226
1	0.918443111048266
1	0.144363701353304
1	0.698079724214133
1	0.757970807886028
1	0.0932621669915655
1	0.0156849739166856
1	0.741724273176186
1	0.930917457678288
1	0.938864076276751
1	0.951800540294839
1	0.587654642870901
1	0.758916408778278
1	0.0111626681177841
1	0.899563404961669
1	0.0152256651517105
1	0.839345112228025
1	0.997960334393172
1	0.993479876023452
1	0.965219764774665
1	0.81736335642493
1	0.239952967461228
1	0.891282116388019
1	0.943238362398061
1	0.983059054296096
1	0.929453742570238
1	0.880224189413191
1	0.967764165641319
1	0.902658561819846
1	0.27305141238458
1	0.994229625150469
1	0.638953667213529
1	0.949322004717741
1	0.998122493777323
1	0.706839071919965
1	0.833041057587641
1	0.0814273462782171
1	0.0931816893141805
1	0.012989475163368
1	0.0243917177382276
1	0.947757510680013
1	0.865849219259414
1	0.868389323185829
1	0.982654761724229
1	0.978281601456611
1	0.0148393709138693
1	0.0129722105964171
1	0.108696323990565
1	0.659362571078154
1	0.996387754901925
1	0.975410901347285
0	0.0136824093951327
0	0.00546225511616796
0	0.00736930449278445
0	0.0145853425505455
0	0.0129722105964171
0	0.0164077305621779
0	0.020255134981068
0	0.014150056029189
0	0.0377053710106359
0	0.0321509588192226
0	0.0167850771186092
0	0.0129722105964171
0	0.0473271620408508
0	0.0278712976921962
0	0.0631262219624463
0	0.0117012796429041
0	0.0228093111057333
0	0.0204098975753524
0	0.0129722105964171
0	0.0129722105964171
0	0.0080848013751288
0	0.0290987278309676
0	0.0133511709924325
0	0.0129722105964171
0	0.0159797944033709
0	0.022237168549309
0	0.00524474565797008
0	0.0111626681177841
0	0.0129722105964171
0	0.0228563273893485
0	0.0107688033217328
0	0.0217406861212015
0	0.0129722105964171
0	0.0129722105964171
0	0.012989475163368
0	0.918811254810736
0	0.0138894537270516
0	0.0207586723468379
0	0.0129722105964171
0	0.0129722105964171
0	0.0129722105964171
0	0.0222327434604661
0	0.0129722105964171
0	0.0129722105964171
0	0.0117189349272003
0	0.012989475163368
0	0.0111626681177841
0	0.0124359044662566
0	0.0129722105964171
0	0.0129722105964171
0	0.0125169690998647
0	0.0129722105964171
0	0.0129722105964171
0	0.0129722105964171
0	0.00849518905521171
0	0.047020445797937
0	0.0354097273604973
0	0.0129722105964171
0	0.029404659358548
0	0.00304371178908972
0	0.0129722105964171
0	0.00312668393319766
0	0.0129722105964171
0	0.0180415017845101
0	0.0129722105964171
0	0.0129722105964171
0	0.00702165383759131
0	0.0111626681177841
0	0.00742922878207728
0	0.0147389736276506
0	0.0129722105964171
0	0.0129722105964171
0	0.0129722105964171
0	0.0245977900987876
0	0.0130283954885873
0	0.0169318828562501
0	0.411967600950698
0	0.0129722105964171
0	0.0129722105964171
0	0.0129722105964171
0	0.0136898501866265
0	0.0129722105964171
0	0.0111626681177841
0	0.01044021837245
0	0.00904329205313202
0	0.0129722105964171
0	0.0439795883051638
0	0.0106562634018888
0	0.00940261651623891
0	0.00624671412785677
0	0.00981653276142011
0	0.00413404681359176
0	0.0211860885117249
0	0.0129722105964171
0	0.00845838605433294
0	0.0448134847097042
0	0.0161520757089134
0	0.0125562835693939
0	0.0129722105964171
0	0.0129722105964171
0	0.0119929633432273
0	0.0155491920073091
0	0.0129722105964171
0	0.0149882157001406
0	0.0169465388488377
0	0.0129722105964171
0	0.0072746198030562
0	0.00979103267997941
0	0.0129722105964171
0	0.0129722105964171
0	0.0129722105964171
0	0.00948385950063922
0	0.0129722105964171
0	0.0129722105964171
0	0.00312668393319766
0	0.0129722105964171
0	0.0252142403447242
0	0.149147603210881
0	0.0653555235771389
0	0.0226928231314197
0	0.0115315856396435
0	0.00580264818722152
0	0.0129722105964171
0	0.00660748727769311
0	0.0372727407072936
0	0.0146414612756714
0	0.0129722105964171
0	0.0129722105964171
0	0.0320752609158755
0	0.0220091493270413
0	0.0129722105964171
0	0.247219888507484
0	0.0165143006883411
0	0.0130283954885873
0	0.0225265500681756
0	0.0139589169596547
0	0.0129722105964171
0	0.0228862760138988
0	0.000128777015682777
0	0.0167850771186092
0	0.0166575147232197
0	0.0277185392056526
0	0.0122851453889172
0	0.0235159164488719
0	0.0177553755838645
0	0.0129722105964171
0	0.0048447661765778
0	0.0129722105964171
0	0.0072045324360239
0	0.0129722105964171
0	0.00899513704961796
0	0.0101532210531006
0	0.0113626526330558
0	0.00729230131218024
0	0.0127053219167055
0	0.0080947672439292
0	0.00651290537693106
0	0.00844614162841499
0	0.00841823720105345
0	0.0086894642907463
0	0.0121706676352118
0	0.0217346147802903
0	0.0129722105964171
0	0.0129722105964171
0	0.0111626681177841
0	0.0111626681177841
0	0.0129722105964171
0	0.0129722105964171
0	0.0552627231881706
0	0.0129722105964171
0	0.0129722105964171
0	0.00904329205313202
0	0.00612223848496609
0	0.0129722105964171
0	0.0129722105964171
0	0.0140023572853929
0	0.0233176229169008
0	0.0129722105964171
0	0.0129722105964171
0	0.0129722105964171
0	0.0129722105964171
0	0.0175158609087615
0	0.102611972866948
0	0.00799851580078393
0	0.0067812520927124
0	0.0123754800831914
0	0.00670458905741833
0	0.0191876156128117
0	0.0115739551070404
0	0.0298148348567938
0	0.030002337973232
0	0.0129722105964171
0	0.0129722105964171
0	0.0112526800841938
0	0.0109056514863202
0	0.0211006613557573
0	0.00461429157976912
0	0.0159797944033709
0	0.0129722105964171
0	0.0129722105964171
0	0.00845838605433294
0	0.00793441130690597
0	0.0056612216054193
0	0.188375326949954
0	0.0129722105964171
0	0.12905467016727
0	0.0129722105964171
0	0.0129722105964171
0	0.0129722105964171
0	0.0124736990371258
0	0.00429818789373992
0	0.131002136746444
0	0.0159797944033709
0	0.0160268454518623
0	0.0129722105964171
0	0.0129722105964171
0	0.0129722105964171
0	0.0254407356931525
0	0.0117478899459047
0	0.020227972580319
0	0.018814025826414
0	0.0129392641385864
0	0.0129722105964171
0	0.0297719376969889
0	0.00904329205313202
0	0.00904329205313202
0	0.00596167305789321
0	0.0119929633432273
0	0.0129722105964171
0	0.0129722105964171
0	0.0129722105964171
0	0.0195347866490102
0	0.00525167623685761
0	0.0111775516579918
0	0.00546870151862902
0	0.0111419255301395
0	0.0122462027358137
0	0.0129722105964171
0	0.0157475833539878
0	0.0107638599531431
0	0.0129722105964171
0	0.0147507180405522
0	0.0179355782777973
0	0.0129722105964171
0	0.0129722105964171
0	0.0121402871020925
0	0.0129722105964171
0	0.0169729813839995
0	0.0129722105964171
0	0.0191461360521544
0	0.00904329205313202
0	0.00755162519135787
0	0.0339440867372046
0	0.0129722105964171
0	0.0129722105964171
0	0.0129722105964171
0	0.00729651964585078
0	0.010735591352321
0	0.0117641627315014
0	0.0371415721786559
0	0.0103870411493344
0	0.0129722105964171
0	0.0146272630455581
0	0.0129722105964171
0	0.0425074847275008
0	0.0273154455975254
0	0.0129722105964171
0	0.0153986342556238
0	0.0129722105964171
0	0.01251530580568
0	0.0129722105964171
0	0.0129722105964171
0	0.0129722105964171
0	0.0129722105964171
0	0.0117945821443019
0	0.0167850771186092
0	0.0129722105964171
0	0.0129722105964171
0	0.0129722105964171
0	0.0129722105964171
0	0.0129722105964171
0	0.0129722105964171
0	0.0129722105964171
0	0.013714435419134
0	0.0153463232259024
0	0.0184435360392374
0	0.0129722105964171
0	0.0329219194687773
0	0.0284872276460782
0	0.0129722105964171
0	0.0129722105964171
0	0.0129722105964171
0	0.0129722105964171
0	0.0123274452812477
0	0.0129722105964171
0	0.00995749283525834
0	0.0129722105964171
0	0.0129722105964171
0	0.830248385025516
0	0.0186361933452199
0	0.00687712594152065
0	0.0129722105964171
0	0.0129722105964171
0	0.0159797944033709
0	0.0227975871362238
0	0.011552825922036
0	0.0121546453923239
0	0.0129722105964171
0	0.0129722105964171
0	0.0129722105964171
0	0.0129722105964171
0	0.531704983242106
0	0.0129722105964171
0	0.0174100081368056
0	0.0169465388488377
0	0.0129722105964171
0	0.00796886336598196
0	0.0151799420863626
0	0.0137565600080485
0	0.00845838605433294
0	0.0129722105964171
0	0.0350278600307951
0	0.0289483293119234
0	0.00616957536461549
0	0.0129722105964171
0	0.00659859658021721
0	0.0129722105964171
0	0.00183312825317396
0	0.00139835681483241
0	0.0129722105964171
0	0.0100027330647701
0	0.0129722105964171
0	0.00125077929414301
0	0.0149882157001406
0	0.0129722105964171
0	0.055268469173036
0	0.0200679258169889
0	0.0129722105964171
0	0.0129722105964171
0	0.0129722105964171
0	0.0123411581707648
0	0.0129722105964171
0	0.0129722105964171
0	0.815437723845704
0	0.00913469448122581
0	0.0129722105964171
0	0.0254463473171972
0	0.00619032305469457
0	0.0129722105964171
0	0.00279039208456773
0	0.765635960190996
0	0.0129722105964171
0	0.0156641835670082
0	0.0129722105964171
0	0.0452138700104667
0	0.0143340567776035
0	0.0721795454730705
0	0.0179775716892664
0	0.0165119268792953
0	0.0191887597023241
0	0.0141231735240865
0	0.0115739551070404
0	0.0129722105964171
0	0.00904329205313202
0	0.00312668393319766
0	0.105621918360379
0	0.014833914507033
0	0.0129722105964171
0	0.04312727140665
0	0.0129722105964171
0	0.0185773831337094
0	0.00932133766641295
0	0.0738244697666452
0	0.0129722105964171
0	0.00731386771394215
0	0.014795656045662
0	0.0129722105964171
0	0.0129722105964171
0	0.00749779238374991
0	0.0104305069397668
0	0.0129722105964171
0	0.0173059176386406
0	0.0322008649498244
0	0.0129722105964171
0	0.0129722105964171
0	0.0129722105964171
0	0.0111626681177841
0	0.186713807926006
0	0.0252473809330614
0	0.977481428304346
0	0.166895080226461
0	0.0129722105964171
0	0.00761898498888228
0	0.0140706542844451
0	0.0118076927261232
0	0.0129722105964171
0	0.0129722105964171
0	0.0179355782777973
0	0.00977540979956248
0	0.0129722105964171
0	0.0129722105964171
0	0.0571361760274474
0	0.015018374564173
0	0.0222377945100971
0	0.0228732421956576
0	0.0112345334988953
0	0.0201246576260242
0	0.0158325046142898
0	0.0160645266708135
0	0.0226828934045109
0	0.0129722105964171
0	0.0129722105964171
0	0.0129722105964171
0	0.0129722105964171
0	0.0158841165989407
0	0.012872048609423
0	0.00854304327225356
0	0.0224620068336679
0	0.0359900375536727
0	0.0129722105964171
0	0.012989475163368
0	0.0129722105964171
0	0.0129722105964171
0	0.324592707194619
0	0.0111626681177841
0	0.0129722105964171
0	0.0129722105964171
0	0.0260692719035872
0	0.0129722105964171
0	0.0133511709924325
0	0.0420808044116553
0	0.0252142403447242
0	0.0129722105964171
0	0.011336200377867
0	0.0112627094164003
0	0.0246366633525769
0	0.00817245937864005
0	0.0116638699709115
0	0.0129722105964171
0	0.0129722105964171
0	0.0129722105964171
0	0.0129722105964171
0	0.825507463077586
0	0.136655344547005
0	0.00874067355359436
0	0.0129722105964171
0	0.0129722105964171
0	0.0142418791252056
0	0.0129722105964171
0	0.0104434207431795
0	0.0129722105964171
0	0.0129722105964171
0	0.0201020267965621
0	0.0190588340267821
0	0.0129722105964171
0	0.0128875418818119
0	0.0225014639059994
0	0.00659813058101555
0	0.05335090646863
0	0.0129722105964171
0	0.0100378114225486
0	0.0129722105964171
0	0.0195347866490102
0	0.0169465388488377
0	0.0129722105964171
0	0.0125468807524637
0	0.0129722105964171
0	0.0129722105964171
0	0.0171719032804617
0	0.0245801703390567
0	0.0129722105964171
0	0.0111626681177841
0	0.0190588340267821
0	0.0111626681177841
0	0.00661365083901329
0	0.00102907239570634
0	0.0285402578293073
0	0.0357092839009054
0	0.00532694054315739
0	0.0129722105964171
0	0.0161395365588611
0	0.0129722105964171
0	0.0129722105964171
0	0.0172282215671602
0	0.0210795372524033
0	0.019340386307001
0	0.0164645917343254
0	0.0154940935899724
0	0.0129722105964171
0	0.0129722105964171
0	0.019340386307001
0	0.0169465388488377
0	0.000901697874067712
0	0.0179355782777973
0	0.0119275330895654
0	0.0211137616399021
0	0.0150272099700304
0	0.129392287913802
0	0.0136824093951327
0	0.0297096965031451
0	0.0132147677198884
0	0.161373303536507
0	0.0237932781243984
0	0.0129722105964171
0	0.00675712768677156
0	0.0234601797089536
0	0.0129722105964171
0	0.0129722105964171
0	0.00515657802657782
0	0.0129722105964171
0	0.00981653276142011
0	0.00915783391260835
0	0.0191495764055099
0	0.0129722105964171
0	0.0129722105964171
0	0.00981653276142011
0	0.0056134385342626
0	0.0138510377045059
0	0.00845838605433294
0	0.0129722105964171
0	0.0151474697270971
0	0.0100823435438866
0	0.0129722105964171
0	0.00758760666725039
0	0.0129722105964171
0	0.0129722105964171
0	0.0129722105964171
0	0.0226881045243041
0	0.0175534551886307
0	0.0163086480882512
0	0.0916699101426691
0	0.0129722105964171
0	0.00975303694497278
0	0.00843132853777626
0	0.0179743379360247
0	0.0021991262595454
0	0.012989475163368
0	0.00845838605433294
0	0.0129722105964171
0	0.0103805418666897
0	0.0114789195107452
0	0.0252142403447242
0	0.0129722105964171
0	0.0129722105964171
0	0.00904329205313202
0	0.00931359977232103
0	0.01363085216983
0	0.0148057804169913
0	0.011445052467249
0	0.0129722105964171
0	0.0124950349068718
0	0.0129722105964171
0	0.0252142403447242
0	0.0129722105964171
0	0.0115739551070404
0	0.0129722105964171
0	0.0116469228770214
0	0.00777749065925225
0	0.0169465388488377
0	0.0191876156128117
0	0.0129722105964171
0	0.0359537998948789
0	0.0124104718257074
0	0.00455774384539973
0	0.0216147896953298
0	0.0114974587292018
0	0.0155879524680426
0	0.0164108203367439
0	0.0218768748398246
0	0.00774851876327593
0	0.0179355782777973
0	0.00938281022607908
0	0.0129722105964171
0	0.0303998952469141
0	0.0356120701369938
0	0.00906884916087205
0	0.00604190408325875
0	0.0169004920316311
0	0.0115739551070404
0	0.0129722105964171
0	0.0150042198559993
0	0.0129722105964171
0	0.0129722105964171
0	0.0129722105964171
0	0.0092580552534293
0	0.0129722105964171
0	0.00874067355359436
0	0.0252142403447242
0	0.0111626681177841
0	0.0129722105964171
0	0.0109380647574317
0	0.0464716418695216
0	0.0123208706071573
0	0.0129722105964171
0	0.0252142403447242
0	0.0104434207431795
0	0.018598074149245
0	0.0200537127159509
0	0.0179378707861449
0	0.0129722105964171
0	0.0129722105964171
0	0.0129722105964171
0	0.024253658878267
0	0.0182325233993711
0	0.0129722105964171
0	0.0129722105964171
0	0.0129722105964171
0	0.0142418791252056
0	0.0129722105964171
0	0.602372971863019
0	0.0129722105964171
0	0.00761110029257115
0	0.0129722105964171
0	0.389142126988436
0	0.0151316493096916
0	0.0146414612756714
0	0.0129722105964171
0	0.0115739551070404
0	0.0129722105964171
0	0.0129722105964171
0	0.0129722105964171
0	0.0129722105964171
0	0.0134963649190495
0	0.0111626681177841
0	0.019340386307001
0	0.0142857816169627
0	0.765633594927624
0	0.0141231735240865
0	0.0212350084365624
0	0.0113626526330558
0	0.0129722105964171
0	0.00814471314279004
0	0.0195162056999328
0	0.0120194134901439
0	0.0122473846732211
0	0.158596618195578
0	0.0129722105964171
0	0.0178703835733758
0	0.0212304936124119
0	0.0210427864172805
0	0.494359247056587
0	0.0177568815993792
0	0.0129722105964171
0	0.0077655661516098
0	0.00658962632498664
0	0.0108491108426881
0	0.0129722105964171
0	0.0395504883211882
0	0.0117012796429041
0	0.0155940117855054
0	0.0129722105964171
0	0.917723953624092
0	0.00981653276142011
0	0.0173609367285299
0	0.0222405946808868
0	0.0252142403447242
0	0.013663158754969
0	0.0207518167837078
0	0.00859511341838021
0	0.0152921988414838
0	0.0096721764130399
0	0.0129722105964171
0	0.00977540979956248
0	0.0111626681177841
0	0.0129722105964171
0	0.00981653276142011
0	0.00923333530398496
0	0.0129722105964171
0	0.00193679052287657
0	0.0237720671930393
0	0.0215552488984385
0	0.0138372428285817
0	0.0129722105964171
0	0.0259826089214672
0	0.0129722105964171
0	0.0252142403447242
0	0.0115739551070404
0	0.0129722105964171
0	0.00184173597746994
0	0.00525167623685761
0	0.0129722105964171
0	0.0129722105964171
0	0.0350355154326647
0	0.0129722105964171
0	0.00665541687256521
0	0.0129722105964171
0	0.0129722105964171
0	0.00966021746817773
0	0.0129722105964171
0	0.0164184590942631
0	0.0129722105964171
0	0.00724696780274404
0	0.0144534026975262
0	0.0129722105964171
0	0.0111626681177841
0	0.0129722105964171
0	0.00874067355359436
0	0.0115739551070404
0	0.0129722105964171
0	0.00929041774369579
0	0.0129722105964171
0	0.0105421704815441
0	0.0468478942495741
0	0.0179355782777973
0	0.0134010600640604
0	0.0044813783775439
0	0.0229169325256943
0	0.0129722105964171
0	0.0372766145809066
0	0.0269382739020238
0	0.00806086488732505
0	0.00658962632498664
0	0.0129722105964171
0	0.0129722105964171
0	0.0082019563915884
0	0.295397370730914
0	0.0129722105964171
0	0.019509622926897
0	0.0393595513403274
0	0.00981653276142011
0	0.00963353201866998
0	0.0336112079848759
0	0.0129722105964171
0	0.0129722105964171
0	0.0093888378526116
0	0.0147094790231294
0	0.145025088664912
0	0.00471580937248348
0	0.0784202593369445
0	0.0172812544083128
0	0.0129722105964171
0	0.0129722105964171
0	0.00756434580873245
0	0.0129722105964171
0	0.0129722105964171
0	0.0129722105964171
0	0.0127196827377733
0	0.0129164052379078
0	0.0174359738963063
0	0.0129722105964171
0	0.0106562634018888
0	0.0129722105964171
0	0.0129722105964171
0	0.0108332566702646
0	0.0191876156128117
0	0.016681862284073
0	0.0129722105964171
0	0.0129722105964171
0	0.0252142403447242
0	0.0052600017156535
0	0.0143808249411158
0	0.0397297220411831
0	0.00580902818244831
0	0.0129722105964171
0	0.0129722105964171
0	0.0129722105964171
0	0.0191876156128117
0	0.0129722105964171
0	0.00904329205313202
0	0.0117012796429041
0	0.0129722105964171
0	0.00904329205313202
0	0.0129722105964171
0	0.0129722105964171
0	0.0190622732540192
0	0.0290355918705035
0	0.00727148274024176
0	0.0160009968393677
0	0.0129722105964171
0	0.208327931983793
0	0.00694263005553815
0	0.00216732845772477
0	0.0129722105964171
0	0.00913469448122581
0	0.0129722105964171
0	0.00510437200668363
0	0.0812203396209282
0	0.0506336012820406
0	0.018914802872097
0	0.0171310385298669
0	0.691491040572988
0	0.0010140857385252
0	0.0129722105964171
0	0.0406822150026175
0	0.0129722105964171
0	0.0434458054400818
0	0.0164640213349002
0	0.00800516095776883
0	0.0183587527552014
0	0.012358213393049
0	0.0222987883027428
0	0.0126978931817718
0	0.0129722105964171
0	0.0247239788925934
0	0.177715215654868
0	0.00349703603256147
0	0.023082312732271
0	0.0129722105964171
0	0.0199779647041513
0	0.0147897467240427
0	0.0158033179867897
0	0.0145150483780151
0	0.0117189349272003
0	0.00791731369048975
0	0.056824639035698
0	0.0129722105964171
0	0.0552566926029396
0	0.0853263346652258
0	0.0129722105964171
0	0.0129722105964171
0	0.0129722105964171
0	0.0508764323246537
0	0.504590642609587
0	0.0124104718257074
0	0.0129722105964171
0	0.01363085216983
0	0.0129722105964171
0	0.00951187353318523
0	0.0129722105964171
0	0.115235451174267
0	0.00760428496432531
0	0.0129722105964171
0	0.0129722105964171
0	0.0183587527552014
0	0.0122370403707043
0	0.012989475163368
0	0.00871595897126177
0	0.0129722105964171
0	0.0104709377285265
0	0.0129722105964171
0	0.0136824093951327
0	0.0129722105964171
0	0.008617142867758
0	0.022616583478534
0	0.0129722105964171
0	0.141517142545141
0	0.0230132929607415
0	0.00727385377130593
0	0.0124679869192405
0	0.0129722105964171
0	0.00679515371393586
0	0.0140718719946823
0	0.0129722105964171
0	0.00614698473459436
0	0.0129722105964171
0	0.00748966202883296
0	0.00806506852783461
0	0.0130283954885873
0	0.0129722105964171
0	0.0129722105964171
0	0.0169465388488377
0	0.0129722105964171
0	0.0071136907037408
0	0.0129722105964171
0	0.00248437640521155
0	0.0167850771186092
0	0.0183587527552014
0	0.0129722105964171
0	0.0129722105964171
0	0.0181905524384805
0	0.0129722105964171
0	0.107391573818411
0	0.0198884697627357
0	0.00787716437444595
0	0.00312668393319766
0	0.00314258230161193
0	0.0129722105964171
0	0.0145853425505455
0	0.0129722105964171
0	0.0050438640370378
0	0.0738244697666452
0	0.0130283954885873
0	0.0365191607690925
0	0.0102408278327665
0	0.0159797944033709
0	0.0177387366967936
0	0.017950253866459
0	0.00665229084989166
0	0.00772530860243153
0	0.0264653284120293
0	0.0280863321863554
0	0.118980100673871
0	0.020227972580319
0	0.0129722105964171
0	0.00749974610691205
0	0.0123005308332266
0	0.00558708013258794
0	0.00658962632498664
0	0.0129722105964171
0	0.0107865284378585
0	0.0129722105964171
0	0.0242638260727861
0	0.0129722105964171
0	0.00977540979956248
0	0.0151041854832469
0	0.0129722105964171
0	0.0749610483172609
0	0.0129722105964171
0	0.0129722105964171
0	0.0142620401584654
0	0.0111626681177841
0	0.120836804227066
0	0.0129722105964171
0	0.0129722105964171
0	0.0129722105964171
0	0.0111626681177841
0	0.0129722105964171
0	0.0111626681177841
0	0.0340033635939571
0	0.00845838605433294
0	0.0129722105964171
0	0.021949576623678
0	0.0129722105964171
0	0.0129722105964171
0	0.0129722105964171
0	0.0129722105964171
0	0.0129722105964171
0	0.0129722105964171
0	0.0129722105964171
0	0.0109637634376426
0	0.0129722105964171
0	0.00898546760220219
0	0.0113626526330558
0	0.0129722105964171
0	0.0125536193986451
0	0.00312668393319766
0	0.0165119268792953
0	0.0129722105964171
0	0.0129722105964171
0	0.0160268454518623
0	0.0129722105964171
0	0.0136824093951327
0	0.0129722105964171
0	0.00820549015592822
0	0.0115739551070404
0	0.00207454221546525
0	0.0120944996216948
0	0.0129722105964171
0	0.0101625312639009
0	0.00726905817785939
0	0.0129722105964171
0	0.0113626526330558
0	0.0123653439623255
0	0.00676135307183139
0	0.0129722105964171
0	0.00285391524115445
0	0.0168518402583175
0	0.0134538835583385
0	0.0169465388488377
0	0.0198911058672868
0	0.0276574969533873
0	0.0129722105964171
0	0.00948385950063922
0	0.0132147789701512
0	0.0129722105964171
0	0.0134538835583385
0	0.0129722105964171
0	0.0129722105964171
0	0.0129722105964171
0	0.0390518226739281
0	0.0132876093406341
0	0.0129722105964171
0	0.0175035597190309
0	0.00694263005553815
0	0.0129722105964171
0	0.0152636429716321
0	0.0111626681177841
0	0.0129722105964171
0	0.0129722105964171
0	0.0129722105964171
0	0.010088483798173
0	0.0129722105964171
0	0.0129722105964171
0	0.028759928298663
0	0.0125436390140941
0	0.0129722105964171
0	0.011313066461945
0	0.0111626681177841
0	0.0129722105964171
0	0.00658962632498664
0	0.037364637033433
0	0.0246366633525769
0	0.0233176229169008
0	0.0129722105964171
0	0.0129722105964171
0	0.00507996365507044
0	0.0129722105964171
0	0.0123039015944442
0	0.0128943045042269
0	0.0189469792633803
0	0.0182555693957005
0	0.00904329205313202
0	0.0253444251946057
0	0.0129722105964171
0	0.0129722105964171
0	0.0112876308061803
0	0.00808699199008406
0	0.0207376533286491
0	0.0111626681177841
0	0.0152921988414838
0	0.0327164752363181
0	0.0252142403447242
0	0.0163415918582864
0	0.0106562634018888
0	0.0102206679227605
0	0.0307382175401148
0	0.0129722105964171
0	0.00904329205313202
0	0.0215852107053866
0	0.0062707687568318
0	0.0129722105964171
0	0.0141231735240865
0	0.0548871307005179
0	0.0129722105964171
0	0.0115739551070404
0	0.0353062817837753
0	0.0275750030498535
0	0.0106552138423493
0	0.0129722105964171
0	0.0039109063834883
0	0.0485096321295625
0	0.0129722105964171
0	0.0129722105964171
0	0.0136824093951327
0	0.0115739551070404
0	0.0129679253914104
0	0.0129722105964171
0	0.0222405946808868
0	0.0129722105964171
0	0.00810760097177724
0	0.0195347866490102
0	0.0129722105964171
0	0.242885865709111
0	0.0129722105964171
0	0.016637716519919
0	0.0129722105964171
0	0.0129722105964171
0	0.00523149067382628
0	0.0252142403447242
0	0.0129722105964171
0	0.0356872948730307
0	0.0127687284612649
0	0.0129722105964171
0	0.0129722105964171
0	0.952998128333612
0	0.012107004233284
0	0.0183587527552014
0	0.0468741068813399
0	0.0129722105964171
0	0.0111626681177841
0	0.0113626526330558
0	0.0129722105964171
0	0.0129722105964171
0	0.0214069673659644
0	0.013547815943557
0	0.0129722105964171
0	0.0129722105964171
0	0.0686389476846841
0	0.0129722105964171
0	0.0142418791252056
0	0.010327716406559
0	0.0169004920316311
0	0.0110812229521194
0	0.0159666732962059
0	0.0246327264545991
0	0.002865620836819
0	0.0129722105964171
0	0.0129722105964171
0	0.0129722105964171
0	0.0106106459787756
0	0.0129722105964171
0	0.0129722105964171
0	0.0129722105964171
0	0.00948385950063922
0	0.0129722105964171
0	0.0129722105964171
0	0.00658962632498664
0	0.0101019497260719
0	0.0129722105964171
0	0.186269089115159
0	0.236549888285512
0	0.0103214307888319
0	0.0129722105964171
0	0.0129722105964171
0	0.0222429100496035
0	0.0228016184056246
0	0.00661918298987449
0	0.0192883901382999
0	0.0129722105964171
0	0.0082961112175824
0	0.00904329205313202
0	0.00601307426126484
0	0.0169465388488377
0	0.0122406551699536
0	0.0129722105964171
0	0.0129722105964171
0	0.0191876156128117
0	0.00390738083642726
0	0.0101725550713885
0	0.0129722105964171
0	0.00680810404072196
0	0.012989475163368
0	0.00801764786668224
0	0.0193088860894942
0	0.00294043279186707
0	0.0129722105964171
0	0.0129722105964171
0	0.011946846242897
0	0.0138372428285817
0	0.0115739551070404
0	0.0123427679886431
0	0.0129722105964171
0	0.00656474558736186
0	0.012298814452679
0	0.00974681454947321
0	0.0129722105964171
0	0.0120874973302042
0	0.0190002121548354
0	0.0109397526570088
0	0.0189346303989618
0	0.00942096493731672
0	0.0252142403447242
0	0.0129722105964171
0	0.00692418949477591
0	0.031261572543703
0	0.0134538835583385
0	0.0129722105964171
0	0.0129722105964171
0	0.0129722105964171
0	0.010088483798173
0	0.00920336671838962
0	0.908670530440177
0	0.0707126117696746
0	0.00874067355359436
0	0.0129722105964171
0	0.0129722105964171
0	0.0129722105964171
0	0.0424155379483672
0	0.0129722105964171
0	0.0285374035658642
0	0.0247794796343575
0	0.0074086067878298
0	0.0129722105964171
0	0.0627095343765214
0	0.0129722105964171
0	0.0119929633432273
0	0.0129722105964171
0	0.0129722105964171
0	0.00755162519135787
0	0.0129722105964171
0	0.0117152365822503
0	0.00277703376520017
0	0.00938183864629311
0	0.0159539540214928
0	0.00918986941616912
0	0.00904329205313202
0	0.0115739551070404
0	0.0129722105964171
0	0.0129722105964171
0	0.0129722105964171
0	0.0129722105964171
0	0.0129722105964171
0	0.0129722105964171
0	0.0263275943232164
0	0.0222405946808868
0	0.0130283954885873
0	0.0129722105964171
0	0.0356169250237498
0	0.0115739551070404
0	0.0129722105964171
0	0.0129722105964171
0	0.0608965506273332
0	0.135648619603922
0	0.0129722105964171
0	0.00240968576900074
0	0.0252142403447242
0	0.00525167623685761
0	0.0129722105964171
0	0.0129722105964171
0	0.0129722105964171
0	0.0515125394831859
0	0.00948503223448814
0	0.0073184130486794
0	0.0129722105964171
0	0.0129722105964171
0	0.0129722105964171
0	0.0129722105964171
0	0.21882955035465
0	0.00903372406987142
0	0.0129722105964171
0	0.0129722105964171
0	0.0129722105964171
0	0.0129722105964171
0	0.0129722105964171
0	0.0129722105964171
0	0.0121283394846595
0	0.0129722105964171
0	0.107998549153786
0	0.0198295291172322
0	0.0129722105964171
0	0.0129722105964171
0	0.0129722105964171
0	0.0129722105964171
0	0.011552825922036
0	0.0129722105964171
0	0.0129722105964171
0	0.00597206580271805
0	0.0129722105964171
0	0.0129722105964171
0	0.00667010934868079
0	0.0145052400092115
0	0.0129722105964171
0	0.0901818775806672
0	0.0159797944033709
0	0.00948385950063922
0	0.00889412614409129
0	0.0129722105964171
0	0.0147467530870715
0	0.0119869281474137
0	0.0129722105964171
0	0.0167896975647245
0	0.013878727538782
0	0.0129722105964171
0	0.0129722105964171
0	0.0129722105964171
0	0.0129722105964171
0	0.0115446815124553
0	0.0129722105964171
0	0.0129722105964171
0	0.0169465388488377
0	0.282715961221571
0	0.0129722105964171
0	0.0129722105964171
0	0.0117345513539978
0	0.012298814452679
0	0.0111626681177841
0	0.0272778040097508
0	0.0129722105964171
0	0.0152922623673296
0	0.0338236141797213
0	0.0795171040711748
0	0.0129722105964171
0	0.0312749528947121
0	0.0125794585752965
0	0.0129722105964171
0	0.00352973121493186
0	0.012989475163368
0	0.0108332566702646
0	0.0129722105964171
0	0.0305960441045179
0	0.00444161712469933
0	0.0129722105964171
0	0.0129722105964171
0	0.0113626526330558
0	0.00459942945828424
0	0.0129722105964171
0	0.019010702297012
0	0.0129722105964171
0	0.0142418791252056
0	0.0149882157001406
0	0.00664170488876289
0	0.0108910436907301
0	0.00743510947530018
0	0.0129722105964171
0	0.0129722105964171
0	0.0149882157001406
0	0.0129722105964171
0	0.0129722105964171
0	0.017064858623424
0	0.0152506407862326
0	0.00720184959920423
0	0.0129722105964171
0	0.0129722105964171
0	0.0320064311682011
0	0.0165177587408137
0	0.0129722105964171
0	0.0129722105964171
0	0.0142317453949913
0	0.0129722105964171
0	0.0170999399511157
0	0.0145853425505455
0	0.0129722105964171
0	0.0129722105964171
0	0.0113045086724087
0	0.0252142403447242
0	0.0129722105964171
0	0.00339520196518252
0	0.00950523645077007
0	0.0158453902821744
0	0.0129722105964171
0	0.0129722105964171
0	0.0129722105964171
0	0.0129722105964171
0	0.0120638980075115
0	0.0129722105964171
0	0.0206209101408995
0	0.0170491717663323
0	0.0201020303734494
0	0.0159287836142542
0	0.0129722105964171
0	0.0128962747475974
0	0.383144757305632
0	0.0318243176394074
0	0.0129722105964171
0	0.0129722105964171
0	0.0129722105964171
0	0.0197478992105197
0	0.0129722105964171
0	0.00672383700751972
0	0.0129722105964171
0	0.00357814723563373
0	0.0117012796429041
0	0.0129722105964171
0	0.0469106267037581
0	0.0129722105964171
0	0.0169004920316311
0	0.0164816497527907
0	0.0156819975858584
0	0.0236017720786448
0	0.0129722105964171
0	0.0129722105964171
0	0.0134738635740983
0	0.0129722105964171
0	0.0106457949300555
0	0.019340386307001
0	0.013536638232548
0	0.602312714305779
0	0.0167850771186092
0	0.0129722105964171
0	0.0184892611709797
0	0.0394317139245064
0	0.0129722105964171
0	0.0129722105964171
0	0.0129722105964171
0	0.0539993454898804
0	0.0129722105964171
0	0.0105578054964836
0	0.0136824093951327
0	0.0444520528528897
0	0.0129722105964171
0	0.0129722105964171
0	0.0129722105964171
0	0.0252142403447242
0	0.0177123143187509
0	0.0129722105964171
0	0.00265412744672238
0	0.0111626681177841
0	0.0116469228770214
0	0.0129722105964171
0	0.0129722105964171
0	0.0141284792425226
0	0.00794944507080937
0	0.0129722105964171
0	0.304246724523847
0	0.0485096321295625
0	0.0390794970726791
0	0.00896410738816389
0	0.0115739551070404
0	0.0204871030461728
0	0.0167365816292874
0	0.028574277770665
0	0.0129722105964171
0	0.00929041774369579
0	0.0129722105964171
0	0.00403413089408047
0	0.00859339709129095
0	0.0854448676610663
0	0.0129722105964171
0	0.0103686619505879
0	0.0129722105964171
0	0.0129722105964171
0	0.0129722105964171
0	0.0129722105964171
0	0.0150000759479802
0	0.0129722105964171
0	0.0129722105964171
0	0.00720570235581246
0	0.630839310157597
0	0.188171956316447
0	0.0129722105964171
0	0.0152452507752848
0	0.0129722105964171
0	0.00295953624450157
0	0.00745587460942427
0	0.0118311213001508
0	0.024241516604084
0	0.00852182763622305
0	0.0207423284798423
0	0.0252600036025104
0	0.011552825922036
0	0.0129722105964171
0	0.0119869281474137
0	0.0129722105964171
0	0.0129722105964171
0	0.00586583998042
0	0.0252142403447242
0	0.0129722105964171
0	0.00385482831876672
0	0.0566553730015872
0	0.0111626681177841
0	0.022004650050792
0	0.0409512168525265
0	0.00312668393319766
0	0.0319495701812208
0	0.0169465388488377
0	0.0129722105964171
0	0.0129722105964171
0	0.0129722105964171
0	0.0111463741342653
0	0.0284582867381144
0	0.00844342204011183
0	0.0129722105964171
0	0.0129722105964171
0	0.404644109324512
0	0.0129722105964171
0	0.0129722105964171
0	0.0184435360392374
0	0.231989276045427
0	0.0129722105964171
0	0.0129722105964171
0	0.0129722105964171
0	0.0129722105964171
0	0.0217519536403048
0	0.0111626681177841
0	0.0117945821443019
0	0.0129722105964171
0	0.0129722105964171
0	0.0129722105964171
0	0.0129722105964171
0	0.0126146315638619
0	0.0118402032741621
0	0.0129722105964171
0	0.00960209352957449
0	0.0154009055139355
0	0.0129722105964171
0	0.467112009983795
0	0.0129722105964171
0	0.0129722105964171
0	0.0208490822555385
0	0.0129722105964171
0	0.0162899869647982
0	0.0159797944033709
0	0.0603163714260656
0	0.00611758587593213
0	0.0129722105964171
0	0.0252142403447242
0	0.019340386307001
0	0.0129722105964171
0	0.00794487239792508
0	0.0129722105964171
0	0.0129722105964171
0	0.00904966650807619
0	0.0111626681177841
0	0.0055782794843621
0	0.0129722105964171
0	0.0200891653614619
0	0.0203795964030413
0	0.0187224053840483
0	0.00691011812566954
0	0.0129722105964171
0	0.0126648120843226
0	0.0127085300266862
0	0.133736736233114
0	0.0101042492891914
0	0.00294931719870741
0	0.0129722105964171
0	0.00999723695769496
0	0.0129722105964171
0	0.00981653276142011
0	0.0234447786516948
0	0.0166514907160609
0	0.0129722105964171
0	0.0129722105964171
0	0.0121074418007984
0	0.0200336512234716
0	0.0129722105964171
0	0.0298794673872769
0	0.0295319055465482
0	0.045372857572209
0	0.0129722105964171
0	0.100119447138154
0	0.0136824093951327
0	0.0129722105964171
0	0.0309710566045323
0	0.0136824093951327
0	0.0129722105964171
0	0.00707884378196816
0	0.0818341749165811
0	0.0420582081669028
0	0.00562744597843504
0	0.00817876503204297
0	0.0252471751186978
0	0.0191876156128117
0	0.0249280433572696
0	0.00904329205313202
0	0.0129722105964171
0	0.0123741605336174
0	0.0323442911715253
0	0.0129722105964171
0	0.013398096123462
0	0.0289037997716642
0	0.00913469448122581
0	0.0129722105964171
0	0.0129722105964171
0	0.000946064858905841
0	0.0129722105964171
0	0.0129722105964171
0	0.0129722105964171
0	0.0085080925581174
0	0.0129722105964171
0	0.0116469228770214
0	0.0174108752247579
0	0.0129722105964171
0	0.0129722105964171
0	0.0138073065086117
0	0.0129722105964171
0	0.0129722105964171
0	0.0124504179118229
0	0.00744520288072847
0	0.0452641447680251
0	0.00550151017751226
0	0.00996743307480517
0	0.0129722105964171
0	0.00520817113833235
0	0.0130283954885873
0	0.0129722105964171
0	0.0129722105964171
0	0.0129722105964171
0	0.0117012796429041
0	0.0129722105964171
0	0.0129722105964171
0	0.0169465388488377
0	0.0129722105964171
0	0.779903979297263
0	0.0129722105964171
0	0.0129722105964171
0	0.0244430298053868
0	0.0046615941809799
0	0.0129722105964171
0	0.0129722105964171
0	0.0111626681177841
0	0.0207996482958088
0	0.0129722105964171
0	0.00977540979956248
0	0.0129722105964171
0	0.0129722105964171
0	0.0463386359920672
0	0.0190459493435614
0	0.0129722105964171
0	0.00959013725992314
0	0.876613844797233
0	0.0129722105964171
0	0.0620905392630052
0	0.0125394856427279
0	0.0111626681177841
0	0.0112030020590436
0	0.00706217174903631
0	0.0241079753150719
0	0.0129722105964171
0	0.0129722105964171
0	0.0399685575285622
0	0.0129722105964171
0	0.0129722105964171
0	0.0129722105964171
0	0.0142267832862271
0	0.0129722105964171
0	0.0129722105964171
0	0.0129722105964171
0	0.0129722105964171
0	0.0108525055244315
0	0.0129722105964171
0	0.00801288067638889
0	0.0125394856427279
0	0.0129722105964171
0	0.0136898501866265
0	0.0129722105964171
0	0.0165729640694983
0	0.0125394856427279
0	0.0134515770452562
0	0.0391943664870366
0	0.0129722105964171
0	0.0115739551070404
0	0.0117012796429041
0	0.0130552085252432
0	0.0420206945140448
0	0.00847120223409598
0	0.0166545624993572
0	0.0129722105964171
0	0.0446422471363636
0	0.00312668393319766
0	0.0129722105964171
0	0.0129722105964171
0	0.00977540979956248
0	0.00950523645077007
0	0.0129722105964171
0	0.0130283954885873
0	0.0197132553443664
0	0.000963196218701561
0	0.0129722105964171
0	0.0129722105964171
0	0.0129722105964171
0	0.0300248530532474
0	0.0111626681177841
0	0.0185099833929037
0	0.0124117723977044
0	0.00907656000693422
0	0.0129722105964171
0	0.0129722105964171
0	0.011745832522053
0	0.0129722105964171
0	0.0177636536039449
0	0.617271344721539
0	0.0094866934818858
0	0.0129722105964171
0	0.0110404085240552
0	0.031283369079985
0	0.00796010088539081
0	0.0177935723316143
0	0.019741689385954
0	0.0100155283231668
0	0.0383819184448481
0	0.0124649941776593
0	0.062726156207733
0	0.00779714586007528
0	0.0163234522069618
0	0.0088288357403238
0	0.00978938180122001
0	0.009070234420057
0	0.0129722105964171
0	0.0153824802640852
0	0.012352557316591
0	0.0154779718255812
0	0.0129722105964171
0	0.0111626681177841
0	0.0129722105964171
0	0.0273841941562498
0	0.0129722105964171
0	0.0146414612756714
0	0.0122952867088574
0	0.0137565600080485
0	0.0129722105964171
0	0.0129722105964171
0	0.0113025465802301
0	0.00858050013238824
0	0.0129722105964171
0	0.00447827488125029
0	0.00312668393319766
0	0.0129722105964171
0	0.0705930907044926
0	0.0129722105964171
0	0.0129722105964171
0	0.019340386307001
0	0.0129722105964171
0	0.0129722105964171
0	0.00805543303782443
0	0.0493450089375805
0	0.0129722105964171
0	0.0129722105964171
0	0.0129722105964171
0	0.0129722105964171
0	0.0129722105964171
0	0.676161096964711
0	0.00845838605433294
0	0.0161889389567573
0	0.0191876156128117
0	0.0129722105964171
0	0.0129722105964171
0	0.0723630009082879
0	0.0172366038122079
0	0.0129722105964171
0	0.0380719178130956
0	0.0139589169596547
0	0.258005998450641
0	0.0129722105964171
0	0.837889424743733
0	0.0129722105964171
0	0.0129722105964171
0	0.156305001980795
0	0.0129722105964171
0	0.0136273447895421
0	0.0129722105964171
0	0.0195347866490102
0	0.0129722105964171
0	0.0174015189690621
0	0.0115739551070404
0	0.0129722105964171
0	0.0129722105964171
0	0.0114825324359591
0	0.0191775259090732
0	0.0136166738822209
0	0.0115739551070404
0	0.012989475163368
0	0.0129722105964171
0	0.0217985322922649
0	0.00574100970182102
0	0.00931359977232103
0	0.0129722105964171
0	0.0181827192759527
0	0.0150081225480671
0	0.0129722105964171
0	0.0129722105964171
0	0.0129722105964171
0	0.0169465388488377
0	0.0129722105964171
0	0.0192653673204811
0	0.00868087183731974
0	0.0369813109032841
0	0.00480103698343431
0	0.0305960441045179
0	0.0144281009146035
0	0.0115893806021116
0	0.0170371390410396
0	0.0104099119697312
0	0.0136824093951327
0	0.0062707687568318
0	0.0129722105964171
0	0.0130283954885873
0	0.0129722105964171
0	0.051558149673
0	0.0129722105964171
0	0.0163657869033326
0	0.0458730222519243
0	0.0129722105964171
0	0.0129722105964171
0	0.0169004920316311
0	0.0129722105964171
0	0.0129722105964171
0	0.0129722105964171
0	0.00965269514961957
0	0.0129722105964171
0	0.00608995200170775
0	0.0129722105964171
0	0.012926252380501
0	0.0129722105964171
0	0.0347062928101164
0	0.0129722105964171
0	0.00291053698159862
0	0.0129722105964171
0	0.0129722105964171
0	0.0129722105964171
0	0.0151579328319575
0	0.0129722105964171
0	0.00954047068562021
0	0.0129722105964171
0	0.0129722105964171
0	0.0129722105964171
0	0.0136458003534427
0	0.0129722105964171
0	0.0293959880307421
0	0.0125536401937859
0	0.0142970417240772
0	0.0117189349272003
0	0.0119869281474137
0	0.0174564856017129
0	0.0129722105964171
0	0.0132459492239716
0	0.0252142403447242
0	0.0129722105964171
0	0.0129722105964171
0	0.0179355782777973
0	0.0129722105964171
0	0.0122120215083266
0	0.00948904687233719
0	0.00243316118937086
0	0.0186361933452199
0	0.578321463997128
0	0.0375104521766629
0	0.0129722105964171
0	0.0129722105964171
0	0.0303375271929084
0	0.00623522380024206
0	0.00840997316168386
0	0.0129722105964171
0	0.490016904260609
0	0.0129722105964171
0	0.0193822045005357
0	0.0129722105964171
0	0.0129722105964171
0	0.0129722105964171
0	0.0129722105964171
0	0.0115739551070404
0	0.103894089330176
0	0.0129722105964171
0	0.0160487938571684
0	0.0129722105964171
0	0.0136898501866265
0	0.00830033167532492
0	0.0170999399511157
0	0.011552825922036
0	0.0225473805850694
0	0.0193062313514557
0	0.016359540828744
0	0.0129722105964171
0	0.0206179563214025
0	0.00679595623068293
0	0.0129722105964171
0	0.0159797944033709
0	0.0299067016646318
0	0.0176280812378707
0	0.0129722105964171
0	0.0132090471039847
0	0.0226928231314197
0	0.0129722105964171
0	0.00381171895902865
0	0.0129722105964171
0	0.0102989482732089
0	0.0179622831031479
0	0.0110254004871816
0	0.0129722105964171
0	0.0129722105964171
0	0.0109485068634184
0	0.0308500085719813
0	0.0482591984137487
0	0.011552825922036
0	0.0147821375952574
0	0.0129722105964171
0	0.0129722105964171
0	0.0191876156128117
0	0.0201166084587278
0	0.0129722105964171
0	0.00447008409908327
0	0.0233176229169008
0	0.0129722105964171
0	0.00397442436912912
0	0.0129722105964171
0	0.0129722105964171
0	0.0117189349272003
0	0.012772581162608
0	0.0129722105964171
0	0.0129722105964171
0	0.00755162519135787
0	0.0101175762364556
0	0.00312668393319766
0	0.00694263005553815
0	0.0486710714282208
0	0.03121408175639
0	0.0162742507873502
0	0.0396025113998743
0	0.0129722105964171
0	0.0100551501622811
0	0.0129722105964171
0	0.011552825922036
0	0.019340386307001
0	0.00502938795305972
0	0.0129722105964171
0	0.0129722105964171
0	0.0181665022525117
0	0.0364113222121292
0	0.0112324246125735
0	0.0191876156128117
0	0.0354057572906185
0	0.0129722105964171
0	0.0171310385298669
0	0.0159867336872132
0	0.0179355782777973
0	0.114351357403038
0	0.0361294254072617
0	0.0283060466189403
0	0.019340386307001
0	0.0129722105964171
0	0.019340386307001
0	0.0143627531225917
0	0.0129722105964171
0	0.00589275439870716
0	0.0129722105964171
0	0.0125394856427279
0	0.0107702370359161
0	0.0129722105964171
0	0.00624091518387487
0	0.0129722105964171
0	0.00845838605433294
0	0.0240595935567768
0	0.0129722105964171
0	0.0129722105964171
0	0.00916840736226335
0	0.00981653276142011
0	0.0286763047241503
0	0.0224800126873472
0	0.0190880031935837
0	0.0129722105964171
0	0.025840408942236
0	0.0172824579520477
0	0.0125394856427279
0	0.0330859919827687
0	0.0129722105964171
0	0.0129722105964171
0	0.0236104649170215
0	0.0129722105964171
0	0.0129722105964171
0	0.00769591566891259
0	0.0129722105964171
0	0.00683131113085027
0	0.0129722105964171
0	0.00525935362382227
0	0.00965569097461569
0	0.0566362618868453
0	0.0104026558969737
0	0.0129722105964171
0	0.0104922981266493
0	0.0129722105964171
0	0.0181665022525117
0	0.00825201655745134
0	0.012989475163368
0	0.0129722105964171
0	0.0129722105964171
0	0.0252142403447242
0	0.0446422471363636
0	0.0105948688605694
0	0.119344054164307
0	0.0121683976800399
0	0.0129722105964171
0	0.0118882843467024
0	0.0129722105964171
0	0.012989475163368
0	0.307472987440569
0	0.0129722105964171
0	0.0129722105964171
0	0.147878786376786
0	0.0187279778844632
0	0.0117012796429041
0	0.0250179069362897
0	0.0116860043530307
0	0.0129722105964171
0	0.0111626681177841
0	0.0129722105964171
0	0.0129722105964171
0	0.00674583947167163
0	0.0129722105964171
0	0.0129722105964171
0	0.0129722105964171
0	0.0129722105964171
0	0.0453457259964216
0	0.0129798575494086
0	0.0183975232358298
0	0.0129722105964171
0	0.0129722105964171
0	0.0129966435429894
0	0.0169388111144181
0	0.0129722105964171
0	0.0129722105964171
0	0.0129722105964171
0	0.00393825481972152
0	0.0129722105964171
0	0.0253664247763801
0	0.0129722105964171
0	0.00155032161365142
0	0.0169465388488377
0	0.015036117317366
0	0.0161936834218664
0	0.016130393208217
0	0.0179743379360247
0	0.0156453888511751
0	0.0179192610073768
0	0.0179668171054495
0	0.00904329205313202
0	0.0129722105964171
0	0.0129722105964171
0	0.00977127299633573
0	0.0129722105964171
0	0.019340386307001
0	0.0159799759452638
0	0.0129722105964171
0	0.0252142403447242
0	0.00932430074070261
0	0.0142857816169627
0	0.019741101409253
0	0.0129722105964171
0	0.0587719951486427
0	0.0193187527341249
0	0.00728196650161987
0	0.00600675008431014
0	0.0129722105964171
0	0.543277282029649
0	0.0116172104104752
0	0.0134545116712326
0	0.0204928480551729
0	0.0123655029369417
0	0.00780465136516509
0	0.0129722105964171
0	0.00977540979956248
0	0.0129722105964171
0	0.0129722105964171
0	0.00692400399198821
0	0.0129722105964171
0	0.0081934980095498
0	0.0246356464702245
0	0.012989475163368
0	0.0129722105964171
0	0.0129722105964171
0	0.327624676907882
0	0.0143686930060805
0	0.0150529990945576
0	0.0129722105964171
0	0.0129722105964171
0	0.0129722105964171
0	0.0386425192326666
0	0.0155759368550359
0	0.0213032273970606
0	0.0129722105964171
0	0.0129722105964171
