1	0.888607133567932
1	0.492064682007098
1	0.971957021939665
1	0.967884432955172
1	0.936166853045481
1	0.605337829658233
1	0.869721424370146
1	0.874519515164794
1	0.499901012365348
1	0.540953733154871
1	0.574841065347668
1	0.657913546507698
1	0.913341401463986
1	0.0654783633301439
1	0.814791838597543
1	0.923064723195736
1	0.948733052089863
1	0.0319704319450494
1	0.936072217661966
1	0.918430761388833
1	0.0913787337286747
1	0.975575235054664
1	0.289450331247316
1	0.116113826949288
1	0.962410423061809
1	0.93100143154817
1	0.464431989975264
1	0.76041189457378
1	0.0333622893381137
1	0.0186723928401343
1	0.98075658896061
1	0.327695950439153
1	0.975575235054664
1	0.139664357108641
1	0.955480743882322
1	0.974443539510776
1	0.766553148637553
1	0.93522657506322
1	0.902577790255372
1	0.0327035239366083
1	0.0186723928401343
1	0.855862663681256
1	0.96601176232343
1	0.874838226780031
1	0.87782465929328
1	0.719794485343448
1	0.935317309660703
1	0.975306007782516
1	0.147253515195596
1	0.86893868761954
1	0.938004677446666
1	0.751735519227386
1	0.0186723928401343
1	0.770723526399596
1	0.791172403137957
1	0.827967795804637
1	0.963900235361304
1	0.814440387934746
1	0.921079739890262
1	0.902857030505356
1	0.93337420243736
1	0.607357358638877
1	0.849617556355933
1	0.139664357108641
1	0.0637392884355579
1	0.906016228870606
1	0.882197034978877
1	0.853874788888759
1	0.0224379891102206
1	0.935435304964677
1	0.951839557009504
1	0.135716221352962
1	0.856556868956852
1	0.210540819867607
1	0.947213813274115
1	0.94164631466988
1	0.396112527609592
1	0.748876256176863
1	0.817411596492481
1	0.787653037885261
1	0.0186723928401343
1	0.837025775958793
1	0.933647754048846
1	0.0935261252838644
1	0.945362920968502
1	0.313992730575431
1	0.593210123083239
1	0.62131126994286
1	0.129006445383536
1	0.754859461883769
1	0.521642749277819
1	0.841997958459024
1	0.692558188174883
1	0.0372383560586539
1	0.974799200043436
1	0.966700385166865
1	0.761262982352126
1	0.595959360861717
1	0.224979708787489
1	0.95495964024391
1	0.926208428848153
1	0.859260924146491
1	0.914509631691421
1	0.0972116623634339
1	0.1379319806188
1	0.283525011764534
1	0.963697047879305
1	0.836475843725818
1	0.82612632076567
1	0.867444402309363
1	0.963140423191323
1	0.193092914344468
1	0.897174447862074
1	0.871237723864348
1	0.709583817098463
1	0.853984677975582
1	0.0516541259559235
1	0.0478777253337039
1	0.798233760287103
1	0.975575235054664
1	0.0186723928401343
1	0.879140158381846
1	0.638067253678697
1	0.627677493495746
1	0.174997606406033
1	0.95367357663695
1	0.0847253957328788
1	0.950496491836619
1	0.448207607428137
1	0.767152222273842
1	0.95251795266263
1	0.960248041522584
1	0.0333622893381137
1	0.757119933859116
1	0.979715352095568
1	0.488168467909369
1	0.311290266166018
1	0.369541196428651
1	0.589880891853563
1	0.321782424795058
1	0.76708393237379
1	0.313237447274969
1	0.922604622173264
1	0.964539058370393
1	0.0675308373053138
1	0.937875761950459
1	0.144038719267978
1	0.913828718705032
1	0.959270556845541
1	0.835640088313535
1	0.234984413591742
1	0.943789252608235
1	0.971563537831697
1	0.571915156730959
1	0.970598866885123
1	0.356904982251345
1	0.930977462675711
1	0.321617790014613
1	0.395925658556584
1	0.348024571535054
1	0.0332903542922674
1	0.918754493598877
1	0.337322824475903
1	0.0932417682443111
1	0.747724652832312
1	0.945788485418525
1	0.882325887696698
1	0.693124815208724
1	0.753951331760096
1	0.957010031894164
1	0.202042869932211
1	0.111336171105169
1	0.060842555042602
1	0.931564919187943
1	0.943669804956896
1	0.342288084644966
1	0.940775319595463
1	0.737532497336571
1	0.202462331494748
1	0.86614871803134
1	0.413961471369068
1	0.454833910918146
1	0.957059494421405
1	0.88828662979573
1	0.532653617496406
1	0.817534436545762
1	0.863155306801035
1	0.645488805130157
1	0.973314225689586
1	0.340492886459025
1	0.359078277507252
1	0.429326232018909
1	0.0233188100165073
1	0.111591999720147
1	0.968463045083153
1	0.299618339503748
1	0.972674689192167
1	0.726273950213521
1	0.119492619310364
1	0.936471930552833
0	0.0262471762887244
0	0.0413516664144071
0	0.0186723928401343
0	0.0186723928401343
0	0.0237549048854934
0	0.0190293307667004
0	0.0243656472129573
0	0.0186723928401343
0	0.0186723928401343
0	0.0186723928401343
0	0.0186723928401343
0	0.0186723928401343
0	0.0186723928401343
0	0.0186723928401343
0	0.0186723928401343
0	0.0190778624050421
0	0.0186723928401343
0	0.0439183858481537
0	0.0262471762887244
0	0.0186723928401343
0	0.0186723928401343
0	0.0186723928401343
0	0.0186723928401343
0	0.0186723928401343
0	0.0186723928401343
0	0.0186723928401343
0	0.0186723928401343
0	0.0212597135282529
0	0.0186723928401343
0	0.0186723928401343
0	0.021541376979305
0	0.0500484441394256
0	0.0197260365389918
0	0.0221581056371346
0	0.0186723928401343
0	0.0186723928401343
0	0.0196527962977211
0	0.0186723928401343
0	0.0186723928401343
0	0.0186723928401343
0	0.0186723928401343
0	0.0186723928401343
0	0.0186723928401343
0	0.0186723928401343
0	0.214916745305477
0	0.0186723928401343
0	0.0186723928401343
0	0.0186723928401343
0	0.0221317236361513
0	0.0186723928401343
0	0.0210846747614199
0	0.0221481704445278
0	0.0186723928401343
0	0.0186723928401343
0	0.28243646534414
0	0.0186723928401343
0	0.0602476271760253
0	0.0186723928401343
0	0.0186723928401343
0	0.0202539340212736
0	0.0244440711054854
0	0.0197260365389918
0	0.024360647962427
0	0.0740394068812684
0	0.039719082480967
0	0.0330638594791657
0	0.024360647962427
0	0.0190293307667004
0	0.0186723928401343
0	0.0256703710728977
0	0.0186723928401343
0	0.0190778624050421
0	0.0186723928401343
0	0.0186723928401343
0	0.0186723928401343
0	0.0186723928401343
0	0.0186723928401343
0	0.0444733108692332
0	0.0271202615799746
0	0.886436514497826
0	0.0186723928401343
0	0.0262653656612494
0	0.0186723928401343
0	0.0186723928401343
0	0.0186723928401343
0	0.0186723928401343
0	0.0186723928401343
0	0.0198493800831705
0	0.0186723928401343
0	0.0304665786828813
0	0.0262471762887244
0	0.0186723928401343
0	0.0254892773747908
0	0.0186723928401343
0	0.0186723928401343
0	0.0186723928401343
0	0.0186723928401343
0	0.0230440507478692
0	0.0186723928401343
0	0.0221581056371346
0	0.0186723928401343
0	0.0221581056371346
0	0.0186723928401343
0	0.0186723928401343
0	0.0192198003916575
0	0.0194423976479792
0	0.0186723928401343
0	0.0186723928401343
0	0.0186723928401343
0	0.0186723928401343
0	0.0186723928401343
0	0.0186723928401343
0	0.034945227333379
0	0.0186723928401343
0	0.0186723928401343
0	0.0210846747614199
0	0.504684512142513
0	0.0186723928401343
0	0.0186723928401343
0	0.0186723928401343
0	0.0186723928401343
0	0.0203036940474233
0	0.0186723928401343
0	0.0192843937680256
0	0.0186723928401343
0	0.0221481704445278
0	0.0190293307667004
0	0.558457137507126
0	0.0186723928401343
0	0.0186723928401343
0	0.0186723928401343
0	0.0221581056371346
0	0.0197260365389918
0	0.0270125592595499
0	0.0186723928401343
0	0.0186723928401343
0	0.0186723928401343
0	0.0186723928401343
0	0.0186723928401343
0	0.0190293307667004
0	0.0186723928401343
0	0.0186723928401343
0	0.0262471762887244
0	0.0186723928401343
0	0.0186723928401343
0	0.0186723928401343
0	0.0331462161929941
0	0.0186723928401343
0	0.0186723928401343
0	0.0186723928401343
0	0.0186723928401343
0	0.0186723928401343
0	0.0210846747614199
0	0.0186723928401343
0	0.0186723928401343
0	0.0186723928401343
0	0.0186723928401343
0	0.0186723928401343
0	0.151594262459539
0	0.0186723928401343
0	0.020058307982465
0	0.0186723928401343
0	0.0186723928401343
0	0.0186723928401343
0	0.0192843937680256
0	0.812147856596733
0	0.0186723928401343
0	0.0186723928401343
0	0.0186723928401343
0	0.0221581056371346
0	0.0186723928401343
0	0.0186723928401343
0	0.0186723928401343
0	0.0186723928401343
0	0.0447086423351524
0	0.0239003157029777
0	0.0186723928401343
0	0.0755940586814448
0	0.0541943801119745
0	0.119834332167616
0	0.0186723928401343
0	0.170720115707332
0	0.024360647962427
0	0.0186723928401343
0	0.0186723928401343
0	0.102811031948604
0	0.0186723928401343
0	0.0201539160038576
0	0.0186723928401343
0	0.0186723928401343
0	0.0186723928401343
0	0.0186723928401343
0	0.022385031140417
0	0.0186723928401343
0	0.0186723928401343
0	0.0186723928401343
0	0.0186723928401343
0	0.0210846747614199
0	0.0186723928401343
0	0.0186723928401343
0	0.0186723928401343
0	0.0186723928401343
0	0.0186723928401343
0	0.0186723928401343
0	0.0186723928401343
0	0.0186723928401343
0	0.0216443703318172
0	0.0204593052547726
0	0.0186723928401343
0	0.0186723928401343
0	0.0186723928401343
0	0.0190778624050421
0	0.0224419252325766
0	0.0186723928401343
0	0.0186723928401343
0	0.0186723928401343
0	0.0186723928401343
0	0.0186723928401343
0	0.0212846535287064
0	0.0186723928401343
0	0.0186723928401343
0	0.0186723928401343
0	0.0186723928401343
0	0.0186723928401343
0	0.0503030375259372
0	0.0186723928401343
0	0.0186723928401343
0	0.0186723928401343
0	0.0186723928401343
0	0.0186723928401343
0	0.0186723928401343
0	0.0373194828189704
0	0.112796879596685
0	0.0186723928401343
0	0.0267682556640159
0	0.0186723928401343
0	0.0186723928401343
0	0.0186723928401343
0	0.0186723928401343
0	0.0186723928401343
0	0.0186723928401343
0	0.0860241113068303
0	0.0186723928401343
0	0.0186723928401343
0	0.0186723928401343
0	0.0243941133338231
0	0.0186723928401343
0	0.0186723928401343
0	0.0186723928401343
0	0.0186723928401343
0	0.0186723928401343
0	0.0186723928401343
0	0.0186723928401343
0	0.0237549048854934
0	0.024360647962427
0	0.0197028860608999
0	0.0397173629427022
0	0.0190293307667004
0	0.0186723928401343
0	0.0190778624050421
0	0.0186723928401343
0	0.0186723928401343
0	0.0215031986556644
0	0.0550269574998258
0	0.0186723928401343
0	0.0186723928401343
0	0.0186723928401343
0	0.0186723928401343
0	0.0186723928401343
0	0.0561333989930012
0	0.0186723928401343
0	0.0186723928401343
0	0.0186723928401343
0	0.0186723928401343
0	0.0240569612721831
0	0.0186723928401343
0	0.0437492428958948
0	0.0186723928401343
0	0.0230700162591464
0	0.0186723928401343
0	0.0186723928401343
0	0.0186723928401343
0	0.0186723928401343
0	0.0186723928401343
0	0.0186723928401343
0	0.0186723928401343
0	0.0186723928401343
0	0.0186723928401343
0	0.0186723928401343
0	0.0186723928401343
0	0.0186723928401343
0	0.0186723928401343
0	0.0186723928401343
0	0.0186723928401343
0	0.0186723928401343
0	0.0186723928401343
0	0.0186723928401343
0	0.0186723928401343
0	0.0186723928401343
0	0.0186723928401343
0	0.0318804299442365
0	0.0271528697241509
0	0.0186723928401343
0	0.0186723928401343
0	0.0186723928401343
0	0.0190778624050421
0	0.0186723928401343
0	0.0186723928401343
0	0.0186723928401343
0	0.0186723928401343
0	0.0204593052547726
0	0.0186723928401343
0	0.0197260365389918
0	0.0262471762887244
0	0.0186723928401343
0	0.0277296829180503
0	0.0186723928401343
0	0.0186723928401343
0	0.0186723928401343
0	0.024360647962427
0	0.0186723928401343
0	0.0186723928401343
0	0.0186723928401343
0	0.0186723928401343
0	0.124063058818401
0	0.0247936611565838
0	0.134488681890177
0	0.0186723928401343
0	0.0186723928401343
0	0.183975840208816
0	0.0328250277285006
0	0.0186723928401343
0	0.0186723928401343
0	0.0186723928401343
0	0.0186723928401343
0	0.020058307982465
0	0.028350707125276
0	0.034945227333379
0	0.0456752778655181
0	0.0186723928401343
0	0.0186723928401343
0	0.0238425550180063
0	0.0201027031212068
0	0.0186723928401343
0	0.0197260365389918
0	0.0186723928401343
0	0.0186723928401343
0	0.0186723928401343
0	0.0582723820435373
0	0.0246712552516046
0	0.0186723928401343
0	0.0186723928401343
0	0.0186723928401343
0	0.0186723928401343
0	0.0186723928401343
0	0.0190293307667004
0	0.0237858140743016
0	0.0186723928401343
0	0.0201539160038576
0	0.0186723928401343
0	0.0186723928401343
0	0.0186723928401343
0	0.0186723928401343
0	0.0186723928401343
0	0.0186723928401343
0	0.0221581056371346
0	0.717424631091351
0	0.0186723928401343
0	0.0186723928401343
0	0.0186723928401343
0	0.0955128632998499
0	0.0186723928401343
0	0.0186723928401343
0	0.0197260365389918
0	0.0186723928401343
0	0.0186723928401343
0	0.0186723928401343
0	0.0186723928401343
0	0.0186723928401343
0	0.0583309711283724
0	0.0186723928401343
0	0.0186723928401343
0	0.0186723928401343
0	0.0337849034188211
0	0.0186723928401343
0	0.195785940853039
0	0.0186723928401343
0	0.0186723928401343
0	0.0186723928401343
0	0.0186723928401343
0	0.0652414362720451
0	0.0210846747614199
0	0.0186723928401343
0	0.0190778624050421
0	0.0186723928401343
0	0.0186723928401343
0	0.0186723928401343
0	0.0186723928401343
0	0.0186723928401343
0	0.0186723928401343
0	0.0186723928401343
0	0.0237549048854934
0	0.0186723928401343
0	0.0186723928401343
0	0.0186723928401343
0	0.0186723928401343
0	0.0197028860608999
0	0.0186723928401343
0	0.0190778624050421
0	0.0186723928401343
0	0.0250705544454074
0	0.0186723928401343
0	0.0186723928401343
0	0.0186723928401343
0	0.0186723928401343
0	0.0186723928401343
0	0.0186723928401343
0	0.0186723928401343
0	0.0186723928401343
0	0.0397747454963012
0	0.0186723928401343
0	0.0186723928401343
0	0.0186723928401343
0	0.0186723928401343
0	0.0208088559050445
0	0.0186723928401343
0	0.0186723928401343
0	0.0224419252325766
0	0.0186723928401343
0	0.0262471762887244
0	0.0186723928401343
0	0.0186723928401343
0	0.0241670053796703
0	0.0186723928401343
0	0.0186723928401343
0	0.0186723928401343
0	0.0186723928401343
0	0.0186723928401343
0	0.0186723928401343
0	0.0186723928401343
0	0.0186723928401343
0	0.0190778624050421
0	0.0221581056371346
0	0.0186723928401343
0	0.0186723928401343
0	0.0186723928401343
0	0.0186723928401343
0	0.0197260365389918
0	0.0186723928401343
0	0.0186723928401343
0	0.0210846747614199
0	0.847557458370135
0	0.0197028860608999
0	0.0186723928401343
0	0.0186723928401343
0	0.0186723928401343
0	0.0895342632005351
0	0.0186723928401343
0	0.167791566966605
0	0.0201027031212068
0	0.0204593052547726
0	0.0186723928401343
0	0.0186723928401343
0	0.0186723928401343
0	0.0186723928401343
0	0.0186723928401343
0	0.0186723928401343
0	0.294133994206731
0	0.0217319387848055
0	0.0186723928401343
0	0.0186723928401343
0	0.0186723928401343
0	0.0186723928401343
0	0.0186723928401343
0	0.0186723928401343
0	0.0186723928401343
0	0.0186723928401343
0	0.0186723928401343
0	0.0186723928401343
0	0.0186723928401343
0	0.0186723928401343
0	0.0186723928401343
0	0.0186723928401343
0	0.0186723928401343
0	0.0190293307667004
0	0.0186723928401343
0	0.226011642574926
0	0.0186723928401343
0	0.0186723928401343
0	0.078115659512989
0	0.0186723928401343
0	0.88436317835395
0	0.0186723928401343
0	0.332564458418893
0	0.0186723928401343
0	0.0212597135282529
0	0.0186723928401343
0	0.0186723928401343
0	0.0186723928401343
0	0.0186723928401343
0	0.0186723928401343
0	0.0186723928401343
0	0.0186723928401343
0	0.0186723928401343
0	0.0186723928401343
0	0.0186723928401343
0	0.0203718544805762
0	0.0186723928401343
0	0.0186723928401343
0	0.0204593052547726
0	0.0212712842660417
0	0.0186723928401343
0	0.0186723928401343
0	0.0186723928401343
0	0.0204593052547726
0	0.0186723928401343
0	0.0186723928401343
0	0.0186723928401343
0	0.0186723928401343
0	0.0186723928401343
0	0.0186723928401343
0	0.0186723928401343
0	0.0186723928401343
0	0.140781646444895
0	0.568951717359817
0	0.0186723928401343
0	0.0190778624050421
0	0.0186723928401343
0	0.0186723928401343
0	0.0341626401497183
0	0.0186723928401343
0	0.0186723928401343
0	0.0186723928401343
0	0.0336911718230589
0	0.0186723928401343
0	0.0186723928401343
0	0.0186723928401343
0	0.0186723928401343
0	0.0186723928401343
0	0.0186723928401343
0	0.0186723928401343
0	0.0186723928401343
0	0.0186723928401343
0	0.0186723928401343
0	0.0186723928401343
0	0.0186723928401343
0	0.0197260365389918
0	0.0186723928401343
0	0.0186723928401343
0	0.0186723928401343
0	0.0186723928401343
0	0.0186723928401343
0	0.0221581056371346
0	0.0186723928401343
0	0.0186723928401343
0	0.0186723928401343
0	0.0571647200000144
0	0.0186723928401343
0	0.0186723928401343
0	0.0186723928401343
0	0.0186723928401343
0	0.0186723928401343
0	0.0186723928401343
0	0.0186723928401343
0	0.767929518566897
0	0.0186723928401343
0	0.0186723928401343
0	0.0274352637145181
0	0.0186723928401343
0	0.0309992096761953
0	0.0186723928401343
0	0.0186723928401343
0	0.0186723928401343
0	0.0186723928401343
0	0.0186723928401343
0	0.0186723928401343
0	0.0190778624050421
0	0.0186723928401343
0	0.078014648005158
0	0.0186723928401343
0	0.0186723928401343
0	0.0311021131017437
0	0.0186723928401343
0	0.0221581056371346
0	0.0186723928401343
0	0.0186723928401343
0	0.0224379891102206
0	0.0186723928401343
0	0.0186723928401343
0	0.0186723928401343
0	0.0186723928401343
0	0.0265682119939103
0	0.0816557230025761
0	0.0186723928401343
0	0.28299710764785
0	0.0186723928401343
0	0.0186723928401343
0	0.0186723928401343
0	0.0262471762887244
0	0.0186723928401343
0	0.0186723928401343
0	0.0186723928401343
0	0.0186723928401343
0	0.0190778624050421
0	0.0186723928401343
0	0.0186723928401343
0	0.0237858140743016
0	0.0186723928401343
0	0.0186723928401343
0	0.0186723928401343
0	0.0186723928401343
0	0.0186723928401343
0	0.0186723928401343
0	0.0201027031212068
0	0.0186723928401343
0	0.536838843977649
0	0.0186723928401343
0	0.0190778624050421
0	0.0186723928401343
0	0.0186723928401343
0	0.0203718544805762
0	0.0221481704445278
0	0.0186723928401343
0	0.0186723928401343
0	0.0186723928401343
0	0.0186723928401343
0	0.0186723928401343
0	0.077202847486322
0	0.0186723928401343
0	0.0197260365389918
0	0.0186723928401343
0	0.0197260365389918
0	0.0186723928401343
0	0.0204593052547726
0	0.0705654984050767
0	0.308200368900377
0	0.0311324409964808
0	0.0186723928401343
0	0.0186723928401343
0	0.0186723928401343
0	0.0190778624050421
0	0.0202539340212736
0	0.0305989641226389
0	0.0186723928401343
0	0.0186723928401343
0	0.0190778624050421
0	0.043751645814131
0	0.0186723928401343
0	0.0186723928401343
0	0.0230970045428557
0	0.0565749201818464
0	0.0186723928401343
0	0.0186723928401343
0	0.0186723928401343
0	0.0186723928401343
0	0.0186723928401343
0	0.0186723928401343
0	0.101204075303373
0	0.0687858001796837
0	0.0186723928401343
0	0.0186723928401343
0	0.0230970045428557
0	0.0186723928401343
0	0.0186723928401343
0	0.0186723928401343
0	0.0186723928401343
0	0.0186723928401343
0	0.0186723928401343
0	0.0186723928401343
0	0.0186723928401343
0	0.0690595928004621
0	0.0186723928401343
0	0.0281652904313567
0	0.0186723928401343
0	0.0186723928401343
0	0.0186723928401343
0	0.0304852981413893
0	0.0190778624050421
0	0.0186723928401343
0	0.0186723928401343
0	0.0335800764323853
0	0.0186723928401343
0	0.0190293307667004
0	0.0186723928401343
0	0.0186723928401343
0	0.0215031986556644
0	0.0186723928401343
0	0.0278616369557117
0	0.0186723928401343
0	0.0186723928401343
0	0.0186723928401343
0	0.0571647200000144
0	0.0186723928401343
0	0.0186723928401343
0	0.0186723928401343
0	0.0186723928401343
0	0.0186723928401343
0	0.0186723928401343
0	0.0186723928401343
0	0.0186723928401343
0	0.0186723928401343
0	0.0186723928401343
0	0.0186723928401343
0	0.0186723928401343
0	0.0186723928401343
0	0.0353338623191147
0	0.0186723928401343
0	0.0353670135298356
0	0.0186723928401343
0	0.0186723928401343
0	0.0186723928401343
0	0.0186723928401343
0	0.0186723928401343
0	0.0186723928401343
0	0.0186723928401343
0	0.0186723928401343
0	0.0186723928401343
0	0.0196369190053395
0	0.0186723928401343
0	0.0186723928401343
0	0.0284606427589074
0	0.0186723928401343
0	0.0186723928401343
0	0.0186723928401343
0	0.0186723928401343
0	0.0186723928401343
0	0.0186723928401343
0	0.0186723928401343
0	0.0186723928401343
0	0.0186723928401343
0	0.0186723928401343
0	0.0186723928401343
0	0.0186723928401343
0	0.0186723928401343
0	0.0186723928401343
0	0.0221581056371346
0	0.0215031986556644
0	0.0186723928401343
0	0.0186723928401343
0	0.0186723928401343
0	0.0186723928401343
0	0.0186723928401343
0	0.0249953710349329
0	0.0230970045428557
0	0.0186723928401343
0	0.0186723928401343
0	0.0186723928401343
0	0.0186723928401343
0	0.0186723928401343
0	0.0186723928401343
0	0.0196369190053395
0	0.0237858140743016
0	0.0201027031212068
0	0.0186723928401343
0	0.0186723928401343
0	0.0186723928401343
0	0.0340838757934919
0	0.0186723928401343
0	0.0186723928401343
0	0.0186723928401343
0	0.0186723928401343
0	0.0190293307667004
0	0.0186723928401343
0	0.0255676344581542
0	0.0186723928401343
0	0.0186723928401343
0	0.0516368361829299
0	0.0186723928401343
0	0.0186723928401343
0	0.0186723928401343
0	0.0186723928401343
0	0.0186723928401343
0	0.0186723928401343
0	0.032811586812273
0	0.16350883589217
0	0.0186723928401343
0	0.0186723928401343
0	0.0186723928401343
0	0.0186723928401343
0	0.0186723928401343
0	0.743958558934211
0	0.020058307982465
0	0.0186723928401343
0	0.194498119206181
0	0.0186723928401343
0	0.0186723928401343
0	0.0186723928401343
0	0.0186723928401343
0	0.0186723928401343
0	0.0186723928401343
0	0.0186723928401343
0	0.0229234960352252
0	0.0186723928401343
0	0.0186723928401343
0	0.0190293307667004
0	0.0186723928401343
0	0.0337215313473186
0	0.0186723928401343
0	0.0186723928401343
0	0.0186723928401343
0	0.0186723928401343
0	0.268359365601005
0	0.0298032617443405
0	0.0186723928401343
0	0.0186723928401343
0	0.0186723928401343
0	0.0186723928401343
0	0.0186723928401343
0	0.0197260365389918
0	0.0186723928401343
0	0.0438316912149764
0	0.0186723928401343
0	0.0186723928401343
0	0.0466239393358348
0	0.0186723928401343
0	0.0186723928401343
0	0.0186723928401343
0	0.0186723928401343
0	0.0475903950363362
0	0.0186723928401343
0	0.0186723928401343
0	0.0186723928401343
0	0.0186723928401343
0	0.0186723928401343
0	0.0186723928401343
0	0.0186723928401343
0	0.0186723928401343
0	0.0507670489964331
0	0.0197260365389918
0	0.0186723928401343
0	0.0186723928401343
0	0.0186723928401343
0	0.0186723928401343
0	0.0262471762887244
0	0.0186723928401343
0	0.0222729974503397
0	0.0186723928401343
0	0.0186723928401343
0	0.165524056820405
0	0.0190778624050421
0	0.0186723928401343
0	0.0186723928401343
0	0.0186723928401343
0	0.0186723928401343
0	0.0248865050745822
0	0.0186723928401343
0	0.0186723928401343
0	0.0266244729775876
0	0.0186723928401343
0	0.0186723928401343
0	0.0186723928401343
0	0.0186723928401343
0	0.0186723928401343
0	0.0186723928401343
0	0.024360647962427
0	0.0186723928401343
0	0.070704533669354
0	0.069897759241478
0	0.0215031986556644
0	0.0186723928401343
0	0.0216768047162986
0	0.0186723928401343
0	0.0186723928401343
0	0.934386721075801
0	0.0186723928401343
0	0.0186723928401343
0	0.0186723928401343
0	0.0186723928401343
0	0.0186723928401343
0	0.0186723928401343
0	0.0186723928401343
0	0.0283844620756957
0	0.0186723928401343
0	0.0186723928401343
0	0.0402686611222385
0	0.0186723928401343
0	0.0487931413702404
0	0.0186723928401343
0	0.0186723928401343
0	0.0186723928401343
0	0.0190293307667004
0	0.0521396755463788
0	0.0186723928401343
0	0.0425960359614348
0	0.0186723928401343
0	0.0186723928401343
0	0.0186723928401343
0	0.0186723928401343
0	0.0186723928401343
0	0.0186723928401343
0	0.0248865050745822
0	0.0186723928401343
0	0.0186723928401343
0	0.0262471762887244
0	0.0186723928401343
0	0.028350707125276
0	0.0280632900271034
0	0.0186723928401343
0	0.0186723928401343
0	0.0186723928401343
0	0.127917707276958
0	0.0190778624050421
0	0.0186723928401343
0	0.0186723928401343
0	0.0186723928401343
0	0.0186723928401343
0	0.0681301688810894
0	0.0186723928401343
0	0.0186723928401343
0	0.0224379891102206
0	0.0186723928401343
0	0.0186723928401343
0	0.0262653656612494
0	0.0186723928401343
0	0.0186723928401343
0	0.0186723928401343
0	0.0333214885996616
0	0.0190778624050421
0	0.0186723928401343
0	0.0186723928401343
0	0.0186723928401343
0	0.0190778624050421
0	0.0186723928401343
0	0.0186723928401343
0	0.0186723928401343
0	0.0311021131017437
0	0.0186723928401343
0	0.0186723928401343
0	0.0186723928401343
0	0.0235962439406175
0	0.0190778624050421
0	0.0186723928401343
0	0.0237858140743016
0	0.0186723928401343
0	0.0186723928401343
0	0.0186723928401343
0	0.0186723928401343
0	0.0221847316672702
0	0.0212345134594502
0	0.0186723928401343
0	0.0446836600746358
0	0.0186723928401343
0	0.0480706126841787
0	0.0190293307667004
0	0.0186723928401343
0	0.0186723928401343
0	0.0186723928401343
0	0.0186723928401343
0	0.0716399605613899
0	0.0192843937680256
0	0.0186723928401343
0	0.0186723928401343
0	0.0186723928401343
0	0.0186723928401343
0	0.0443137195869023
0	0.0208134450157364
0	0.0186723928401343
0	0.0186723928401343
0	0.0210846747614199
0	0.0186723928401343
0	0.0186723928401343
0	0.0222713491759013
0	0.0186723928401343
0	0.0218812807409994
0	0.0190293307667004
0	0.0186723928401343
0	0.0186723928401343
0	0.0186723928401343
0	0.0186723928401343
0	0.117888808363088
0	0.0186723928401343
0	0.0186723928401343
0	0.0186723928401343
0	0.0224419252325766
0	0.0186723928401343
0	0.0323310490429212
0	0.324411798245302
0	0.0186723928401343
0	0.0186723928401343
0	0.0186723928401343
0	0.0186723928401343
0	0.0186723928401343
0	0.0186723928401343
0	0.0186723928401343
0	0.0186723928401343
0	0.0186723928401343
0	0.0186723928401343
0	0.0192198003916575
0	0.0481756921889362
0	0.0186723928401343
0	0.0309838209472572
0	0.0355345583989581
0	0.0186723928401343
0	0.0186723928401343
0	0.0186723928401343
0	0.0186723928401343
0	0.0186723928401343
0	0.0186723928401343
0	0.0186723928401343
0	0.0684425969200827
0	0.0186723928401343
0	0.0190293307667004
0	0.0186723928401343
0	0.0201539160038576
0	0.0186723928401343
0	0.0186723928401343
0	0.0186723928401343
0	0.0186723928401343
0	0.0186723928401343
0	0.0190778624050421
0	0.0186723928401343
0	0.0243656472129573
0	0.0186723928401343
0	0.0186723928401343
0	0.0186723928401343
0	0.0186723928401343
0	0.0186723928401343
0	0.0186723928401343
0	0.0197260365389918
0	0.0251584809291296
0	0.0210846747614199
0	0.0186723928401343
0	0.0386344351548371
0	0.0186723928401343
0	0.0186723928401343
0	0.0186723928401343
0	0.0186723928401343
0	0.0186723928401343
0	0.0186723928401343
0	0.0242995716807841
0	0.0186723928401343
0	0.0216943893144491
0	0.0186723928401343
0	0.0186723928401343
0	0.0186723928401343
0	0.0186723928401343
0	0.0186723928401343
0	0.0186723928401343
0	0.0186723928401343
0	0.0186723928401343
0	0.0186723928401343
0	0.0186723928401343
0	0.0186723928401343
0	0.0186723928401343
0	0.0186723928401343
0	0.0186723928401343
0	0.0571647200000144
0	0.0357135021511524
0	0.0186723928401343
0	0.0186723928401343
0	0.0572504880882757
0	0.0186723928401343
0	0.0186723928401343
0	0.0186723928401343
0	0.0232393983559442
0	0.0186723928401343
0	0.0186723928401343
0	0.0212345134594502
0	0.0186723928401343
0	0.0186723928401343
0	0.0186723928401343
0	0.0190778624050421
0	0.0186723928401343
0	0.0186723928401343
0	0.0262471762887244
0	0.0186723928401343
0	0.0186723928401343
0	0.0454334181998698
0	0.0186723928401343
0	0.0190778624050421
0	0.0186723928401343
0	0.0186723928401343
0	0.317488800792344
0	0.0210846747614199
0	0.0186723928401343
0	0.0186723928401343
0	0.0186723928401343
0	0.0210846747614199
0	0.173845456972508
0	0.0653481805369646
0	0.264176195953319
0	0.0186723928401343
0	0.0186723928401343
0	0.0186723928401343
0	0.0395210465108478
0	0.0254600491237335
0	0.0186723928401343
0	0.121425132074065
0	0.0186723928401343
0	0.0696068747828611
0	0.0186723928401343
0	0.0186723928401343
0	0.0186723928401343
0	0.0186723928401343
0	0.0204593052547726
0	0.0317967833320786
0	0.0237549048854934
0	0.0222770641059982
0	0.0197260365389918
0	0.0190778624050421
0	0.0186723928401343
0	0.0186723928401343
0	0.0186723928401343
0	0.0867665188700138
0	0.0186723928401343
0	0.0186723928401343
0	0.0229359941667212
0	0.0186723928401343
0	0.0186723928401343
0	0.0186723928401343
0	0.0186723928401343
0	0.0186723928401343
0	0.0186723928401343
0	0.0240569612721831
0	0.0186723928401343
0	0.0186723928401343
0	0.0186723928401343
0	0.0186723928401343
0	0.0186723928401343
0	0.0186723928401343
0	0.0190293307667004
0	0.0609803139548359
0	0.163919578159747
0	0.0186723928401343
0	0.0186723928401343
0	0.0186723928401343
0	0.0186723928401343
0	0.0186723928401343
0	0.0186723928401343
0	0.0197260365389918
0	0.0186723928401343
0	0.0192198003916575
0	0.0201539160038576
0	0.0186723928401343
0	0.0186723928401343
0	0.0337964395954871
0	0.0186723928401343
0	0.0186723928401343
0	0.0186723928401343
0	0.0186723928401343
0	0.0186723928401343
0	0.0186723928401343
0	0.0186723928401343
0	0.0186723928401343
0	0.0186723928401343
0	0.0186723928401343
0	0.0186723928401343
0	0.502111380410873
0	0.0186723928401343
0	0.0186723928401343
0	0.0186723928401343
0	0.0186723928401343
0	0.0186723928401343
0	0.0186723928401343
0	0.0186723928401343
0	0.0197260365389918
0	0.0186723928401343
0	0.0186723928401343
0	0.0186723928401343
0	0.0186723928401343
0	0.0186723928401343
0	0.0186723928401343
0	0.0221581056371346
0	0.0186723928401343
0	0.0186723928401343
0	0.0186723928401343
0	0.357390513514514
0	0.0186723928401343
0	0.0565897680449435
0	0.0186723928401343
0	0.0230970045428557
0	0.0793434121200549
0	0.0186723928401343
0	0.0186723928401343
0	0.0186723928401343
0	0.0754843201169093
0	0.0192843937680256
0	0.0216443703318172
0	0.0186723928401343
0	0.0186723928401343
0	0.0186723928401343
0	0.0402686611222385
0	0.0186723928401343
0	0.0186723928401343
0	0.0271202615799746
0	0.0186723928401343
0	0.0186723928401343
0	0.024360647962427
0	0.0262471762887244
0	0.0230700162591464
0	0.0186723928401343
0	0.0186723928401343
0	0.0190293307667004
0	0.024360647962427
0	0.0186723928401343
0	0.0186723928401343
0	0.0190778624050421
0	0.020149469318887
0	0.0186723928401343
0	0.0186723928401343
0	0.0186723928401343
0	0.0186723928401343
0	0.0186723928401343
0	0.0186723928401343
0	0.0186723928401343
0	0.0186723928401343
0	0.0217146922887955
0	0.0186723928401343
0	0.0186723928401343
0	0.895786368908441
0	0.0186723928401343
0	0.0221581056371346
0	0.0186723928401343
0	0.0186723928401343
0	0.0186723928401343
0	0.0186723928401343
0	0.0186723928401343
0	0.0186723928401343
0	0.0186723928401343
0	0.0186723928401343
0	0.0186723928401343
0	0.0186723928401343
0	0.326120479948376
0	0.0228350646182658
0	0.0186723928401343
0	0.0186723928401343
0	0.0186723928401343
0	0.0230970045428557
0	0.0186723928401343
0	0.0186723928401343
0	0.0186723928401343
0	0.0186723928401343
0	0.0186723928401343
0	0.0202539340212736
0	0.0204593052547726
0	0.0186723928401343
0	0.0186723928401343
0	0.0197260365389918
0	0.0186723928401343
0	0.0197260365389918
0	0.0186723928401343
0	0.0186723928401343
0	0.0186723928401343
0	0.0186723928401343
0	0.0186723928401343
0	0.0197260365389918
0	0.0276120963044493
0	0.0219665589791025
0	0.0186723928401343
0	0.0230970045428557
0	0.0186723928401343
0	0.0186723928401343
0	0.040619483539434
0	0.0186723928401343
0	0.0736426283051898
0	0.0186723928401343
0	0.0186723928401343
0	0.0186723928401343
0	0.0204593052547726
0	0.0186723928401343
0	0.0186723928401343
0	0.0396499969450351
0	0.0212712842660417
0	0.0186723928401343
0	0.0190293307667004
0	0.0186723928401343
0	0.0186723928401343
0	0.0186723928401343
0	0.0186723928401343
0	0.0186723928401343
0	0.0186723928401343
0	0.0186723928401343
0	0.0186723928401343
0	0.0186723928401343
0	0.0212712842660417
0	0.0186723928401343
0	0.201392290976283
0	0.0186723928401343
0	0.0186723928401343
0	0.0186723928401343
0	0.0186723928401343
0	0.026744966033688
0	0.119930782714276
0	0.0713954535403407
0	0.0262471762887244
0	0.0186723928401343
0	0.0186723928401343
0	0.0192843937680256
0	0.041340736537366
0	0.0186723928401343
0	0.0186723928401343
0	0.0322670891610081
0	0.0283211611746855
0	0.0186723928401343
0	0.0186723928401343
0	0.0186723928401343
0	0.0186723928401343
0	0.0186723928401343
0	0.0186723928401343
0	0.0186723928401343
0	0.0192843937680256
0	0.0186723928401343
0	0.0190778624050421
0	0.0186723928401343
0	0.0186723928401343
0	0.0461486238627804
0	0.0192198003916575
0	0.0186723928401343
0	0.0186723928401343
0	0.0326071419342494
0	0.0245101915040623
0	0.0186723928401343
0	0.0190778624050421
0	0.0186723928401343
0	0.0186723928401343
0	0.0186723928401343
0	0.0186723928401343
0	0.0186723928401343
0	0.0186723928401343
0	0.0186723928401343
0	0.0186723928401343
0	0.0263814593436471
0	0.0190778624050421
0	0.0186723928401343
0	0.0186723928401343
0	0.0186723928401343
0	0.0186723928401343
0	0.0215031986556644
0	0.0186723928401343
0	0.0186723928401343
0	0.0237549048854934
0	0.0186723928401343
0	0.0186723928401343
0	0.0186723928401343
0	0.0186723928401343
0	0.0294973828149499
0	0.0186723928401343
0	0.0212345134594502
0	0.0186723928401343
0	0.0283211611746855
0	0.0186723928401343
0	0.0186723928401343
0	0.0186723928401343
0	0.0186723928401343
0	0.0291800078799185
0	0.0186723928401343
0	0.0186723928401343
0	0.0197260365389918
0	0.0186723928401343
0	0.0186723928401343
0	0.0186723928401343
0	0.0186723928401343
0	0.0186723928401343
0	0.0186723928401343
0	0.0186723928401343
0	0.0186723928401343
0	0.0186723928401343
0	0.0186723928401343
0	0.0186723928401343
0	0.0186723928401343
0	0.0186723928401343
0	0.0192843937680256
0	0.0228835916828082
0	0.0186723928401343
0	0.0186723928401343
0	0.0186723928401343
0	0.0186723928401343
0	0.0186723928401343
0	0.0186723928401343
0	0.0456117303586656
0	0.0246422238698516
0	0.0186723928401343
0	0.0186723928401343
0	0.0186723928401343
0	0.0186723928401343
0	0.0186723928401343
0	0.0186723928401343
0	0.0186723928401343
0	0.0186723928401343
0	0.0186723928401343
0	0.0186723928401343
0	0.0186723928401343
0	0.0186723928401343
0	0.0186723928401343
0	0.0221581056371346
0	0.856205254798773
0	0.0186723928401343
0	0.049729137122348
0	0.0186723928401343
0	0.0186723928401343
0	0.0186723928401343
0	0.0190293307667004
0	0.0186723928401343
0	0.0186723928401343
0	0.0186723928401343
0	0.0304716295944559
0	0.0237549048854934
0	0.0215031986556644
0	0.0186723928401343
0	0.0316570724346033
0	0.0186723928401343
0	0.0186723928401343
0	0.0186723928401343
0	0.0192198003916575
0	0.0186723928401343
0	0.0235962439406175
0	0.0186723928401343
0	0.024360647962427
0	0.0186723928401343
0	0.0190293307667004
0	0.0186723928401343
0	0.0186723928401343
0	0.0240569612721831
0	0.0967106942486484
0	0.0186723928401343
0	0.0586279449899204
0	0.0186723928401343
0	0.024360647962427
0	0.4315179733181
0	0.0186723928401343
0	0.0186723928401343
0	0.0186723928401343
0	0.0186723928401343
0	0.0186723928401343
0	0.0267540223002134
0	0.0186723928401343
0	0.0186723928401343
0	0.0509944392503051
0	0.0186723928401343
0	0.0186723928401343
0	0.0186723928401343
0	0.0186723928401343
0	0.0186723928401343
0	0.0210846747614199
0	0.0186723928401343
0	0.052348033460258
0	0.0186723928401343
0	0.0186723928401343
0	0.0237858140743016
0	0.0713444053678501
0	0.0300392019309362
0	0.0280291837002768
0	0.0186723928401343
0	0.0186723928401343
0	0.0186723928401343
0	0.0186723928401343
0	0.0186723928401343
0	0.0186723928401343
0	0.0186723928401343
0	0.0186723928401343
0	0.0186723928401343
0	0.0186723928401343
0	0.0186723928401343
0	0.0217146922887955
0	0.0537735412709302
0	0.0186723928401343
0	0.0186723928401343
0	0.0186723928401343
0	0.0406227393367791
0	0.0186723928401343
0	0.0186723928401343
0	0.0186723928401343
0	0.0699309132126707
0	0.0186723928401343
0	0.0186723928401343
0	0.0186723928401343
0	0.0186723928401343
0	0.0302403342819174
0	0.024360647962427
0	0.0186723928401343
0	0.0186723928401343
0	0.0186723928401343
0	0.024360647962427
0	0.288009667279016
0	0.0405183183456306
0	0.0186723928401343
0	0.0186723928401343
0	0.0197260365389918
0	0.0230700162591464
0	0.0230970045428557
0	0.0186723928401343
0	0.0186723928401343
0	0.0186723928401343
0	0.0186723928401343
0	0.0186723928401343
0	0.0186723928401343
0	0.0190778624050421
0	0.0186723928401343
0	0.031071372959732
0	0.0186723928401343
0	0.0186723928401343
0	0.0186723928401343
0	0.0186723928401343
0	0.112145334484752
0	0.0186723928401343
0	0.0186723928401343
0	0.0190778624050421
0	0.0186723928401343
0	0.0328739777158337
0	0.0186723928401343
0	0.0186723928401343
0	0.0197260365389918
0	0.090874366936624
0	0.0186723928401343
0	0.0186723928401343
0	0.0186723928401343
0	0.0216443703318172
0	0.0388587683945287
0	0.0224419252325766
0	0.0186723928401343
0	0.0186723928401343
0	0.0186723928401343
0	0.0186723928401343
0	0.0186723928401343
0	0.0186723928401343
0	0.0386316312333421
0	0.0186723928401343
0	0.0192198003916575
0	0.0186723928401343
0	0.0186723928401343
0	0.0186723928401343
0	0.0186723928401343
0	0.0186723928401343
0	0.0186723928401343
0	0.0186723928401343
0	0.0186723928401343
0	0.0194423976479792
0	0.0186723928401343
0	0.0190778624050421
0	0.0221581056371346
0	0.0186723928401343
0	0.0186723928401343
0	0.0186723928401343
0	0.20393674822429
0	0.0926510363655475
0	0.0186723928401343
0	0.0186723928401343
0	0.0186723928401343
0	0.0186723928401343
0	0.0463872955060016
0	0.0186723928401343
0	0.0186723928401343
0	0.0186723928401343
0	0.024360647962427
0	0.0186723928401343
0	0.0224419252325766
0	0.285881418362564
0	0.0237088239361138
0	0.0186723928401343
0	0.0197260365389918
0	0.0789954563861233
0	0.0221481704445278
0	0.0250611361930632
0	0.0186723928401343
0	0.0413774428454046
0	0.0186723928401343
0	0.0186723928401343
0	0.0186723928401343
0	0.0186723928401343
0	0.0186723928401343
0	0.0262471762887244
0	0.0186723928401343
0	0.0186723928401343
0	0.0305362618491126
0	0.0653335275379951
0	0.0195584687561883
0	0.0186723928401343
0	0.0197260365389918
0	0.0186723928401343
0	0.0186723928401343
0	0.0186723928401343
0	0.0186723928401343
0	0.0186723928401343
0	0.0186723928401343
0	0.0244440711054854
0	0.0186723928401343
0	0.0186723928401343
0	0.0186723928401343
0	0.0186723928401343
0	0.0186723928401343
0	0.0186723928401343
0	0.0186723928401343
0	0.0186723928401343
0	0.0186723928401343
0	0.0186723928401343
0	0.0186723928401343
0	0.0186723928401343
0	0.0186723928401343
0	0.0186723928401343
0	0.0186723928401343
0	0.0186723928401343
0	0.0186723928401343
0	0.0194423976479792
0	0.0186723928401343
0	0.0186723928401343
0	0.0186723928401343
0	0.0186723928401343
0	0.0186723928401343
0	0.198578138659333
0	0.0210846747614199
0	0.0186723928401343
0	0.0186723928401343
0	0.0186723928401343
0	0.0186723928401343
0	0.0309838209472572
0	0.0186723928401343
0	0.0186723928401343
0	0.0186723928401343
0	0.0221481704445278
0	0.0186723928401343
0	0.0186723928401343
0	0.0186723928401343
0	0.0205911888572133
0	0.0197260365389918
0	0.0186723928401343
0	0.0186723928401343
0	0.0186723928401343
0	0.0186723928401343
0	0.0631658782257739
0	0.0186723928401343
0	0.0186723928401343
0	0.0186723928401343
0	0.0220568430860532
0	0.284033663729858
0	0.0190778624050421
0	0.147901454484117
0	0.881409563140964
0	0.0186723928401343
0	0.0186723928401343
0	0.0186723928401343
0	0.0186723928401343
0	0.0186723928401343
0	0.0186723928401343
0	0.0186723928401343
0	0.041340736537366
0	0.0190778624050421
0	0.0186723928401343
0	0.0186723928401343
0	0.0320671415962754
0	0.96147972962771
0	0.103445054175377
0	0.0262809976997512
0	0.0440401468904001
0	0.0186723928401343
0	0.0245101915040623
0	0.0263453327500061
0	0.0623990139623736
0	0.0212712842660417
0	0.0186723928401343
0	0.0186723928401343
0	0.0186723928401343
0	0.0210846747614199
0	0.0186723928401343
0	0.020149469318887
0	0.0186723928401343
0	0.0186723928401343
0	0.0596481566012412
0	0.0186723928401343
0	0.0186723928401343
0	0.0186723928401343
0	0.0197028860608999
0	0.0186723928401343
0	0.0428173439342979
0	0.0186723928401343
0	0.0186723928401343
0	0.0186723928401343
0	0.0186723928401343
0	0.0448098200945251
0	0.0186723928401343
0	0.0288769821358239
0	0.0186723928401343
0	0.0196369190053395
0	0.0186723928401343
0	0.0240569612721831
0	0.0210846747614199
0	0.0186723928401343
0	0.0186723928401343
0	0.0186723928401343
0	0.0186723928401343
0	0.0186723928401343
0	0.0186723928401343
0	0.0186723928401343
0	0.0186723928401343
0	0.0197260365389918
0	0.0186723928401343
0	0.0242995716807841
0	0.0186723928401343
0	0.0186723928401343
0	0.0186723928401343
0	0.0186723928401343
0	0.0217146922887955
0	0.0186723928401343
0	0.0221581056371346
0	0.0247996753437594
0	0.0186723928401343
0	0.0186723928401343
0	0.0186723928401343
0	0.0186723928401343
0	0.0186723928401343
0	0.0186723928401343
0	0.113086331339681
0	0.0186723928401343
0	0.0201027031212068
0	0.108945767980018
0	0.0190778624050421
0	0.0186723928401343
0	0.020149469318887
0	0.0340602323161459
0	0.0186723928401343
0	0.0240569612721831
0	0.0186723928401343
0	0.0186723928401343
0	0.0186723928401343
0	0.0186723928401343
0	0.030027103140403
0	0.0186723928401343
0	0.0229234960352252
0	0.0186723928401343
0	0.0186723928401343
0	0.0186723928401343
0	0.0186723928401343
0	0.0284030180684015
0	0.0186723928401343
0	0.0296312826469011
0	0.0186723928401343
0	0.0186723928401343
0	0.0186723928401343
0	0.0186723928401343
0	0.0186723928401343
0	0.0186723928401343
0	0.0186723928401343
0	0.286572016677352
0	0.0186723928401343
0	0.0186723928401343
0	0.0215031986556644
0	0.0186723928401343
0	0.0186723928401343
0	0.0186723928401343
0	0.0186723928401343
0	0.0186723928401343
0	0.0186723928401343
0	0.0190778624050421
0	0.0735708662797574
0	0.119762221373606
0	0.0309838209472572
0	0.0186723928401343
0	0.0836371388902115
0	0.0186723928401343
0	0.0186723928401343
0	0.0186723928401343
0	0.0379440011780234
0	0.0236979271000351
0	0.0186723928401343
0	0.0186723928401343
0	0.0412719213044121
0	0.024360647962427
0	0.0186723928401343
0	0.309074461947862
0	0.0636201555240251
0	0.0186723928401343
0	0.0186723928401343
0	0.0186723928401343
0	0.0186723928401343
0	0.0186723928401343
0	0.0186723928401343
0	0.0186723928401343
0	0.0202539340212736
0	0.0186723928401343
0	0.0197260365389918
0	0.0186723928401343
0	0.0186723928401343
0	0.0229359941667212
0	0.0186723928401343
0	0.0713674231123678
0	0.0216943893144491
0	0.020149469318887
0	0.0186723928401343
0	0.0201539160038576
0	0.0186723928401343
0	0.0413195057577143
0	0.0221481704445278
0	0.0186723928401343
0	0.0186723928401343
0	0.024360647962427
0	0.0186723928401343
0	0.0251584809291296
0	0.0186723928401343
0	0.0190293307667004
0	0.0186723928401343
0	0.0442037201992381
0	0.0186723928401343
0	0.0186723928401343
0	0.0186723928401343
0	0.0194423976479792
0	0.0374928099763723
0	0.0186723928401343
0	0.0221581056371346
0	0.0221847316672702
0	0.0186723928401343
0	0.0186723928401343
0	0.0186723928401343
0	0.0364244461517622
0	0.0186723928401343
0	0.0186723928401343
0	0.0186723928401343
0	0.0217146922887955
0	0.024360647962427
0	0.0237549048854934
0	0.508136762831414
0	0.0186723928401343
0	0.0186723928401343
0	0.0702879008534272
0	0.179014808031841
0	0.0186723928401343
0	0.0186723928401343
0	0.0257268530531195
0	0.0186723928401343
0	0.0186723928401343
0	0.0186723928401343
0	0.0186723928401343
0	0.0186723928401343
0	0.0186723928401343
0	0.0186723928401343
0	0.0298032617443405
0	0.0190778624050421
0	0.0186723928401343
0	0.0186723928401343
0	0.0186723928401343
0	0.0186723928401343
0	0.0186723928401343
0	0.0186723928401343
0	0.0186723928401343
0	0.0186723928401343
0	0.0186723928401343
0	0.0235545113961944
0	0.0688865156506668
0	0.0186723928401343
0	0.0186723928401343
0	0.0186723928401343
0	0.1298789253721
0	0.0370884172297592
0	0.0186723928401343
0	0.0186723928401343
0	0.0262471762887244
0	0.0186723928401343
0	0.0186723928401343
0	0.0186723928401343
0	0.0186723928401343
0	0.0186723928401343
0	0.0192843937680256
0	0.0190778624050421
0	0.0186723928401343
0	0.241096368052611
0	0.0186723928401343
0	0.0186723928401343
0	0.0306802961111952
0	0.0197260365389918
0	0.0700425230636578
0	0.0934387609702182
0	0.0186723928401343
0	0.0186723928401343
0	0.0186723928401343
0	0.0186723928401343
0	0.0186723928401343
0	0.0186723928401343
0	0.0186723928401343
0	0.0257683519503632
0	0.0186723928401343
0	0.0186723928401343
0	0.0186723928401343
0	0.0306383334565438
0	0.0186723928401343
0	0.0186723928401343
0	0.0242209598666014
0	0.0289757760207063
0	0.0186723928401343
0	0.0197260365389918
0	0.0186723928401343
0	0.0190778624050421
0	0.0186723928401343
0	0.0209027509689622
0	0.0195869935963861
0	0.0186723928401343
0	0.0186723928401343
0	0.0277039971042539
0	0.0186723928401343
0	0.0192843937680256
0	0.0186723928401343
0	0.0186723928401343
0	0.0190293307667004
0	0.0186723928401343
0	0.0210846747614199
0	0.0283030067532287
0	0.0186723928401343
0	0.0190293307667004
0	0.0364910558929284
0	0.0186723928401343
0	0.0204593052547726
0	0.0186723928401343
0	0.0186723928401343
0	0.0186723928401343
0	0.0186723928401343
0	0.0186723928401343
0	0.0186723928401343
0	0.0190293307667004
0	0.0186723928401343
0	0.0186723928401343
0	0.0186723928401343
0	0.0186723928401343
0	0.0210846747614199
0	0.0186723928401343
0	0.0186723928401343
0	0.0186723928401343
0	0.0186723928401343
0	0.0186723928401343
0	0.0190293307667004
0	0.0186723928401343
0	0.0186723928401343
0	0.0186723928401343
0	0.0201539160038576
0	0.0186723928401343
0	0.0186723928401343
0	0.0186723928401343
0	0.0186723928401343
0	0.0186723928401343
0	0.0186723928401343
0	0.0833830352831096
0	0.0186723928401343
0	0.0186723928401343
0	0.0312603618157302
0	0.0186723928401343
0	0.0186723928401343
0	0.0226863069256355
0	0.0186723928401343
0	0.0197260365389918
0	0.0186723928401343
0	0.038704786655025
0	0.0186723928401343
0	0.0186723928401343
0	0.178032178323411
0	0.031783751703981
0	0.0186723928401343
0	0.0186723928401343
0	0.0186723928401343
0	0.0186723928401343
0	0.0186723928401343
0	0.0186723928401343
0	0.0190293307667004
0	0.0186723928401343
0	0.0186723928401343
0	0.0186723928401343
0	0.0186723928401343
0	0.0186723928401343
0	0.0186723928401343
0	0.036882601165268
0	0.0319975040892038
0	0.0262471762887244
0	0.0186723928401343
0	0.266254693949208
0	0.0197260365389918
0	0.0217146922887955
0	0.0186723928401343
0	0.0186723928401343
0	0.0186723928401343
0	0.0186723928401343
0	0.0186723928401343
0	0.0186723928401343
0	0.0186723928401343
0	0.0186723928401343
0	0.0186723928401343
0	0.0712375009732709
0	0.0186723928401343
0	0.0186723928401343
0	0.0186723928401343
0	0.0186723928401343
0	0.0186723928401343
0	0.0186723928401343
0	0.0190778624050421
0	0.0186723928401343
0	0.0186723928401343
0	0.0190778624050421
0	0.0186723928401343
0	0.371543762339938
0	0.0186723928401343
0	0.0186723928401343
0	0.0186723928401343
0	0.0812681118667561
0	0.0576992347635456
0	0.0221581056371346
0	0.0186723928401343
0	0.0244440711054854
0	0.0210846747614199
0	0.0186723928401343
0	0.0186723928401343
0	0.0186723928401343
0	0.0186723928401343
0	0.0186723928401343
0	0.0186723928401343
0	0.0186723928401343
0	0.0186723928401343
