1	0.9616926503114
1	0.0186916443035298
1	0.997239415725534
1	0.72617302518923
1	0.274555453627208
1	0.0156659839208934
1	0.987308448584809
1	0.641826011575539
1	0.965386951035897
1	0.213814774261936
1	0.973823358233497
1	0.99655736933765
1	0.740748913241499
1	0.0476265839124067
1	0.108162154472539
1	0.519774696688809
1	0.197293577940677
1	0.985048206668073
1	0.448838749501211
1	0.96282600834872
1	0.682045646233537
1	0.944918124073964
1	0.341091781013553
1	0.917663242082096
1	0.970331043061871
1	0.265056487197842
1	0.878336928292815
1	0.91971272929183
1	0.832695920418781
1	0.971116989379701
1	0.208488504294701
1	0.233954253684974
1	0.522443566160723
1	0.953131880300176
1	0.0265826784055298
1	0.98638741281687
1	0.922606372854651
1	0.72991672508517
1	0.956912804515189
1	0.720143587364986
1	0.595979019580485
1	0.953870669227244
1	0.94640670740123
1	0.970924123934548
1	0.952206870516634
1	0.862815152841756
1	0.45876366176634
1	0.0502378397366267
1	0.0308797567381817
1	0.363661853919919
1	0.0593781201484712
1	0.988847283284375
1	0.169724084358757
1	0.988292090784024
1	0.994038203151178
1	0.929213031042928
1	0.814548089695071
1	0.116639534652585
1	0.10767930343927
1	0.957559515337025
1	0.211105206579204
1	0.771629372181373
1	0.334630966003097
1	0.67750506437444
1	0.578824663456693
1	0.0276717363946194
1	0.942092294820366
1	0.750843372327253
1	0.921702116334698
1	0.485724114641399
1	0.99542285356935
1	0.876143791676111
1	0.547928969542625
1	0.918495918054036
1	0.743150020405339
1	0.983942126704908
1	0.742223138238156
1	0.993297943242583
1	0.0793816218263738
1	0.774964572273819
1	0.0672273879676708
1	0.532679115425779
1	0.840666580202144
1	0.057852661108106
1	0.810383003022936
1	0.90139932443855
1	0.935384902638743
1	0.828022227243093
1	0.588776286108219
1	0.966852440427782
1	0.884516619101217
1	0.0156659839208934
1	0.413911286068812
1	0.699713985864483
1	0.270685073176073
1	0.984535462141575
1	0.98391314621246
1	0.997116274002692
1	0.500767100281058
1	0.971633176536086
1	0.25918437457714
1	0.0156659839208934
1	0.15518477507168
1	0.593584763691125
1	0.298768810185679
1	0.323881436892894
1	0.921555160284837
1	0.964638115959478
1	0.046136901455292
1	0.0448169116790748
1	0.680147124289041
1	0.320058341268683
1	0.803751698292748
1	0.487929015069713
1	0.964959570090699
1	0.63135583947841
1	0.992849040002867
1	0.9397891863092
1	0.494894577523997
1	0.836796606272987
1	0.621591132139457
1	0.510102686928957
1	0.98631616396453
1	0.920909509219411
1	0.992693843973702
1	0.707749907856723
1	0.994511181767387
1	0.884743876775234
1	0.253821024551711
1	0.285787330204751
1	0.903480552219498
1	0.143168178642669
1	0.644351318535406
1	0.789797362277361
1	0.161798557771427
1	0.954877003863947
1	0.990921507985567
1	0.0364299235984414
1	0.670335762071281
1	0.541099961797056
1	0.0278705986426309
1	0.968098766592798
1	0.971668059237874
1	0.976366265258514
1	0.219927139050727
1	0.961074213970742
1	0.527012843635142
1	0.893501160615488
1	0.975892236709156
1	0.629344229125074
1	0.886910262591029
1	0.0496371263073186
1	0.983422056242761
1	0.981583342108008
1	0.932780490914073
1	0.864692007082478
1	0.974182874552112
1	0.720498833988908
1	0.355774560546815
1	0.951505034686656
1	0.934577570411083
1	0.858969988870523
1	0.307196060994914
1	0.52579625126705
1	0.772943452532668
1	0.994245505721799
1	0.990151525577427
1	0.884019391393269
1	0.784384258280714
1	0.974912484775561
1	0.460328896904519
1	0.993542597316557
1	0.996167092357982
1	0.751123598175976
1	0.900554317506533
1	0.231731997894547
1	0.015757448382253
1	0.0320610583026397
1	0.831021285665802
1	0.0156659839208934
1	0.950911002001146
1	0.0877642753167065
1	0.951138138806783
1	0.823821091607702
1	0.993067795545865
1	0.901207995012701
1	0.290817960452286
1	0.630840727885701
1	0.0156659839208934
1	0.912508219191754
1	0.0156659839208934
1	0.94355401854028
1	0.938302529524702
1	0.947563400420191
1	0.157982298235909
1	0.98119883274171
1	0.519273125773394
1	0.913639172491298
1	0.0525034510374966
1	0.976740623087277
0	0.0156659839208934
0	0.0157639081734386
0	0.038471750596539
0	0.0242482141210907
0	0.0156659839208934
0	0.0156659839208934
0	0.0156659839208934
0	0.0156659839208934
0	0.0347385945144316
0	0.0156659839208934
0	0.0156659839208934
0	0.0276630520351059
0	0.0156659839208934
0	0.0156659839208934
0	0.0156659839208934
0	0.0156659839208934
0	0.0156659839208934
0	0.0156659839208934
0	0.0156659839208934
0	0.0156659839208934
0	0.0156659839208934
0	0.0156659839208934
0	0.021904525842796
0	0.256084428797672
0	0.0156659839208934
0	0.0156659839208934
0	0.0156659839208934
0	0.0156659839208934
0	0.0157145480531387
0	0.0156659839208934
0	0.0156659839208934
0	0.0156659839208934
0	0.0244045565124576
0	0.0339899783169859
0	0.0156659839208934
0	0.0271498962265328
0	0.0345491093872249
0	0.016496394820125
0	0.0156659839208934
0	0.015757448382253
0	0.0472169633999655
0	0.0156659839208934
0	0.0156659839208934
0	0.0156659839208934
0	0.0456031567973103
0	0.0200512383678618
0	0.0156659839208934
0	0.0156659839208934
0	0.0156659839208934
0	0.015757448382253
0	0.0156659839208934
0	0.015935031362164
0	0.0156659839208934
0	0.0156659839208934
0	0.0205694504183761
0	0.0156659839208934
0	0.0156659839208934
0	0.0277268489530251
0	0.0156659839208934
0	0.0156659839208934
0	0.0246789113310933
0	0.0156659839208934
0	0.0156659839208934
0	0.0156659839208934
0	0.0156659839208934
0	0.0337267053007994
0	0.0156659839208934
0	0.0156659839208934
0	0.0156659839208934
0	0.0156659839208934
0	0.0156659839208934
0	0.0156659839208934
0	0.0156659839208934
0	0.0157145480531387
0	0.0156659839208934
0	0.0156659839208934
0	0.0156659839208934
0	0.0156659839208934
0	0.172559103028922
0	0.0156659839208934
0	0.0335200934506915
0	0.0156659839208934
0	0.0156659839208934
0	0.0162538193824943
0	0.0156659839208934
0	0.0236710184195123
0	0.834982732116189
0	0.0156659839208934
0	0.0156659839208934
0	0.0156659839208934
0	0.0208149294932212
0	0.0156659839208934
0	0.0156659839208934
0	0.0341644890606351
0	0.0156659839208934
0	0.0156659839208934
0	0.0156659839208934
0	0.0156659839208934
0	0.0235838288821484
0	0.0156659839208934
0	0.0156659839208934
0	0.0156659839208934
0	0.0156659839208934
0	0.0156659839208934
0	0.0157145480531387
0	0.0156659839208934
0	0.0156659839208934
0	0.0156659839208934
0	0.0156659839208934
0	0.0156659839208934
0	0.0156659839208934
0	0.0156659839208934
0	0.0310756620462086
0	0.0243227255407973
0	0.0156659839208934
0	0.0156659839208934
0	0.0156659839208934
0	0.0361345069192443
0	0.0187689468325865
0	0.0156659839208934
0	0.0156659839208934
0	0.0225438536894047
0	0.015757448382253
0	0.0156659839208934
0	0.0162538193824943
0	0.0156659839208934
0	0.0156659839208934
0	0.0156659839208934
0	0.0257243070197299
0	0.0343300249277513
0	0.0156659839208934
0	0.0156659839208934
0	0.0156659839208934
0	0.0317868124022407
0	0.0156659839208934
0	0.0805823609952667
0	0.0156659839208934
0	0.0230231305071672
0	0.0156659839208934
0	0.0156659839208934
0	0.0156659839208934
0	0.0197739559477
0	0.0156659839208934
0	0.0156659839208934
0	0.0156659839208934
0	0.0415955877215573
0	0.0197739559477
0	0.0703780430751761
0	0.0297053803063787
0	0.0156659839208934
0	0.0156659839208934
0	0.0156659839208934
0	0.0156659839208934
0	0.0156659839208934
0	0.0156659839208934
0	0.0156659839208934
0	0.022404771632243
0	0.0156659839208934
0	0.0156659839208934
0	0.0156659839208934
0	0.0156659839208934
0	0.0384812117694757
0	0.0156659839208934
0	0.127783068443637
0	0.0236710184195123
0	0.0156659839208934
0	0.0156659839208934
0	0.0156659839208934
0	0.573810508931075
0	0.0156659839208934
0	0.0156659839208934
0	0.0156659839208934
0	0.022404771632243
0	0.0156659839208934
0	0.0156659839208934
0	0.0156659839208934
0	0.0156659839208934
0	0.0156659839208934
0	0.0156659839208934
0	0.0156659839208934
0	0.0156659839208934
0	0.0156659839208934
0	0.0156659839208934
0	0.0156659839208934
0	0.0156659839208934
0	0.0156659839208934
0	0.0156659839208934
0	0.0156659839208934
0	0.0156659839208934
0	0.0156659839208934
0	0.0156659839208934
0	0.0156659839208934
0	0.0156659839208934
0	0.015757448382253
0	0.029354583042355
0	0.0156659839208934
0	0.028446140591606
0	0.0156659839208934
0	0.0156659839208934
0	0.0156659839208934
0	0.0242482141210907
0	0.297479480043436
0	0.0156659839208934
0	0.0156659839208934
0	0.0156659839208934
0	0.0156659839208934
0	0.0156659839208934
0	0.0156659839208934
0	0.0156659839208934
0	0.0156659839208934
0	0.0156659839208934
0	0.015757448382253
0	0.0230231305071672
0	0.0156659839208934
0	0.0156659839208934
0	0.0156659839208934
0	0.83995274952115
0	0.0156659839208934
0	0.0156659839208934
0	0.0156659839208934
0	0.0156659839208934
0	0.0156659839208934
0	0.0156659839208934
0	0.0156659839208934
0	0.0156659839208934
0	0.0243227255407973
0	0.0156659839208934
0	0.0156659839208934
0	0.0156659839208934
0	0.0156659839208934
0	0.0156659839208934
0	0.0156659839208934
0	0.0156659839208934
0	0.0584020900768091
0	0.0156659839208934
0	0.0156659839208934
0	0.0156659839208934
0	0.0156659839208934
0	0.0156659839208934
0	0.0156659839208934
0	0.0156659839208934
0	0.0156659839208934
0	0.20256271490514
0	0.0156659839208934
0	0.0312392126636929
0	0.0156659839208934
0	0.0156659839208934
0	0.0198938386805107
0	0.022404771632243
0	0.0156659839208934
0	0.0156659839208934
0	0.0156659839208934
0	0.0156659839208934
0	0.0156659839208934
0	0.0156659839208934
0	0.0156659839208934
0	0.0156659839208934
0	0.0156659839208934
0	0.026592549569046
0	0.0156659839208934
0	0.0156659839208934
0	0.169541513624479
0	0.0156659839208934
0	0.0156659839208934
0	0.0156659839208934
0	0.0156659839208934
0	0.0156659839208934
0	0.0156659839208934
0	0.0156659839208934
0	0.0156659839208934
0	0.0156659839208934
0	0.0156659839208934
0	0.0156659839208934
0	0.0156659839208934
0	0.0156659839208934
0	0.0197739559477
0	0.0156659839208934
0	0.0156659839208934
0	0.022404771632243
0	0.0156659839208934
0	0.0157145480531387
0	0.0156659839208934
0	0.0156659839208934
0	0.0156659839208934
0	0.0156659839208934
0	0.0157145480531387
0	0.0198938386805107
0	0.0156659839208934
0	0.0242482141210907
0	0.0156659839208934
0	0.0257243070197299
0	0.0156659839208934
0	0.0156659839208934
0	0.0156659839208934
0	0.0156659839208934
0	0.015935031362164
0	0.0156659839208934
0	0.0156659839208934
0	0.0156659839208934
0	0.0157145480531387
0	0.0156659839208934
0	0.072127992078391
0	0.0920819848438753
0	0.38239178475293
0	0.0744119538647431
0	0.692752322190229
0	0.0156659839208934
0	0.0156659839208934
0	0.0187689468325865
0	0.0156659839208934
0	0.0156659839208934
0	0.0351198468957528
0	0.0339594490566289
0	0.0156659839208934
0	0.0156659839208934
0	0.0156659839208934
0	0.0156659839208934
0	0.0156659839208934
0	0.0156659839208934
0	0.0156659839208934
0	0.0156659839208934
0	0.0156659839208934
0	0.0380033680507187
0	0.0243227255407973
0	0.0156659839208934
0	0.239349063986203
0	0.0156659839208934
0	0.0227868718034173
0	0.0156659839208934
0	0.0156659839208934
0	0.0283987867464957
0	0.0156659839208934
0	0.0156659839208934
0	0.0156659839208934
0	0.0156659839208934
0	0.0156659839208934
0	0.0156659839208934
0	0.022404771632243
0	0.0156659839208934
0	0.0156659839208934
0	0.0156659839208934
0	0.0156659839208934
0	0.0156659839208934
0	0.0156659839208934
0	0.0197739559477
0	0.0156659839208934
0	0.0156659839208934
0	0.0156659839208934
0	0.0156659839208934
0	0.209815164560059
0	0.0422064537957111
0	0.0156659839208934
0	0.0242482141210907
0	0.0156659839208934
0	0.156036654268585
0	0.0156659839208934
0	0.0197739559477
0	0.0377504779505986
0	0.0343395667884439
0	0.0156659839208934
0	0.0242482141210907
0	0.0337351922971746
0	0.0156659839208934
0	0.0156659839208934
0	0.0156659839208934
0	0.0156659839208934
0	0.25412452998278
0	0.0156659839208934
0	0.0156659839208934
0	0.0422316003119051
0	0.0156659839208934
0	0.0156659839208934
0	0.0156659839208934
0	0.0187689468325865
0	0.0156659839208934
0	0.0156659839208934
0	0.0409731597476979
0	0.0156659839208934
0	0.0197739559477
0	0.0156659839208934
0	0.0156659839208934
0	0.0156659839208934
0	0.0179255640964121
0	0.0156659839208934
0	0.0277477583790371
0	0.0156659839208934
0	0.0156659839208934
0	0.0156659839208934
0	0.0156659839208934
0	0.116352432051625
0	0.0156659839208934
0	0.0156659839208934
0	0.0246789113310933
0	0.0156659839208934
0	0.0156659839208934
0	0.0156659839208934
0	0.0473169691430938
0	0.0156659839208934
0	0.0156659839208934
0	0.0156659839208934
0	0.0156659839208934
0	0.0156659839208934
0	0.0156659839208934
0	0.0205694504183761
0	0.0156659839208934
0	0.0156659839208934
0	0.0156659839208934
0	0.0156659839208934
0	0.0169041795971015
0	0.0156659839208934
0	0.0577009647718482
0	0.0156659839208934
0	0.0156659839208934
0	0.0324343661260795
0	0.0156659839208934
0	0.0156659839208934
0	0.0156659839208934
0	0.0156659839208934
0	0.0318193306436363
0	0.0156659839208934
0	0.0242482141210907
0	0.0156659839208934
0	0.0156659839208934
0	0.0156659839208934
0	0.0156659839208934
0	0.0156659839208934
0	0.0156659839208934
0	0.0156659839208934
0	0.0325611916058813
0	0.0156659839208934
0	0.0156659839208934
0	0.0156659839208934
0	0.0156659839208934
0	0.0156659839208934
0	0.015757448382253
0	0.0156659839208934
0	0.0156659839208934
0	0.0156659839208934
0	0.0229867630513968
0	0.0156659839208934
0	0.0156659839208934
0	0.0197739559477
0	0.0156659839208934
0	0.0198889198320179
0	0.0156659839208934
0	0.0194709117892923
0	0.0156659839208934
0	0.0156659839208934
0	0.0156659839208934
0	0.0156659839208934
0	0.0156659839208934
0	0.0156659839208934
0	0.0164943377580393
0	0.0156659839208934
0	0.0156659839208934
0	0.0938904686453886
0	0.0156659839208934
0	0.0156659839208934
0	0.015757448382253
0	0.0156659839208934
0	0.0156659839208934
0	0.0156659839208934
0	0.0560017051154011
0	0.0156659839208934
0	0.0156659839208934
0	0.0156659839208934
0	0.0156659839208934
0	0.0156659839208934
0	0.0156659839208934
0	0.0156659839208934
0	0.0220972867846271
0	0.0290177483555369
0	0.0187689468325865
0	0.0156659839208934
0	0.0156659839208934
0	0.0156659839208934
0	0.0156659839208934
0	0.0156659839208934
0	0.0274442592738714
0	0.0156659839208934
0	0.0156659839208934
0	0.0197739559477
0	0.0156659839208934
0	0.0156659839208934
0	0.0156659839208934
0	0.0345491093872249
0	0.0156659839208934
0	0.0157145480531387
0	0.0156659839208934
0	0.0156659839208934
0	0.0156659839208934
0	0.0156659839208934
0	0.0156659839208934
0	0.0337704405850473
0	0.0156659839208934
0	0.0156659839208934
0	0.0156659839208934
0	0.0156659839208934
0	0.0820878825163122
0	0.0156659839208934
0	0.022404771632243
0	0.0156659839208934
0	0.0156659839208934
0	0.0166882190066467
0	0.0156659839208934
0	0.016496394820125
0	0.0156659839208934
0	0.0156659839208934
0	0.0157145480531387
0	0.0156659839208934
0	0.319801801123136
0	0.0156659839208934
0	0.0197739559477
0	0.0187689468325865
0	0.0156659839208934
0	0.0361345069192443
0	0.0197739559477
0	0.0234021430927204
0	0.0156659839208934
0	0.0156659839208934
0	0.0156659839208934
0	0.0156659839208934
0	0.0157145480531387
0	0.0156659839208934
0	0.0420387642974681
0	0.0156659839208934
0	0.0156659839208934
0	0.0523996764816374
0	0.0288994779190686
0	0.0156659839208934
0	0.0156659839208934
0	0.0156659839208934
0	0.0156659839208934
0	0.0156659839208934
0	0.0156659839208934
0	0.0156659839208934
0	0.0156659839208934
0	0.0156659839208934
0	0.0611844720337738
0	0.015757448382253
0	0.0156659839208934
0	0.0156659839208934
0	0.0156659839208934
0	0.0156659839208934
0	0.180871269755443
0	0.0156659839208934
0	0.0156659839208934
0	0.0156659839208934
0	0.0156659839208934
0	0.0345936333797102
0	0.0197739559477
0	0.0854188935835441
0	0.0156659839208934
0	0.015757448382253
0	0.0156659839208934
0	0.0156659839208934
0	0.0156659839208934
0	0.0156659839208934
0	0.0156659839208934
0	0.015757448382253
0	0.0560791287423524
0	0.0156659839208934
0	0.0156659839208934
0	0.0156659839208934
0	0.0156659839208934
0	0.0242482141210907
0	0.0156659839208934
0	0.0156659839208934
0	0.0259293506943126
0	0.0156659839208934
0	0.0156659839208934
0	0.0156659839208934
0	0.0335127136210835
0	0.115947732192387
0	0.0156659839208934
0	0.0156659839208934
0	0.0284994532849604
0	0.0156659839208934
0	0.0156659839208934
0	0.0156659839208934
0	0.0156659839208934
0	0.0156659839208934
0	0.0156659839208934
0	0.0290034669656379
0	0.0199430849412918
0	0.0156659839208934
0	0.0156659839208934
0	0.0156659839208934
0	0.0165454266023111
0	0.0156659839208934
0	0.0156659839208934
0	0.0156659839208934
0	0.0156659839208934
0	0.0197739559477
0	0.0156659839208934
0	0.0156659839208934
0	0.0156659839208934
0	0.0156659839208934
0	0.0156659839208934
0	0.0354883858334754
0	0.877319981878938
0	0.0156659839208934
0	0.0156659839208934
0	0.0361345069192443
0	0.0156659839208934
0	0.0156659839208934
0	0.0166882190066467
0	0.0156659839208934
0	0.234715552194777
0	0.0156659839208934
0	0.0197739559477
0	0.0242482141210907
0	0.501327683604832
0	0.0156659839208934
0	0.0197739559477
0	0.0156659839208934
0	0.0156659839208934
0	0.0197739559477
0	0.0284994532849604
0	0.153025063842322
0	0.02742959100873
0	0.0156659839208934
0	0.0156659839208934
0	0.0156659839208934
0	0.0157145480531387
0	0.0199430849412918
0	0.0156659839208934
0	0.0156659839208934
0	0.0156659839208934
0	0.0404192899527399
0	0.0156659839208934
0	0.0156659839208934
0	0.0156659839208934
0	0.0156659839208934
0	0.0156659839208934
0	0.0462480890805822
0	0.0156659839208934
0	0.0230231305071672
0	0.0156659839208934
0	0.0156659839208934
0	0.0156659839208934
0	0.0157145480531387
0	0.0156659839208934
0	0.0156659839208934
0	0.0156659839208934
0	0.0156659839208934
0	0.0197739559477
0	0.0187689468325865
0	0.0197739559477
0	0.0156659839208934
0	0.0156659839208934
0	0.0156659839208934
0	0.0230231305071672
0	0.980836337926019
0	0.0156659839208934
0	0.0156659839208934
0	0.016496394820125
0	0.0166882190066467
0	0.0156659839208934
0	0.0156659839208934
0	0.0156659839208934
0	0.0156659839208934
0	0.0754854011048912
0	0.11261757859923
0	0.0156659839208934
0	0.0156659839208934
0	0.0224737488767281
0	0.0156659839208934
0	0.0156659839208934
0	0.0156659839208934
0	0.0373127724652955
0	0.396869500278978
0	0.0156659839208934
0	0.0156659839208934
0	0.0156659839208934
0	0.0156659839208934
0	0.0156659839208934
0	0.0156659839208934
0	0.182574062270409
0	0.0262102547003136
0	0.0156659839208934
0	0.0156659839208934
0	0.0156659839208934
0	0.0156659839208934
0	0.015757448382253
0	0.0156659839208934
0	0.022404771632243
0	0.0156659839208934
0	0.015935031362164
0	0.0156659839208934
0	0.0156659839208934
0	0.0183790687709802
0	0.0162449133512487
0	0.0156659839208934
0	0.0156659839208934
0	0.0183790687709802
0	0.0230231305071672
0	0.0478401547155231
0	0.0156659839208934
0	0.0156659839208934
0	0.0242482141210907
0	0.0156659839208934
0	0.0156659839208934
0	0.317976557649316
0	0.0156659839208934
0	0.0156659839208934
0	0.0274442592738714
0	0.0156659839208934
0	0.0156659839208934
0	0.0156659839208934
0	0.0156659839208934
0	0.0156659839208934
0	0.0424420050198705
0	0.0156659839208934
0	0.0156659839208934
0	0.0156659839208934
0	0.0156659839208934
0	0.0156659839208934
0	0.0220972867846271
0	0.0156659839208934
0	0.0156659839208934
0	0.0741921897130918
0	0.0205694504183761
0	0.0283987867464957
0	0.0376245457247813
0	0.0230231305071672
0	0.0156659839208934
0	0.0187842108019895
0	0.0283987867464957
0	0.015935031362164
0	0.0156659839208934
0	0.0452832598779507
0	0.0156659839208934
0	0.0157145480531387
0	0.0156659839208934
0	0.0156659839208934
0	0.0156659839208934
0	0.0156659839208934
0	0.0156659839208934
0	0.0156659839208934
0	0.0156659839208934
0	0.0156659839208934
0	0.0156659839208934
0	0.0156659839208934
0	0.0230231305071672
0	0.0197739559477
0	0.0156659839208934
0	0.0231565385205401
0	0.175181682189661
0	0.0258729525498167
0	0.0156659839208934
0	0.0156659839208934
0	0.0156659839208934
0	0.0156659839208934
0	0.0156659839208934
0	0.0156659839208934
0	0.0156659839208934
0	0.0669434896900141
0	0.0302263483745059
0	0.0156659839208934
0	0.022404771632243
0	0.0164943377580393
0	0.0156659839208934
0	0.0159615594822135
0	0.0156659839208934
0	0.0156659839208934
0	0.0156659839208934
0	0.316150066075422
0	0.0395156245184636
0	0.0242482141210907
0	0.0197739559477
0	0.0156659839208934
0	0.0156659839208934
0	0.0156659839208934
0	0.0156659839208934
0	0.0560639023949833
0	0.015757448382253
0	0.0156659839208934
0	0.0156659839208934
0	0.0156659839208934
0	0.0156659839208934
0	0.0164943377580393
0	0.0156659839208934
0	0.0156659839208934
0	0.0236710184195123
0	0.0156659839208934
0	0.0156659839208934
0	0.418630308889667
0	0.0156659839208934
0	0.0156659839208934
0	0.015868929355401
0	0.0156659839208934
0	0.0156659839208934
0	0.0156659839208934
0	0.0156659839208934
0	0.016496394820125
0	0.0337991652557295
0	0.0183790687709802
0	0.0164943377580393
0	0.0156659839208934
0	0.0198349980727411
0	0.0156659839208934
0	0.0219170554563188
0	0.0198817169265807
0	0.0156659839208934
0	0.0156659839208934
0	0.0242482141210907
0	0.0156659839208934
0	0.0257243070197299
0	0.0197739559477
0	0.0156659839208934
0	0.0156659839208934
0	0.0198817169265807
0	0.0156659839208934
0	0.0156659839208934
0	0.0156659839208934
0	0.0408968812928147
0	0.0156659839208934
0	0.0156659839208934
0	0.0156659839208934
0	0.0156659839208934
0	0.0156659839208934
0	0.0156659839208934
0	0.0197739559477
0	0.0156659839208934
0	0.0156659839208934
0	0.0156659839208934
0	0.0156659839208934
0	0.0156659839208934
0	0.0304321906850661
0	0.0257243070197299
0	0.0156659839208934
0	0.0156659839208934
0	0.0156659839208934
0	0.257050518447312
0	0.022404771632243
0	0.0156659839208934
0	0.0205694504183761
0	0.0457933064614593
0	0.0156659839208934
0	0.0156659839208934
0	0.0156659839208934
0	0.138969993877156
0	0.0156659839208934
0	0.0197739559477
0	0.0156659839208934
0	0.0156659839208934
0	0.0156659839208934
0	0.0156659839208934
0	0.0156659839208934
0	0.015935031362164
0	0.0156659839208934
0	0.0156659839208934
0	0.0156659839208934
0	0.0156659839208934
0	0.0156659839208934
0	0.0329834396643685
0	0.0156659839208934
0	0.0156659839208934
0	0.0156659839208934
0	0.0849256443854195
0	0.0156659839208934
0	0.0156659839208934
0	0.015757448382253
0	0.0156659839208934
0	0.0156659839208934
0	0.22487380356616
0	0.0156659839208934
0	0.0632144001381815
0	0.0156659839208934
0	0.0156659839208934
0	0.0156659839208934
0	0.0156659839208934
0	0.0156659839208934
0	0.0156659839208934
0	0.0364537963454608
0	0.0156659839208934
0	0.0156659839208934
0	0.0156659839208934
0	0.0156659839208934
0	0.0156659839208934
0	0.207893039378619
0	0.0156659839208934
0	0.0197739559477
0	0.0270340599441828
0	0.0156659839208934
0	0.0156659839208934
0	0.0156659839208934
0	0.0156659839208934
0	0.0156659839208934
0	0.0156659839208934
0	0.0156659839208934
0	0.0156659839208934
0	0.022404771632243
0	0.022404771632243
0	0.0438997937893116
0	0.0156659839208934
0	0.0156659839208934
0	0.0156659839208934
0	0.0163041756054553
0	0.0935226340027998
0	0.0156659839208934
0	0.0255185970848355
0	0.030126011539818
0	0.0765993688380693
0	0.015757448382253
0	0.015935031362164
0	0.0156659839208934
0	0.443578963810991
0	0.0156659839208934
0	0.0236710184195123
0	0.0242482141210907
0	0.0156659839208934
0	0.0156659839208934
0	0.0156659839208934
0	0.0156659839208934
0	0.0156659839208934
0	0.022404771632243
0	0.0386352504209654
0	0.0156659839208934
0	0.0430452152268927
0	0.0479373767118001
0	0.0156659839208934
0	0.0156659839208934
0	0.023319126426772
0	0.0156659839208934
0	0.0156659839208934
0	0.0662581944392937
0	0.0197739559477
0	0.0156659839208934
0	0.0156659839208934
0	0.0156659839208934
0	0.0156659839208934
0	0.0156659839208934
0	0.0156659839208934
0	0.0156659839208934
0	0.0156659839208934
0	0.0156659839208934
0	0.0156659839208934
0	0.0156659839208934
0	0.0156659839208934
0	0.0156659839208934
0	0.0156659839208934
0	0.0156659839208934
0	0.0156659839208934
0	0.0284047070877364
0	0.0156659839208934
0	0.0156659839208934
0	0.0156659839208934
0	0.0156659839208934
0	0.0187689468325865
0	0.0156659839208934
0	0.0156659839208934
0	0.0156659839208934
0	0.238471623013653
0	0.0431510000490611
0	0.0230231305071672
0	0.0156659839208934
0	0.0282183498114519
0	0.0156659839208934
0	0.0156659839208934
0	0.0334012951808673
0	0.0156659839208934
0	0.0156659839208934
0	0.02051272281125
0	0.0156659839208934
0	0.0156659839208934
0	0.0156659839208934
0	0.0164943377580393
0	0.0156659839208934
0	0.0197739559477
0	0.0412355715831405
0	0.0156659839208934
0	0.0156659839208934
0	0.0156659839208934
0	0.0156659839208934
0	0.0518506999201269
0	0.0156659839208934
0	0.044375006160555
0	0.0156659839208934
0	0.0156659839208934
0	0.0156659839208934
0	0.0156659839208934
0	0.0156659839208934
0	0.0156659839208934
0	0.0164943377580393
0	0.249078260467196
0	0.0156659839208934
0	0.022404771632243
0	0.0156659839208934
0	0.0156659839208934
0	0.0156659839208934
0	0.0290034669656379
0	0.022404771632243
0	0.0156659839208934
0	0.0251498530736527
0	0.0283987867464957
0	0.0156659839208934
0	0.0156659839208934
0	0.0164943377580393
0	0.0156659839208934
0	0.0231565385205401
0	0.0156659839208934
0	0.0156659839208934
0	0.0283987867464957
0	0.0156659839208934
0	0.021904525842796
0	0.0242482141210907
0	0.0156659839208934
0	0.0156659839208934
0	0.0156659839208934
0	0.0156659839208934
0	0.0156659839208934
0	0.0156659839208934
0	0.0156659839208934
0	0.028485679964947
0	0.0156659839208934
0	0.0156659839208934
0	0.0156659839208934
0	0.0198817169265807
0	0.0156659839208934
0	0.0156659839208934
0	0.803772599813262
0	0.015757448382253
0	0.0156659839208934
0	0.0165905569765928
0	0.0156659839208934
0	0.0156659839208934
0	0.0164943377580393
0	0.0156659839208934
0	0.0156659839208934
0	0.0288385823787251
0	0.0582846741509304
0	0.0156659839208934
0	0.0156659839208934
0	0.0197739559477
0	0.0339899783169859
0	0.0156659839208934
0	0.0156659839208934
0	0.0156659839208934
0	0.0852279361598212
0	0.0156659839208934
0	0.0156659839208934
0	0.0156659839208934
0	0.0156659839208934
0	0.0323577964187688
0	0.0156659839208934
0	0.0156659839208934
0	0.0156659839208934
0	0.0156659839208934
0	0.0156659839208934
0	0.0242482141210907
0	0.0156659839208934
0	0.0345491093872249
0	0.0231565385205401
0	0.117092159321665
0	0.0156659839208934
0	0.0156659839208934
0	0.0156659839208934
0	0.0156659839208934
0	0.0156659839208934
0	0.0256110302794179
0	0.0156659839208934
0	0.0156659839208934
0	0.0156659839208934
0	0.0156659839208934
0	0.0156659839208934
0	0.0156659839208934
0	0.0156659839208934
0	0.0337351922971746
0	0.0156659839208934
0	0.0156659839208934
0	0.0156659839208934
0	0.0156659839208934
0	0.0156659839208934
0	0.0246789113310933
0	0.0156659839208934
0	0.0156659839208934
0	0.0156659839208934
0	0.0156659839208934
0	0.0403322245932747
0	0.0156659839208934
0	0.0156659839208934
0	0.0372868222500168
0	0.0156659839208934
0	0.0230231305071672
0	0.0156659839208934
0	0.0156659839208934
0	0.0156659839208934
0	0.0156659839208934
0	0.016496394820125
0	0.0156659839208934
0	0.72036153187825
0	0.0156659839208934
0	0.0629097892668089
0	0.0156659839208934
0	0.0156659839208934
0	0.0156659839208934
0	0.0156659839208934
0	0.0345491093872249
0	0.0171678252880104
0	0.0156659839208934
0	0.0156659839208934
0	0.0214215008329363
0	0.0156659839208934
0	0.0156659839208934
0	0.0156659839208934
0	0.641645272919008
0	0.0269127642784386
0	0.0414835779078469
0	0.058335864695245
0	0.03299050216223
0	0.0156659839208934
0	0.0156659839208934
0	0.0569369833595469
0	0.0156659839208934
0	0.0156659839208934
0	0.0156659839208934
0	0.0592511161770384
0	0.0156659839208934
0	0.015757448382253
0	0.0156659839208934
0	0.0156659839208934
0	0.015935031362164
0	0.0156659839208934
0	0.0632588165747275
0	0.0156659839208934
0	0.0156659839208934
0	0.0156659839208934
0	0.0580365912240217
0	0.0156659839208934
0	0.32544755403154
0	0.0156659839208934
0	0.0156659839208934
0	0.0449745833540482
0	0.0156659839208934
0	0.0156659839208934
0	0.0156659839208934
0	0.0156659839208934
0	0.0156659839208934
0	0.0156659839208934
0	0.0156659839208934
0	0.0156659839208934
0	0.0156659839208934
0	0.0587403384251683
0	0.0156659839208934
0	0.0540421531676251
0	0.0156659839208934
0	0.0156659839208934
0	0.0156659839208934
0	0.839203411113195
0	0.0337704405850473
0	0.0156659839208934
0	0.0156659839208934
0	0.0156659839208934
0	0.0156659839208934
0	0.0156659839208934
0	0.0156659839208934
0	0.0156659839208934
0	0.0323577964187688
0	0.0298836382527842
0	0.0156659839208934
0	0.0156659839208934
0	0.0156659839208934
0	0.0440032285706469
0	0.0156659839208934
0	0.0156659839208934
0	0.0199895443360125
0	0.0156659839208934
0	0.0156659839208934
0	0.0156659839208934
0	0.0156659839208934
0	0.0156659839208934
0	0.0156659839208934
0	0.364776855092561
0	0.0156659839208934
0	0.0205694504183761
0	0.0156659839208934
0	0.385582265683661
0	0.015935031362164
0	0.0156659839208934
0	0.0224737488767281
0	0.0156659839208934
0	0.0156659839208934
0	0.0156659839208934
0	0.148436582715256
0	0.037324445956201
0	0.0156659839208934
0	0.0156659839208934
0	0.022404771632243
0	0.0156659839208934
0	0.0156659839208934
0	0.0156659839208934
0	0.0156659839208934
0	0.0246758595283153
0	0.0230231305071672
0	0.0156659839208934
0	0.0156659839208934
0	0.0156659839208934
0	0.0156659839208934
0	0.0230231305071672
0	0.0156659839208934
0	0.0156659839208934
0	0.0156659839208934
0	0.0156659839208934
0	0.0156659839208934
0	0.100457353452552
0	0.0156659839208934
0	0.0156659839208934
0	0.0156659839208934
0	0.0283987867464957
0	0.0258157688694585
0	0.0246789113310933
0	0.0156659839208934
0	0.0156659839208934
0	0.111357188693584
0	0.146220966710504
0	0.218336465150293
0	0.0166882190066467
0	0.0156659839208934
0	0.044721233144441
0	0.0156659839208934
0	0.0156659839208934
0	0.015757448382253
0	0.0500600151988877
0	0.0156659839208934
0	0.0156659839208934
0	0.0197739559477
0	0.0156659839208934
0	0.0187689468325865
0	0.0274442592738714
0	0.0566135671766034
0	0.0265826784055298
0	0.0156659839208934
0	0.0156659839208934
0	0.0156659839208934
0	0.0349946266137882
0	0.0236710184195123
0	0.0156659839208934
0	0.0156659839208934
0	0.0234464208363607
0	0.0156659839208934
0	0.0156659839208934
0	0.0156659839208934
0	0.0156659839208934
0	0.0156659839208934
0	0.152077678866397
0	0.0156659839208934
0	0.0156659839208934
0	0.0156659839208934
0	0.0156659839208934
0	0.0156659839208934
0	0.0156659839208934
0	0.0156659839208934
0	0.0156659839208934
0	0.0156659839208934
0	0.0156659839208934
0	0.0482222973557957
0	0.0156659839208934
0	0.0156659839208934
0	0.0156659839208934
0	0.0156659839208934
0	0.0156659839208934
0	0.0156659839208934
0	0.0268061378636026
0	0.0156659839208934
0	0.0156659839208934
0	0.0156659839208934
0	0.0506910880090162
0	0.0198817169265807
0	0.0271498962265328
0	0.0156659839208934
0	0.0156659839208934
0	0.0156659839208934
0	0.0165474899286517
0	0.0187689468325865
0	0.022404771632243
0	0.0238458523973603
0	0.0156659839208934
0	0.0156659839208934
0	0.0243885436985734
0	0.059554525597181
0	0.0156659839208934
0	0.0156659839208934
0	0.0156659839208934
0	0.0156659839208934
0	0.0156659839208934
0	0.0156659839208934
0	0.0156659839208934
0	0.022404771632243
0	0.0156659839208934
0	0.0516475945386618
0	0.0156659839208934
0	0.0156659839208934
0	0.0156659839208934
0	0.0156659839208934
0	0.0156659839208934
0	0.0156659839208934
0	0.0156659839208934
0	0.0157145480531387
0	0.0187689468325865
0	0.0257243070197299
0	0.0156659839208934
0	0.0156659839208934
0	0.0257243070197299
0	0.0197739559477
0	0.022404771632243
0	0.0156659839208934
0	0.0197739559477
0	0.0156659839208934
0	0.255753752370197
0	0.0156659839208934
0	0.0156659839208934
0	0.0156659839208934
0	0.0328327529842306
0	0.0156659839208934
0	0.0156659839208934
0	0.0676436486214269
0	0.0156659839208934
0	0.0156659839208934
0	0.0156659839208934
0	0.0257243070197299
0	0.0156659839208934
0	0.0187689468325865
0	0.0156659839208934
0	0.0156659839208934
0	0.0156659839208934
0	0.0242482141210907
0	0.0156659839208934
0	0.0156659839208934
0	0.0156659839208934
0	0.0900837900061351
0	0.0156659839208934
0	0.0156659839208934
0	0.789783477176328
0	0.0156659839208934
0	0.0156659839208934
0	0.0156659839208934
0	0.0156659839208934
0	0.0156659839208934
0	0.015757448382253
0	0.0156659839208934
0	0.0156659839208934
0	0.0156659839208934
0	0.148683107209512
0	0.0477577302331816
0	0.0156659839208934
0	0.0156659839208934
0	0.0198817169265807
0	0.0242482141210907
0	0.0156659839208934
0	0.0156659839208934
0	0.0156659839208934
0	0.0413577096405487
0	0.0156659839208934
0	0.0156659839208934
0	0.0156659839208934
0	0.0187689468325865
0	0.022404771632243
0	0.0156659839208934
0	0.0317781055691423
0	0.0156659839208934
0	0.0337704405850473
0	0.0156659839208934
0	0.0156659839208934
0	0.0156659839208934
0	0.0156659839208934
0	0.0156659839208934
0	0.0156659839208934
0	0.0156659839208934
0	0.0156659839208934
0	0.0156659839208934
0	0.0156659839208934
0	0.0156659839208934
0	0.0156659839208934
0	0.0164943377580393
0	0.0156659839208934
0	0.0285342169702663
0	0.0156659839208934
0	0.0156659839208934
0	0.0156659839208934
0	0.0156659839208934
0	0.0156659839208934
0	0.160618357655946
0	0.0257243070197299
0	0.0156659839208934
0	0.0417835141339804
0	0.0156659839208934
0	0.0197739559477
0	0.0242482141210907
0	0.0156659839208934
0	0.0156659839208934
0	0.0156659839208934
0	0.0156659839208934
0	0.0156659839208934
0	0.0156659839208934
0	0.0422316003119051
0	0.0156659839208934
0	0.0156659839208934
0	0.0156659839208934
0	0.0236710184195123
0	0.0339899783169859
0	0.0156659839208934
0	0.0156659839208934
0	0.0156659839208934
0	0.0236710184195123
0	0.0242482141210907
0	0.204783878674086
0	0.0156659839208934
0	0.0156659839208934
0	0.0156659839208934
0	0.0156659839208934
0	0.0156659839208934
0	0.0156659839208934
0	0.0156659839208934
0	0.0156659839208934
0	0.0156659839208934
0	0.0156659839208934
0	0.0156659839208934
0	0.0156659839208934
0	0.0156659839208934
0	0.0156659839208934
0	0.0156659839208934
0	0.0156659839208934
0	0.0269754320393554
0	0.0156659839208934
0	0.0329810828680574
0	0.0156659839208934
0	0.0156659839208934
0	0.0156659839208934
0	0.0156659839208934
0	0.0156659839208934
0	0.0156659839208934
0	0.0156659839208934
0	0.0156659839208934
0	0.0156659839208934
0	0.0156659839208934
0	0.015868929355401
0	0.0156659839208934
0	0.0197739559477
0	0.0167773688634802
0	0.0157145480531387
0	0.0855286897349663
0	0.0411703792631778
0	0.0156659839208934
0	0.0157145480531387
0	0.0156659839208934
0	0.0156659839208934
0	0.0156659839208934
0	0.0454473190895681
0	0.0156659839208934
0	0.0156659839208934
0	0.0156659839208934
0	0.0156659839208934
0	0.0156659839208934
0	0.0156659839208934
0	0.0156659839208934
0	0.0156659839208934
0	0.0156659839208934
0	0.0156659839208934
0	0.0156659839208934
0	0.0156659839208934
0	0.0171148480510736
0	0.0156659839208934
0	0.0156659839208934
0	0.0197739559477
0	0.0156659839208934
0	0.0156659839208934
0	0.0156659839208934
0	0.0156659839208934
0	0.0156659839208934
0	0.0156659839208934
0	0.0156659839208934
0	0.244227185193589
0	0.0156659839208934
0	0.0156659839208934
0	0.0310011554324774
0	0.120392050886133
0	0.0156659839208934
0	0.0156659839208934
0	0.0156659839208934
0	0.0156659839208934
0	0.0193634681458615
0	0.0156659839208934
0	0.0156659839208934
0	0.0156659839208934
0	0.0296927199403748
0	0.131034296549658
0	0.0277457665956019
0	0.0156659839208934
0	0.0296436724811578
0	0.0156659839208934
0	0.0156659839208934
0	0.0156659839208934
0	0.0367353127066063
0	0.0156659839208934
0	0.0156659839208934
0	0.0223135144661362
0	0.0156659839208934
0	0.0472880601631902
0	0.0156659839208934
0	0.0156659839208934
0	0.0156659839208934
0	0.0156659839208934
0	0.0156659839208934
0	0.0156659839208934
0	0.0816442242978143
0	0.305627189085156
0	0.0188081198497475
0	0.0156659839208934
0	0.0227868718034173
0	0.0156659839208934
0	0.0156659839208934
0	0.0187689468325865
0	0.015757448382253
0	0.0156659839208934
0	0.0156659839208934
0	0.0156659839208934
0	0.0156659839208934
0	0.0649072191050233
0	0.0156659839208934
0	0.0156659839208934
0	0.0197739559477
0	0.0156659839208934
0	0.0156659839208934
0	0.0156659839208934
0	0.0156659839208934
0	0.0156659839208934
0	0.0156659839208934
0	0.232045036668951
0	0.0156659839208934
0	0.022404771632243
0	0.0163463962558397
0	0.0274442592738714
0	0.0156659839208934
0	0.0156659839208934
0	0.0156659839208934
0	0.0156659839208934
0	0.704894634237926
0	0.0156659839208934
0	0.11734380051945
0	0.176569263438476
0	0.0156659839208934
0	0.0156659839208934
0	0.0156659839208934
0	0.0321774154869106
0	0.0156659839208934
0	0.0156659839208934
0	0.0156659839208934
0	0.0156659839208934
0	0.0339899783169859
0	0.0156659839208934
0	0.0156659839208934
0	0.020930840546088
0	0.0156659839208934
0	0.0156659839208934
0	0.0156659839208934
0	0.0156659839208934
0	0.0156659839208934
0	0.0156659839208934
0	0.0156659839208934
0	0.0156659839208934
0	0.0316008424249212
0	0.0156659839208934
0	0.0156659839208934
0	0.0156659839208934
0	0.015757448382253
0	0.0156659839208934
0	0.0156659839208934
0	0.0156659839208934
0	0.0156659839208934
0	0.0156659839208934
0	0.0156659839208934
0	0.0156659839208934
0	0.0156659839208934
0	0.133417628403479
0	0.0197739559477
0	0.0158127709916931
0	0.0455044606838613
0	0.0156659839208934
0	0.642689166073816
0	0.0156659839208934
0	0.0156659839208934
0	0.0156659839208934
0	0.0156659839208934
0	0.0156659839208934
0	0.0156659839208934
0	0.045773783197743
0	0.0156659839208934
0	0.0156659839208934
0	0.0156659839208934
0	0.631854208376885
0	0.0156659839208934
0	0.0197739559477
0	0.0156659839208934
0	0.0156659839208934
0	0.0156659839208934
0	0.0156659839208934
0	0.0156659839208934
0	0.0156659839208934
0	0.0156659839208934
0	0.0220972867846271
0	0.0156659839208934
0	0.0156659839208934
0	0.0197739559477
0	0.0156659839208934
0	0.0156659839208934
0	0.0156659839208934
0	0.395028258807474
0	0.0156659839208934
0	0.0158062914988868
0	0.0156659839208934
0	0.0156659839208934
0	0.0156659839208934
0	0.0156659839208934
0	0.0156659839208934
0	0.0156659839208934
0	0.0156659839208934
0	0.0156659839208934
0	0.0156659839208934
0	0.0276480701877391
0	0.0156659839208934
0	0.0156659839208934
0	0.0723085465215026
0	0.0156659839208934
0	0.0156659839208934
0	0.0157145480531387
0	0.236361018369148
0	0.0978074418282653
0	0.0156659839208934
0	0.0156659839208934
0	0.446347318385461
0	0.0156659839208934
0	0.0156659839208934
0	0.0156659839208934
0	0.0166882190066467
0	0.0156659839208934
0	0.015757448382253
0	0.9884738178857
0	0.022404771632243
0	0.0156659839208934
0	0.0156659839208934
0	0.0156659839208934
0	0.0156659839208934
0	0.0156659839208934
0	0.0237437993559484
0	0.0156659839208934
0	0.0156659839208934
0	0.303417943423195
0	0.0156659839208934
0	0.0156659839208934
0	0.0156659839208934
0	0.0156659839208934
0	0.035929572157553
0	0.0156659839208934
0	0.0197739559477
0	0.628866355655504
0	0.0157145480531387
0	0.0156659839208934
0	0.0441374602463962
0	0.0156659839208934
0	0.0156659839208934
0	0.0183790687709802
0	0.022404771632243
0	0.160822002840956
0	0.0156659839208934
0	0.0156659839208934
0	0.0156659839208934
0	0.0156659839208934
0	0.0801571195832743
0	0.0156659839208934
0	0.0156659839208934
0	0.0156659839208934
0	0.0156659839208934
0	0.0156659839208934
0	0.0156659839208934
0	0.0156659839208934
0	0.0156659839208934
0	0.0156659839208934
0	0.104370635015729
0	0.0156659839208934
0	0.0156659839208934
0	0.0156659839208934
0	0.0156659839208934
0	0.0156659839208934
0	0.0539855261691778
0	0.0156659839208934
0	0.0361345069192443
0	0.0231575221570193
0	0.0156659839208934
0	0.0156659839208934
0	0.037836823106774
0	0.0470750944695014
0	0.0156659839208934
0	0.115947684278385
0	0.0156659839208934
0	0.0156659839208934
0	0.0156659839208934
0	0.0197739559477
0	0.0156659839208934
0	0.0156659839208934
0	0.0156659839208934
0	0.0156659839208934
0	0.0156659839208934
0	0.0156659839208934
0	0.0156659839208934
0	0.0156659839208934
0	0.0166882190066467
0	0.0156659839208934
0	0.292434645691244
0	0.0952482776852808
0	0.0246193517946467
0	0.027701402858343
0	0.0156659839208934
0	0.0156659839208934
0	0.0450119251369657
0	0.0156659839208934
0	0.0156659839208934
0	0.022404771632243
0	0.0156659839208934
0	0.0357564108539718
0	0.0197739559477
0	0.015757448382253
0	0.0156659839208934
0	0.0156659839208934
0	0.0212883510815381
0	0.0156659839208934
0	0.0205694504183761
0	0.0156659839208934
0	0.0156659839208934
0	0.0156659839208934
0	0.0156659839208934
0	0.0156659839208934
0	0.135005958849346
0	0.0156659839208934
0	0.0234464208363607
0	0.0265826784055298
0	0.0156659839208934
0	0.0274442592738714
0	0.0786392408596189
0	0.0274442592738714
0	0.0198938386805107
0	0.0475783212182682
0	0.0166882190066467
0	0.0157145480531387
0	0.0156659839208934
0	0.0156659839208934
0	0.0156659839208934
0	0.0156659839208934
0	0.0156659839208934
0	0.0156659839208934
0	0.0274442592738714
0	0.0156659839208934
0	0.0156659839208934
0	0.0361345069192443
0	0.0156659839208934
0	0.0156659839208934
0	0.0197739559477
0	0.0197739559477
0	0.0156659839208934
0	0.0156659839208934
0	0.0156659839208934
0	0.0156659839208934
0	0.0156659839208934
0	0.0323753978191568
0	0.119257216845574
0	0.0156659839208934
0	0.0156659839208934
0	0.0156659839208934
0	0.0156659839208934
0	0.0156659839208934
0	0.0156659839208934
0	0.786237161212149
0	0.0494258467640857
0	0.0156659839208934
0	0.0440955846956173
0	0.0234464208363607
0	0.0156659839208934
0	0.0156659839208934
0	0.0156659839208934
0	0.0156659839208934
0	0.0156659839208934
0	0.0156659839208934
0	0.0156659839208934
0	0.787618025163457
0	0.0422022908642098
0	0.0156659839208934
0	0.0282291283066749
0	0.0156659839208934
0	0.0198970390873332
0	0.0230231305071672
0	0.0156659839208934
0	0.0156659839208934
0	0.020461411064689
0	0.0305368238006468
0	0.0156659839208934
0	0.0156659839208934
0	0.0156659839208934
0	0.0156659839208934
0	0.0156659839208934
0	0.0156659839208934
0	0.0775658804296212
0	0.0929802119855173
0	0.0436470754087684
0	0.0156659839208934
0	0.0156659839208934
0	0.0156659839208934
0	0.0156659839208934
0	0.0156659839208934
0	0.0156659839208934
0	0.0540047673964523
0	0.0156659839208934
0	0.0270340599441828
0	0.0156659839208934
0	0.0242482141210907
0	0.0156659839208934
0	0.0156659839208934
0	0.0336005328183818
0	0.0197739559477
0	0.0156659839208934
0	0.0156659839208934
0	0.0156659839208934
0	0.0156659839208934
0	0.0451411894332735
0	0.0156659839208934
0	0.0156659839208934
0	0.0156659839208934
0	0.0156659839208934
0	0.0156659839208934
0	0.0156659839208934
0	0.0156659839208934
0	0.0156659839208934
0	0.0156659839208934
0	0.088572125172712
0	0.278541609152508
0	0.0156659839208934
0	0.0156659839208934
0	0.0231817177539982
0	0.0156659839208934
0	0.0156659839208934
0	0.0156659839208934
0	0.0156659839208934
0	0.0361345069192443
0	0.0156659839208934
0	0.0156659839208934
0	0.0157145480531387
0	0.0156659839208934
0	0.0208149294932212
0	0.0156659839208934
0	0.0784456494140213
0	0.0156659839208934
0	0.0156659839208934
0	0.0156659839208934
0	0.0156659839208934
0	0.0156659839208934
0	0.0156659839208934
0	0.0166882190066467
0	0.015757448382253
0	0.0306225286817326
0	0.0197739559477
0	0.0156659839208934
0	0.015757448382253
0	0.0333597556782241
0	0.0156659839208934
0	0.0156659839208934
0	0.0156659839208934
0	0.0811084037941811
0	0.0156659839208934
0	0.0156659839208934
0	0.0156659839208934
0	0.0156659839208934
0	0.0156659839208934
0	0.015935031362164
0	0.0156659839208934
0	0.0156659839208934
0	0.0156659839208934
0	0.0156659839208934
0	0.0156659839208934
0	0.250223787669178
0	0.0157145480531387
0	0.0183790687709802
0	0.0156659839208934
0	0.0288637752443706
0	0.0156659839208934
0	0.0156659839208934
0	0.0156659839208934
0	0.0156659839208934
0	0.0156659839208934
0	0.0156659839208934
0	0.0156659839208934
0	0.0156659839208934
0	0.0156659839208934
0	0.0156659839208934
0	0.593532803469813
0	0.0156659839208934
0	0.0156659839208934
0	0.0198938386805107
0	0.0156659839208934
0	0.0377071413985661
0	0.0156659839208934
0	0.0191651523659234
0	0.0156659839208934
0	0.0156659839208934
0	0.0156659839208934
0	0.0156659839208934
0	0.0157639081734386
0	0.0156659839208934
0	0.0156659839208934
0	0.0156659839208934
0	0.0156659839208934
0	0.0162538193824943
0	0.0156659839208934
0	0.0156659839208934
0	0.0157145480531387
0	0.081973527662983
0	0.0156659839208934
0	0.0156659839208934
0	0.0300461094538048
0	0.0156659839208934
0	0.0156659839208934
0	0.022404771632243
0	0.0156659839208934
0	0.0156659839208934
0	0.0156659839208934
0	0.0156659839208934
0	0.0156659839208934
0	0.0156659839208934
0	0.0579710538354184
0	0.0156659839208934
0	0.0156659839208934
0	0.0156659839208934
0	0.0156659839208934
0	0.0156659839208934
0	0.0479373767118001
0	0.0156659839208934
0	0.0230231305071672
0	0.0373392921108601
0	0.0156659839208934
0	0.0257243070197299
0	0.0164943377580393
0	0.0156659839208934
0	0.0156659839208934
0	0.0156659839208934
0	0.0156659839208934
0	0.0156659839208934
0	0.0156659839208934
0	0.0156659839208934
0	0.0156659839208934
0	0.0156659839208934
0	0.642689166073816
0	0.0156659839208934
0	0.0156659839208934
0	0.452919962840234
0	0.0156659839208934
0	0.0156659839208934
0	0.0156659839208934
0	0.0156659839208934
0	0.0156659839208934
0	0.0156659839208934
0	0.0156659839208934
0	0.0456031567973103
0	0.0156659839208934
0	0.0230231305071672
0	0.0197739559477
0	0.0156659839208934
0	0.0156659839208934
0	0.0156659839208934
0	0.0156659839208934
0	0.0156659839208934
0	0.0156659839208934
0	0.0156659839208934
0	0.0156659839208934
0	0.0242482141210907
0	0.0341874156100795
0	0.0156659839208934
0	0.0156659839208934
0	0.0156659839208934
0	0.0157639081734386
0	0.0156659839208934
0	0.0156659839208934
0	0.0156659839208934
0	0.0156659839208934
0	0.0156659839208934
0	0.0156659839208934
0	0.0156659839208934
0	0.0583036943879506
0	0.0156659839208934
0	0.0156659839208934
0	0.0345324072915174
0	0.0156659839208934
0	0.0197739559477
0	0.0234464208363607
0	0.0174216292824057
0	0.0156659839208934
0	0.0255217503863901
0	0.0156659839208934
0	0.0156659839208934
0	0.0156659839208934
0	0.192493009703257
0	0.0156659839208934
