1	0.852162537318225
1	0.952618192946204
1	0.99364325131628
1	0.995473283636276
1	0.105331979181569
1	0.95201070558896
1	0.836179572360836
1	0.988761151712842
1	0.955668697334286
1	0.416255215987999
1	0.362765056654321
1	0.989278339114737
1	0.997215098623179
1	0.995734367962733
1	0.957510470487753
1	0.993883794897245
1	0.939086542885365
1	0.998938013361996
1	0.979998519980642
1	0.99993668983947
1	0.965595524145228
1	0.999596679276441
1	0.45335592544992
1	0.885011954422791
1	0.702502326695609
1	0.992549771359508
1	0.72475515004032
1	0.409582558658825
1	0.88974754076179
1	0.954229685068251
1	0.927524063183496
1	0.902434401698565
1	0.983471849850782
1	0.868618095660708
1	0.529212885901636
1	0.99767153442669
1	0.23772356339235
1	0.980769636251882
1	0.972830971466786
1	0.985120549327228
1	0.971732788981173
1	0.945124945168022
1	0.0216405748228522
1	0.686002016810091
1	0.915063283258542
1	0.99986742182018
1	0.915588376983667
1	0.554150326699923
1	0.124807383834319
1	0.99826288920021
1	0.870590304558482
1	0.994400045649646
1	0.985589668749125
1	0.232336724667118
1	0.0171032410264247
1	0.76908823293228
1	0.343380891401245
1	0.464507871744555
1	0.986921553076181
1	0.620235065913838
1	0.990195428611426
1	0.987618880006583
1	0.994445638276037
1	0.999475070969159
1	0.990794170317324
1	0.799625852787897
1	0.728454817821588
1	0.284815680763114
1	0.254695413375621
1	0.899957749248242
1	0.591634054898232
1	0.716337919889947
1	0.347837425178078
1	0.947469699708649
1	0.990581632938361
1	0.993430967866842
1	0.987902905450709
1	0.762697373133264
1	0.244773740177696
1	0.647283568343016
1	0.99918050690907
1	0.974513390099789
1	0.998009733309755
1	0.2303357311308
1	0.0110110463569696
1	0.030985487394957
1	0.994240085359369
1	0.999227641430496
1	0.90523199629859
1	0.516044199055923
1	0.0386650743715494
1	0.578984995177223
1	0.0530587143775732
1	0.3949961071936
1	0.912562511332227
1	0.829499908299325
1	0.0968597861729791
1	0.995394080632868
1	0.0580902555307828
1	0.993061466153659
1	0.0129746421524879
1	0.997217418054678
1	0.94882877615102
1	0.988067518947182
1	0.087768851665463
1	0.467691121698786
1	0.139553982842119
1	0.251955058358605
1	0.907286159817828
1	0.984870876160405
1	0.984118920084991
1	0.986027790570931
1	0.992915748461199
1	0.995677996891065
1	0.523647335059565
1	0.030134249601949
1	0.626262323327436
1	0.357511908012858
1	0.877028186353708
1	0.864039741055311
1	0.99956216396728
1	0.00903010382632919
1	0.994063098080535
1	0.999090823715628
1	0.992039739956159
1	0.994239010660522
1	0.997625174129374
1	0.929415450633094
1	0.935681277859693
1	0.964759144625807
1	0.679159247786187
1	0.995445898140091
1	0.6297361816029
1	0.995862379065538
1	0.858762428034758
1	0.978511511353454
1	0.981709912519669
1	0.753169182899132
1	0.752249301797519
1	0.939657914823414
1	0.601946701318551
1	0.998517403097632
1	0.856219709062055
1	0.993143012978229
1	0.439134121383842
1	0.931809758073959
1	0.905901980510829
1	0.328537885025973
1	0.148307707060327
1	0.997083420951533
1	0.508200976346849
1	0.970774433719209
1	0.531804570470517
1	0.988033861540493
1	0.996839954835487
1	0.405766664407746
1	0.985675915423129
1	0.0485272945589733
1	0.96332838522088
1	0.999093887280664
1	0.790953546721265
1	0.939662088133115
1	0.40248805509465
1	0.997591566441781
1	0.99047036749421
1	0.779828663168929
1	0.958049425108805
1	0.894306216989972
1	0.282165554727959
1	0.573835821409906
1	0.923250499271279
1	0.994251154785813
1	0.0721688449931129
1	0.107917525336985
1	0.196665617609953
1	0.27861336980251
1	0.993587475925513
1	0.995091196360292
1	0.760865577497021
1	0.784579748396405
1	0.441290826206313
1	0.0429689070784758
1	0.959821289653621
1	0.477760089936264
1	0.795644768679343
1	0.224920880058868
1	0.115006749550711
1	0.972437540833401
1	0.773583471643204
1	0.722802549636974
1	0.0186805859639879
1	0.999920603259236
1	0.889640951372144
1	0.859355284547313
1	0.0249958111646122
1	0.989571192356039
1	0.994139920753048
1	0.996481633901644
1	0.870651281978901
1	0.561224447350452
0	0.00903010382632919
0	0.00903010382632919
0	0.00903010382632919
0	0.00903010382632919
0	0.00696665783142463
0	0.00903010382632919
0	0.00857067553704932
0	0.00903010382632919
0	0.0147362731865966
0	0.00903010382632919
0	0.00903010382632919
0	0.0107132375583971
0	0.0596152466093003
0	0.00903010382632919
0	0.006217612767209
0	0.00903010382632919
0	0.00819667174570198
0	0.00903010382632919
0	0.0129746421524879
0	0.00903010382632919
0	0.00903010382632919
0	0.00903010382632919
0	0.0188895556051663
0	0.0187913013698671
0	0.0124544569742428
0	0.00903010382632919
0	0.00903010382632919
0	0.0146594379633613
0	0.00903010382632919
0	0.00903010382632919
0	0.00523861028744458
0	0.0117817772912007
0	0.0250720528648419
0	0.00903010382632919
0	0.00903010382632919
0	0.00903010382632919
0	0.00903010382632919
0	0.00947588237441827
0	0.00903010382632919
0	0.00903010382632919
0	0.00903010382632919
0	0.0486647035069412
0	0.00903010382632919
0	0.00903010382632919
0	0.00719781757962045
0	0.0127533279670008
0	0.0371916986844179
0	0.00903010382632919
0	0.00795173293654283
0	0.12540589669158
0	0.00903010382632919
0	0.0146352358139601
0	0.0210292891650363
0	0.0131123100690123
0	0.00903010382632919
0	0.00903010382632919
0	0.00903010382632919
0	0.00696665783142463
0	0.00843777574334439
0	0.0173198066770561
0	0.0102817508938601
0	0.00903010382632919
0	0.00903010382632919
0	0.00903010382632919
0	0.00903010382632919
0	0.0168479736637607
0	0.00871887317821102
0	0.0855104296843184
0	0.0283555873605366
0	0.0206134618799304
0	0.142247742546186
0	0.00903010382632919
0	0.0636643558953537
0	0.00634686247812562
0	0.00462936254702101
0	0.00903010382632919
0	0.00949225864358241
0	0.00896050556192267
0	0.00903010382632919
0	0.0241721933123168
0	0.0340678395061104
0	0.0156019317367379
0	0.363170724690002
0	0.021075952598808
0	0.0173265552992594
0	0.00903010382632919
0	0.00627481747601916
0	0.00903010382632919
0	0.00363485510038884
0	0.02110100604155
0	0.0126149399041812
0	0.0138913263197198
0	0.00903010382632919
0	0.00904732283305487
0	0.00903010382632919
0	0.0106235152536913
0	0.00903010382632919
0	0.0124190878281886
0	0.0967383831480075
0	0.00903010382632919
0	0.00443150693249493
0	0.00903010382632919
0	0.00903010382632919
0	0.00903010382632919
0	0.0107292915428532
0	0.00903010382632919
0	0.00903010382632919
0	0.0127330566507932
0	0.00903010382632919
0	0.00843777574334439
0	0.00903010382632919
0	0.0208414740468492
0	0.232933147888787
0	0.0124190878281886
0	0.00903010382632919
0	0.00903010382632919
0	0.00903010382632919
0	0.0101690545319014
0	0.00903010382632919
0	0.00696665783142463
0	0.177751060390662
0	0.00903010382632919
0	0.0241600184245158
0	0.813589063807266
0	0.0239730537422969
0	0.0129746421524879
0	0.00903010382632919
0	0.00903010382632919
0	0.00903010382632919
0	0.0126463310207208
0	0.0384335941933909
0	0.00903010382632919
0	0.00627374671083643
0	0.141016172314961
0	0.00823117055278212
0	0.0107132375583971
0	0.0134902078628365
0	0.841503311238422
0	0.00903010382632919
0	0.00903010382632919
0	0.00903010382632919
0	0.0109510792018578
0	0.0272899028309168
0	0.192284626271874
0	0.00903010382632919
0	0.00903010382632919
0	0.0116307073996025
0	0.0452116939084474
0	0.00871887317821102
0	0.015705653668239
0	0.380124403423086
0	0.0137061874394917
0	0.0124108655072843
0	0.0127330566507932
0	0.0214131268174605
0	0.0237794404034278
0	0.00871887317821102
0	0.0101138895172957
0	0.00903010382632919
0	0.00903010382632919
0	0.00903010382632919
0	0.00843777574334439
0	0.0123173333570114
0	0.0113991998368194
0	0.00903010382632919
0	0.00903010382632919
0	0.0124190878281886
0	0.0134974630088968
0	0.0547160051027895
0	0.00843777574334439
0	0.0146723862793119
0	0.00819667174570198
0	0.064170175268782
0	0.0149261377148707
0	0.654358485040531
0	0.00939041896055704
0	0.00903010382632919
0	0.00903010382632919
0	0.00903010382632919
0	0.00903010382632919
0	0.0077037774319426
0	0.0129746421524879
0	0.00903010382632919
0	0.00903010382632919
0	0.00903010382632919
0	0.201772255093234
0	0.00903010382632919
0	0.00903010382632919
0	0.00903010382632919
0	0.00791316276680515
0	0.00523861028744458
0	0.00903010382632919
0	0.0132447529939961
0	0.00903010382632919
0	0.00627374671083643
0	0.00810329188325079
0	0.0154878914763286
0	0.0155504720800897
0	0.00903010382632919
0	0.0107089059806841
0	0.0126463310207208
0	0.00903010382632919
0	0.00903010382632919
0	0.0116662655151424
0	0.0104549972580047
0	0.00903010382632919
0	0.0129746421524879
0	0.00903010382632919
0	0.0134974630088968
0	0.00903010382632919
0	0.00871887317821102
0	0.00903010382632919
0	0.00903010382632919
0	0.00795173293654283
0	0.00903647604183835
0	0.0113542162118889
0	0.0123173333570114
0	0.00903010382632919
0	0.00903010382632919
0	0.00903010382632919
0	0.00934157425841751
0	0.00903010382632919
0	0.00903010382632919
0	0.00903010382632919
0	0.00966559815504181
0	0.00903010382632919
0	0.00903010382632919
0	0.00903010382632919
0	0.00903010382632919
0	0.00903010382632919
0	0.0146352358139601
0	0.00903010382632919
0	0.00903010382632919
0	0.0135599232126667
0	0.00903010382632919
0	0.00903010382632919
0	0.00949225864358241
0	0.00903010382632919
0	0.00903010382632919
0	0.00903010382632919
0	0.0129746421524879
0	0.0396219389914469
0	0.00863622632162914
0	0.0476725592010128
0	0.174797432563799
0	0.00903010382632919
0	0.0160710882258866
0	0.00903010382632919
0	0.00903010382632919
0	0.00903010382632919
0	0.00841686550907019
0	0.00903010382632919
0	0.012878568278097
0	0.00903010382632919
0	0.00903010382632919
0	0.0134974630088968
0	0.00949225864358241
0	0.0123173333570114
0	0.0309564267562368
0	0.00903010382632919
0	0.0124190878281886
0	0.00903010382632919
0	0.00903010382632919
0	0.0126463310207208
0	0.00903010382632919
0	0.00903010382632919
0	0.00903010382632919
0	0.00903010382632919
0	0.00903010382632919
0	0.00719781757962045
0	0.00903010382632919
0	0.00903010382632919
0	0.00857067553704932
0	0.0475172613698234
0	0.00903010382632919
0	0.00903010382632919
0	0.00903010382632919
0	0.00934157425841751
0	0.0106235152536913
0	0.0169189465458314
0	0.00402018567014008
0	0.0136038769219515
0	0.00903010382632919
0	0.0197316124788409
0	0.0106732204334615
0	0.00903010382632919
0	0.901078795663386
0	0.00903647604183835
0	0.00903010382632919
0	0.00539074370514344
0	0.0123173333570114
0	0.00903010382632919
0	0.00903010382632919
0	0.00903010382632919
0	0.0284033576769367
0	0.00903010382632919
0	0.00903010382632919
0	0.00903010382632919
0	0.00903010382632919
0	0.00857067553704932
0	0.00903010382632919
0	0.0124190878281886
0	0.0104549972580047
0	0.00871887317821102
0	0.112600128388449
0	0.00903010382632919
0	0.00505321873788681
0	0.0104549972580047
0	0.0158563643404686
0	0.0705675794835075
0	0.00903010382632919
0	0.0756809162513372
0	0.121477577965524
0	0.00674852915326411
0	0.00903010382632919
0	0.0255475446042206
0	0.00724524024376329
0	0.00871887317821102
0	0.00903010382632919
0	0.00903010382632919
0	0.0129746421524879
0	0.0536650094571913
0	0.00903010382632919
0	0.00903010382632919
0	0.00627374671083643
0	0.00903010382632919
0	0.00903010382632919
0	0.352248278943194
0	0.00903010382632919
0	0.00903010382632919
0	0.238360221477131
0	0.00903010382632919
0	0.00627374671083643
0	0.00926823988940506
0	0.0129843052436255
0	0.0211148127274034
0	0.00903010382632919
0	0.00903010382632919
0	0.0193553224615865
0	0.00863622632162914
0	0.00903010382632919
0	0.0116070636919571
0	0.00903010382632919
0	0.00843777574334439
0	0.00903010382632919
0	0.00903010382632919
0	0.0127533279670008
0	0.0328040951853817
0	0.00903010382632919
0	0.00903010382632919
0	0.163197944311332
0	0.00903010382632919
0	0.0151280796899047
0	0.00903010382632919
0	0.0129746421524879
0	0.00567265092659976
0	0.00903010382632919
0	0.0065663946020864
0	0.00903010382632919
0	0.00949225864358241
0	0.00903010382632919
0	0.0115909885916229
0	0.00903010382632919
0	0.0240870856233539
0	0.00706177989200362
0	0.00903010382632919
0	0.00588435998892293
0	0.00903010382632919
0	0.00903010382632919
0	0.00461873914910463
0	0.0119803796360976
0	0.00871887317821102
0	0.00903010382632919
0	0.0208417062803967
0	0.00903010382632919
0	0.00903010382632919
0	0.00903010382632919
0	0.0858261332107427
0	0.00903010382632919
0	0.00903010382632919
0	0.00903010382632919
0	0.00833443881086753
0	0.00664183241959776
0	0.0991393144716218
0	0.023047459691171
0	0.00903010382632919
0	0.00903010382632919
0	0.00903010382632919
0	0.00903010382632919
0	0.0073752118855536
0	0.00903010382632919
0	0.00903010382632919
0	0.00903010382632919
0	0.0217756078290437
0	0.00843777574334439
0	0.00998979141715223
0	0.00531862811756491
0	0.00843777574334439
0	0.00903010382632919
0	0.00903010382632919
0	0.00903010382632919
0	0.0092188628213487
0	0.0104493465955521
0	0.00832812388648793
0	0.0127330566507932
0	0.0108588428407372
0	0.00903010382632919
0	0.0155521955231443
0	0.00903010382632919
0	0.010083583292143
0	0.00903010382632919
0	0.0127533279670008
0	0.00903010382632919
0	0.00903010382632919
0	0.00871887317821102
0	0.0134974630088968
0	0.00903010382632919
0	0.00903010382632919
0	0.0129746421524879
0	0.0217733588888683
0	0.00903010382632919
0	0.207841265701763
0	0.00631696398191767
0	0.00857067553704932
0	0.00903010382632919
0	0.00903010382632919
0	0.0129746421524879
0	0.00516093770926074
0	0.00903010382632919
0	0.0188548183332288
0	0.0123173333570114
0	0.00556204686171916
0	0.0092188628213487
0	0.00903010382632919
0	0.00903010382632919
0	0.00903010382632919
0	0.00903010382632919
0	0.036408591070552
0	0.00903010382632919
0	0.00903010382632919
0	0.24859862985239
0	0.0101690545319014
0	0.00903010382632919
0	0.0129746421524879
0	0.00903010382632919
0	0.00903010382632919
0	0.00903010382632919
0	0.00903010382632919
0	0.00903010382632919
0	0.0131729151771064
0	0.0129746421524879
0	0.0127533279670008
0	0.0126350862156907
0	0.323587204807099
0	0.00903010382632919
0	0.00857067553704932
0	0.0123173333570114
0	0.00903010382632919
0	0.00903010382632919
0	0.00903010382632919
0	0.00857067553704932
0	0.0357325988356576
0	0.00903010382632919
0	0.0172005362505588
0	0.00903010382632919
0	0.00903010382632919
0	0.00903010382632919
0	0.0256804253379926
0	0.00903010382632919
0	0.00903010382632919
0	0.00426766666861198
0	0.733338865695549
0	0.00903010382632919
0	0.0134974630088968
0	0.00903010382632919
0	0.00903010382632919
0	0.0205238622943309
0	0.00903010382632919
0	0.00903010382632919
0	0.00903010382632919
0	0.00664183241959776
0	0.00903010382632919
0	0.00903010382632919
0	0.013380802778379
0	0.00903010382632919
0	0.017768563328052
0	0.00857067553704932
0	0.00871887317821102
0	0.00437231560806065
0	0.00903010382632919
0	0.00903010382632919
0	0.00903010382632919
0	0.301344439071524
0	0.00903010382632919
0	0.00903010382632919
0	0.0129746421524879
0	0.00903010382632919
0	0.00903010382632919
0	0.00903010382632919
0	0.0586231099002325
0	0.00949225864358241
0	0.00766175399590515
0	0.0220498473640097
0	0.020113585154297
0	0.00903010382632919
0	0.0149937823191648
0	0.0249400378339621
0	0.00903010382632919
0	0.0125682936266512
0	0.00903010382632919
0	0.0123173333570114
0	0.0259741734002598
0	0.0313657262466246
0	0.0077037774319426
0	0.00903010382632919
0	0.00903010382632919
0	0.0191309334870437
0	0.00903010382632919
0	0.00903010382632919
0	0.0166088569850385
0	0.0124190878281886
0	0.00903010382632919
0	0.00903010382632919
0	0.00903010382632919
0	0.00903010382632919
0	0.00903010382632919
0	0.00903010382632919
0	0.00903010382632919
0	0.00903010382632919
0	0.00903010382632919
0	0.00903010382632919
0	0.00903010382632919
0	0.00903010382632919
0	0.0134974630088968
0	0.0295817348772859
0	0.0092188628213487
0	0.00903010382632919
0	0.00903010382632919
0	0.00903010382632919
0	0.00903010382632919
0	0.012199049053017
0	0.0390321320298149
0	0.0551406231767787
0	0.00903010382632919
0	0.0217101489553204
0	0.00903010382632919
0	0.00903010382632919
0	0.00903010382632919
0	0.0169966088199742
0	0.0129746421524879
0	0.0123173333570114
0	0.0175855545343783
0	0.00811032880721066
0	0.00663702663054756
0	0.0313657262466246
0	0.00903010382632919
0	0.00903010382632919
0	0.00380836514703967
0	0.0127775550420986
0	0.00903010382632919
0	0.210530653250588
0	0.0129746421524879
0	0.00903010382632919
0	0.00903010382632919
0	0.00863622632162914
0	0.00903010382632919
0	0.010963769170007
0	0.00903010382632919
0	0.00903010382632919
0	0.00903010382632919
0	0.0101458511961112
0	0.00903010382632919
0	0.00903010382632919
0	0.00903010382632919
0	0.00903010382632919
0	0.00903010382632919
0	0.0252373733268097
0	0.00903010382632919
0	0.0106235152536913
0	0.00903010382632919
0	0.00903010382632919
0	0.00903010382632919
0	0.00903010382632919
0	0.00863622632162914
0	0.00903010382632919
0	0.00903010382632919
0	0.0129746421524879
0	0.0148911534760163
0	0.00903010382632919
0	0.211501591300821
0	0.0134974630088968
0	0.00960370333305838
0	0.0146041487509605
0	0.00903010382632919
0	0.00903010382632919
0	0.0143494475759896
0	0.00903010382632919
0	0.01499837786534
0	0.00903010382632919
0	0.276201409125879
0	0.0481301818232419
0	0.00903010382632919
0	0.00903010382632919
0	0.0124190878281886
0	0.00903010382632919
0	0.00903010382632919
0	0.00903010382632919
0	0.00903010382632919
0	0.00903010382632919
0	0.00903010382632919
0	0.00903010382632919
0	0.00903010382632919
0	0.00903010382632919
0	0.00903010382632919
0	0.00903010382632919
0	0.00903010382632919
0	0.00857067553704932
0	0.00600360350128478
0	0.00903010382632919
0	0.00903010382632919
0	0.0236445557867695
0	0.0115118848994996
0	0.00903010382632919
0	0.00903010382632919
0	0.0127330566507932
0	0.00903010382632919
0	0.0453202747731429
0	0.00903010382632919
0	0.0141849815937104
0	0.0080082400360116
0	0.00903010382632919
0	0.0106305628785956
0	0.015780803683945
0	0.0107132375583971
0	0.00903010382632919
0	0.00843777574334439
0	0.00903010382632919
0	0.0146352358139601
0	0.0188895556051663
0	0.00903010382632919
0	0.0158169719659738
0	0.00843777574334439
0	0.00903010382632919
0	0.0108896177908875
0	0.0185841368178156
0	0.00903010382632919
0	0.00903010382632919
0	0.0615497180702931
0	0.0226908521372225
0	0.00903010382632919
0	0.0124190878281886
0	0.0129746421524879
0	0.00903010382632919
0	0.0146352358139601
0	0.00903010382632919
0	0.00903010382632919
0	0.00857067553704932
0	0.00903010382632919
0	0.00903010382632919
0	0.00903010382632919
0	0.0189962194218621
0	0.0155172316616358
0	0.0306866697328307
0	0.0193553224615865
0	0.0133623051631588
0	0.00903010382632919
0	0.00878244673978221
0	0.00903010382632919
0	0.918086800789676
0	0.0613697924381399
0	0.00903010382632919
0	0.00660139895516195
0	0.0092188628213487
0	0.0124108655072843
0	0.00901540308114322
0	0.0127138779042391
0	0.00903010382632919
0	0.102483490882641
0	0.0146723862793119
0	0.00903010382632919
0	0.00863622632162914
0	0.0265229171604768
0	0.00903010382632919
0	0.00602312081014764
0	0.00903010382632919
0	0.0129746421524879
0	0.00903010382632919
0	0.0205889170468594
0	0.0117832244245176
0	0.00903010382632919
0	0.00880929604195127
0	0.0179893198760403
0	0.0227438959492885
0	0.00903010382632919
0	0.0157072251671979
0	0.00903010382632919
0	0.00903010382632919
0	0.203944706828474
0	0.0092188628213487
0	0.00903010382632919
0	0.00903010382632919
0	0.00903010382632919
0	0.00782557712065608
0	0.00934157425841751
0	0.00903010382632919
0	0.00903010382632919
0	0.00871887317821102
0	0.00903010382632919
0	0.0119666123697066
0	0.00591904256919698
0	0.0124960184735826
0	0.00903010382632919
0	0.00863622632162914
0	0.00857067553704932
0	0.00903010382632919
0	0.022399607585996
0	0.339794265524594
0	0.00903010382632919
0	0.00903010382632919
0	0.00903010382632919
0	0.0369281287506544
0	0.0284907185906785
0	0.00967766543737936
0	0.00903010382632919
0	0.00903010382632919
0	0.00903010382632919
0	0.205374559414501
0	0.00903010382632919
0	0.00903010382632919
0	0.0134974630088968
0	0.0105133065610006
0	0.00949272755951496
0	0.015705653668239
0	0.00903010382632919
0	0.00920102844472405
0	0.00987600506547216
0	0.0146352358139601
0	0.00903010382632919
0	0.00903010382632919
0	0.0129746421524879
0	0.00903010382632919
0	0.0191888638782912
0	0.00871887317821102
0	0.00903010382632919
0	0.0129746421524879
0	0.00903010382632919
0	0.00903010382632919
0	0.00903010382632919
0	0.00903010382632919
0	0.0185031361887101
0	0.00903010382632919
0	0.00903010382632919
0	0.0116056737809483
0	0.00746284506591877
0	0.00903010382632919
0	0.00903010382632919
0	0.00903010382632919
0	0.00903010382632919
0	0.0361863419905952
0	0.0946199963645648
0	0.0153815918925741
0	0.00903010382632919
0	0.00618976960476419
0	0.00903010382632919
0	0.0138913263197198
0	0.0176843596845186
0	0.00903010382632919
0	0.00903010382632919
0	0.00903010382632919
0	0.328316366036592
0	0.0106235152536913
0	0.0134974630088968
0	0.00903010382632919
0	0.0242102294068588
0	0.0476024798167903
0	0.00903010382632919
0	0.00903010382632919
0	0.00903010382632919
0	0.00903010382632919
0	0.00903010382632919
0	0.00903010382632919
0	0.0349618013743705
0	0.0107132375583971
0	0.00931722239493982
0	0.00903010382632919
0	0.00871887317821102
0	0.00903010382632919
0	0.0106235152536913
0	0.0134974630088968
0	0.00663702663054756
0	0.00903010382632919
0	0.00903010382632919
0	0.00903010382632919
0	0.0252850807277211
0	0.0452777069346404
0	0.0128932419020197
0	0.00903010382632919
0	0.0176052755978132
0	0.0112129825043234
0	0.00903010382632919
0	0.0134974630088968
0	0.00903010382632919
0	0.0102922432002041
0	0.0129746421524879
0	0.0727849631452357
0	0.00903010382632919
0	0.00903010382632919
0	0.00903010382632919
0	0.00903010382632919
0	0.00903010382632919
0	0.0146352358139601
0	0.00903010382632919
0	0.82430932007914
0	0.0162126892338572
0	0.0107901890764776
0	0.00903010382632919
0	0.00903010382632919
0	0.0150426465940124
0	0.0104549972580047
0	0.00903010382632919
0	0.0117855269699044
0	0.0602573357518031
0	0.00903010382632919
0	0.00903010382632919
0	0.0134974630088968
0	0.00903010382632919
0	0.00817949817064657
0	0.00903010382632919
0	0.00903010382632919
0	0.0856452765969691
0	0.0107132375583971
0	0.0134902078628365
0	0.00903010382632919
0	0.00627374671083643
0	0.00903010382632919
0	0.0170282274322424
0	0.00903010382632919
0	0.116363000939527
0	0.00903010382632919
0	0.00903010382632919
0	0.0218955648758939
0	0.0092188628213487
0	0.00903010382632919
0	0.00903010382632919
0	0.00903010382632919
0	0.00903010382632919
0	0.00752607656926282
0	0.00696665783142463
0	0.00903010382632919
0	0.00903010382632919
0	0.00903010382632919
0	0.0242252552459651
0	0.0135014898085678
0	0.00871887317821102
0	0.00663702663054756
0	0.0293516919754211
0	0.00903010382632919
0	0.00903010382632919
0	0.0100757379128244
0	0.00618976960476419
0	0.0117855269699044
0	0.0313375417098587
0	0.00843777574334439
0	0.00903010382632919
0	0.0192420506814692
0	0.0178678536126816
0	0.0124705559781538
0	0.0151280796899047
0	0.00903010382632919
0	0.0047722355544952
0	0.00903010382632919
0	0.0129746421524879
0	0.0129746421524879
0	0.00903010382632919
0	0.00903010382632919
0	0.0231681622609609
0	0.00903010382632919
0	0.00903010382632919
0	0.00903010382632919
0	0.0446275480480542
0	0.00843777574334439
0	0.150668983467564
0	0.00903010382632919
0	0.00903010382632919
0	0.00903010382632919
0	0.0146992300388371
0	0.957388704959305
0	0.0489106817752306
0	0.00903010382632919
0	0.0163240657431164
0	0.0410940048212168
0	0.00903010382632919
0	0.00903010382632919
0	0.00903010382632919
0	0.00903010382632919
0	0.00903010382632919
0	0.00843777574334439
0	0.00903010382632919
0	0.00903010382632919
0	0.0246315403820131
0	0.0124544569742428
0	0.00903010382632919
0	0.00845387490780478
0	0.00903010382632919
0	0.00616902862948704
0	0.0092188628213487
0	0.0352440528292551
0	0.0124544569742428
0	0.00903010382632919
0	0.00903010382632919
0	0.177130956722293
0	0.0101654878276344
0	0.00903010382632919
0	0.00903010382632919
0	0.00903010382632919
0	0.0186262574060215
0	0.0107132375583971
0	0.00903010382632919
0	0.0122836450897506
0	0.00903010382632919
0	0.00903010382632919
0	0.0388120087295568
0	0.00903010382632919
0	0.00903010382632919
0	0.00903010382632919
0	0.00903010382632919
0	0.00903010382632919
0	0.478751803215298
0	0.0146352358139601
0	0.00903010382632919
0	0.0172726160957418
0	0.00903010382632919
0	0.0138913263197198
0	0.00903010382632919
0	0.0126463310207208
0	0.00903010382632919
0	0.00903010382632919
0	0.0380726821184809
0	0.0158967128544112
0	0.00903010382632919
0	0.00903010382632919
0	0.0106732204334615
0	0.00586115202232801
0	0.00903010382632919
0	0.00903010382632919
0	0.0127533279670008
0	0.0123173333570114
0	0.0454862757352474
0	0.00903010382632919
0	0.00903010382632919
0	0.00903010382632919
0	0.00663702663054756
0	0.00700006824316585
0	0.00318390668155261
0	0.0153585178175004
0	0.00903010382632919
0	0.00903010382632919
0	0.0181203588226992
0	0.0160282932796564
0	0.00841686550907019
0	0.00858591171871193
0	0.0104549972580047
0	0.00852514179073494
0	0.00903010382632919
0	0.0437685723752082
0	0.00903010382632919
0	0.00852514179073494
0	0.00586115202232801
0	0.00903010382632919
0	0.00903010382632919
0	0.00903010382632919
0	0.00903010382632919
0	0.00987600506547216
0	0.0127330566507932
0	0.0112644983415031
0	0.00903010382632919
0	0.0122408718647002
0	0.00903010382632919
0	0.00587399358346465
0	0.00854422653519706
0	0.0129746421524879
0	0.00903010382632919
0	0.00903010382632919
0	0.014862789629121
0	0.00903010382632919
0	0.0390174199018405
0	0.00903010382632919
0	0.0126463310207208
0	0.00903010382632919
0	0.00903010382632919
0	0.00987600506547216
0	0.0106235152536913
0	0.0188739779827181
0	0.899920562925589
0	0.0125465349212208
0	0.0171857344004997
0	0.0123998355485284
0	0.00903010382632919
0	0.00903010382632919
0	0.00903010382632919
0	0.297252262877015
0	0.00903010382632919
0	0.00903010382632919
0	0.0319956650127274
0	0.0188895556051663
0	0.0145986101837618
0	0.0501335521757625
0	0.00903010382632919
0	0.242645752860749
0	0.033241602722377
0	0.00903010382632919
0	0.00903010382632919
0	0.00903010382632919
0	0.0183433433798278
0	0.00903010382632919
0	0.00903010382632919
0	0.00903010382632919
0	0.0134974630088968
0	0.00903010382632919
0	0.00903010382632919
0	0.0069903433682713
0	0.022399607585996
0	0.00843777574334439
0	0.0201419376784739
0	0.00903010382632919
0	0.00903010382632919
0	0.00903010382632919
0	0.0134974630088968
0	0.00843777574334439
0	0.0770539337792437
0	0.00903010382632919
0	0.0146352358139601
0	0.00765858999305135
0	0.0138073750656821
0	0.00903010382632919
0	0.00903010382632919
0	0.00903010382632919
0	0.0229265135068024
0	0.00863622632162914
0	0.00903010382632919
0	0.00843777574334439
0	0.00903010382632919
0	0.00903010382632919
0	0.020808849532529
0	0.00857067553704932
0	0.00903010382632919
0	0.00814184391766973
0	0.0129746421524879
0	0.0187729102530257
0	0.717749392075683
0	0.00826839203997452
0	0.00663702663054756
0	0.00903010382632919
0	0.00607335340987614
0	0.00903010382632919
0	0.0122782372012419
0	0.0134974630088968
0	0.00903010382632919
0	0.00903010382632919
0	0.00903010382632919
0	0.00903010382632919
0	0.702278366916466
0	0.0490989066320822
0	0.0129746421524879
0	0.00903010382632919
0	0.00903010382632919
0	0.116694029191003
0	0.00903010382632919
0	0.0601300303434086
0	0.00903010382632919
0	0.0113343833356841
0	0.0380754820008834
0	0.00903010382632919
0	0.00903010382632919
0	0.00903010382632919
0	0.00903010382632919
0	0.00903010382632919
0	0.00903010382632919
0	0.00903010382632919
0	0.849549418594154
0	0.0084332060467595
0	0.00903010382632919
0	0.197515159555776
0	0.00903010382632919
0	0.00871887317821102
0	0.00443005621967602
0	0.0135817349401045
0	0.0119338851539049
0	0.00903010382632919
0	0.0138913263197198
0	0.00903010382632919
0	0.0092188628213487
0	0.0215094705350162
0	0.00903010382632919
0	0.00903010382632919
0	0.0499762841487171
0	0.0141849815937104
0	0.00903010382632919
0	0.00903010382632919
0	0.00903010382632919
0	0.00903010382632919
0	0.00807051906618569
0	0.00903010382632919
0	0.00903010382632919
0	0.00903010382632919
0	0.00903010382632919
0	0.00903010382632919
0	0.00934157425841751
0	0.514276774030276
0	0.00903010382632919
0	0.00903010382632919
0	0.00903010382632919
0	0.00903010382632919
0	0.00903010382632919
0	0.00903010382632919
0	0.0123170203734523
0	0.00904732283305487
0	0.00903010382632919
0	0.0109434732234329
0	0.0165903876598912
0	0.00903010382632919
0	0.0146352358139601
0	0.00903010382632919
0	0.00903010382632919
0	0.0924465939102643
0	0.00989061903594735
0	0.0153244071934247
0	0.00903010382632919
0	0.00903010382632919
0	0.00903010382632919
0	0.00843777574334439
0	0.00903010382632919
0	0.00903010382632919
0	0.00903010382632919
0	0.00903010382632919
0	0.00903010382632919
0	0.00903010382632919
0	0.00903010382632919
0	0.00903010382632919
0	0.00903010382632919
0	0.00903010382632919
0	0.00903010382632919
0	0.00837380849805919
0	0.0123173333570114
0	0.0168562448390821
0	0.00791316276680515
0	0.0490788688123758
0	0.00903010382632919
0	0.00903010382632919
0	0.113888734047794
0	0.0204033928006724
0	0.0134974630088968
0	0.0122957728919106
0	0.00903010382632919
0	0.00903010382632919
0	0.0123173333570114
0	0.00731522097829601
0	0.00903010382632919
0	0.00903010382632919
0	0.0118392442040822
0	0.00903010382632919
0	0.00279520304257983
0	0.00949225864358241
0	0.00903010382632919
0	0.00949225864358241
0	0.00903010382632919
0	0.00903010382632919
0	0.00888203792268985
0	0.0134974630088968
0	0.00903010382632919
0	0.00903010382632919
0	0.00826422435740087
0	0.00903010382632919
0	0.0190807959043488
0	0.0092188628213487
0	0.00914635487665882
0	0.00903010382632919
0	0.00903010382632919
0	0.00903010382632919
0	0.00903010382632919
0	0.00903010382632919
0	0.0824565361055623
0	0.00615908886772877
0	0.00903010382632919
0	0.0280189710369956
0	0.386015926360296
0	0.00903010382632919
0	0.0184727563896679
0	0.00903010382632919
0	0.282795328403177
0	0.0371374687925443
0	0.0130808875191577
0	0.0134974630088968
0	0.0204976206230316
0	0.00903010382632919
0	0.00903010382632919
0	0.00903010382632919
0	0.00903010382632919
0	0.182395496655142
0	0.00857067553704932
0	0.00903010382632919
0	0.00798838568811824
0	0.00903010382632919
0	0.027349635572008
0	0.0109005698149971
0	0.00981895787869276
0	0.00903010382632919
0	0.00903010382632919
0	0.00903010382632919
0	0.00645216187815223
0	0.00903010382632919
0	0.0207914294772853
0	0.00750430444522867
0	0.00652480308145857
0	0.0124190878281886
0	0.00903010382632919
0	0.0220934618088879
0	0.00903010382632919
0	0.00903010382632919
0	0.00903010382632919
0	0.00602748477482089
0	0.00903010382632919
0	0.138296335570098
0	0.00903010382632919
0	0.00903010382632919
0	0.0116954371493272
0	0.0134398826711156
0	0.019915426716473
0	0.608025235921291
0	0.00857067553704932
0	0.00903010382632919
0	0.00903010382632919
0	0.00903010382632919
0	0.00903010382632919
0	0.00814679238192333
0	0.00903010382632919
0	0.00903010382632919
0	0.00903010382632919
0	0.00903010382632919
0	0.0126243913086054
0	0.00903010382632919
0	0.0123173333570114
0	0.00903010382632919
0	0.00903010382632919
0	0.0193283942258812
0	0.00903010382632919
0	0.00903010382632919
0	0.0124544569742428
0	0.0134974630088968
0	0.00903010382632919
0	0.00903010382632919
0	0.0841371267307792
0	0.0188895556051663
0	0.00987600506547216
0	0.00903010382632919
0	0.0145706051639228
0	0.11926530172033
0	0.00903010382632919
0	0.366592733406415
0	0.0158970358252414
0	0.00841686550907019
0	0.014520267314398
0	0.00903010382632919
0	0.00939041896055704
0	0.00903010382632919
0	0.00903010382632919
0	0.00903010382632919
0	0.00903010382632919
0	0.00903010382632919
0	0.00903010382632919
0	0.00627374671083643
0	0.42157640034755
0	0.00903010382632919
0	0.00903010382632919
0	0.00289890024923358
0	0.0134974630088968
0	0.00903010382632919
0	0.0373848694576676
0	0.257510499017331
0	0.020113585154297
0	0.0127533279670008
0	0.00903010382632919
0	0.00798838568811824
0	0.0150230292911259
0	0.0289036581698386
0	0.0174578133783922
0	0.00903010382632919
0	0.00903010382632919
0	0.546820053013518
0	0.0159977252974494
0	0.00886270175188931
0	0.043924053173761
0	0.00903010382632919
0	0.00903010382632919
0	0.0092188628213487
0	0.00903010382632919
0	0.00903010382632919
0	0.0051592456855478
0	0.00903010382632919
0	0.00903010382632919
0	0.00903010382632919
0	0.00903010382632919
0	0.00903010382632919
0	0.015705653668239
0	0.00903010382632919
0	0.0250412758924191
0	0.00903010382632919
0	0.00903010382632919
0	0.00871887317821102
0	0.0756494263742304
0	0.0134974630088968
0	0.0192312359677288
0	0.00798275301024148
0	0.00903010382632919
0	0.00696665783142463
0	0.339206608830337
0	0.00903010382632919
0	0.00903010382632919
0	0.271339793263518
0	0.0173836980485176
0	0.00903010382632919
0	0.0339570451771453
0	0.00903010382632919
0	0.00863622632162914
0	0.00903010382632919
0	0.00903010382632919
0	0.00903010382632919
0	0.00903010382632919
0	0.00903010382632919
0	0.0193553224615865
0	0.00972304371879957
0	0.00903010382632919
0	0.0146352358139601
0	0.00903010382632919
0	0.0380561959057708
0	0.0082886570798793
0	0.00903010382632919
0	0.00903010382632919
0	0.0127892290752832
0	0.00903010382632919
0	0.00903010382632919
0	0.00843777574334439
0	0.00863622632162914
0	0.00903010382632919
0	0.00903010382632919
0	0.0142953490564381
0	0.0112877080576726
0	0.00843777574334439
0	0.00903010382632919
0	0.0152385168002046
0	0.00424525575025175
0	0.00903010382632919
0	0.00903010382632919
0	0.0134974630088968
0	0.0208857648001853
0	0.0209763856854063
0	0.00903010382632919
0	0.00903010382632919
0	0.00903010382632919
0	0.0108749695702841
0	0.0223492623660358
0	0.0366021251085084
0	0.00460918437668778
0	0.0107834959507797
0	0.0154203190079054
0	0.00903010382632919
0	0.0129746421524879
0	0.00862722761227059
0	0.00903010382632919
0	0.00903010382632919
0	0.00903010382632919
0	0.0138913263197198
0	0.119348033533815
0	0.00903010382632919
0	0.0258790318890399
0	0.00567265092659976
0	0.00903010382632919
0	0.0113542162118889
0	0.0293283987653641
0	0.00417652015386744
0	0.00903010382632919
0	0.0189972165142659
0	0.0124190878281886
0	0.00903010382632919
0	0.00634046162360762
0	0.00580627656906564
0	0.0138913263197198
0	0.142858937752091
0	0.00627374671083643
0	0.00946299949929815
0	0.0134974630088968
0	0.00903010382632919
0	0.015705653668239
0	0.00765858999305135
0	0.0118381774485334
0	0.0113055877143319
0	0.0186382574016172
0	0.00903010382632919
0	0.00903010382632919
0	0.00903010382632919
0	0.00903010382632919
0	0.00903010382632919
0	0.00903010382632919
0	0.0146352358139601
0	0.00903010382632919
0	0.00871887317821102
0	0.00903010382632919
0	0.00903010382632919
0	0.00903010382632919
0	0.0178377118602478
0	0.00903010382632919
0	0.00791316276680515
0	0.0127330566507932
0	0.00903010382632919
0	0.00903010382632919
0	0.0107089059806841
0	0.0186285402496147
0	0.00626503907808669
0	0.0105664021901112
0	0.00903010382632919
0	0.00903010382632919
0	0.00843777574334439
0	0.00663702663054756
0	0.0103203392301566
0	0.00903010382632919
0	0.00903010382632919
0	0.00903010382632919
0	0.257260779019448
0	0.0081225826799447
0	0.0250003511318782
0	0.0141773622041752
0	0.015367652914616
0	0.00795173293654283
0	0.861741176635005
0	0.00903010382632919
0	0.204040349957631
0	0.00903010382632919
0	0.0112035847802987
0	0.00903010382632919
0	0.0141849815937104
0	0.0928428304700417
0	0.00903010382632919
0	0.00903010382632919
0	0.00903010382632919
0	0.00903010382632919
0	0.00903010382632919
0	0.00987600506547216
0	0.681058605320121
0	0.00903010382632919
0	0.00903010382632919
0	0.00819667174570198
0	0.0134974630088968
0	0.00903010382632919
0	0.00805112191149275
0	0.0124190878281886
0	0.0146352358139601
0	0.00903010382632919
0	0.00903010382632919
0	0.00903010382632919
0	0.00903010382632919
0	0.00903010382632919
0	0.022399607585996
0	0.0261939329955965
0	0.00903010382632919
0	0.00903010382632919
0	0.00903010382632919
0	0.00843777574334439
0	0.00903010382632919
0	0.00903010382632919
0	0.0430107077428651
0	0.00903010382632919
0	0.00903010382632919
0	0.0490595053883191
0	0.00903010382632919
0	0.0118941652439994
0	0.00629857804706903
0	0.0123170203734523
0	0.0130342860065385
0	0.0117071109585215
0	0.00903010382632919
0	0.0090610695475877
0	0.0129746421524879
0	0.00903010382632919
0	0.00903010382632919
0	0.00903010382632919
0	0.519132623094962
0	0.0206214338391952
0	0.0365640573042503
0	0.0650778067731182
0	0.00903010382632919
0	0.0126463310207208
0	0.00903010382632919
0	0.00903010382632919
0	0.00903010382632919
0	0.0107132375583971
0	0.00903010382632919
0	0.00903010382632919
0	0.00886552072388023
0	0.00903010382632919
0	0.0147569739427587
0	0.0146352358139601
0	0.00978726878695789
0	0.00761846608045397
0	0.00903010382632919
0	0.00903010382632919
0	0.168673900622848
0	0.0134902078628365
0	0.0102591731494841
0	0.00903010382632919
0	0.0308183055151707
0	0.00903010382632919
0	0.00903010382632919
0	0.00903010382632919
0	0.00671309390577949
0	0.00903010382632919
0	0.0127533279670008
0	0.00903010382632919
0	0.0148298451242488
0	0.0212003675502461
0	0.00903010382632919
0	0.00903010382632919
0	0.0137939563631103
0	0.0550114628547988
0	0.00903010382632919
0	0.00859291695163557
0	0.00903010382632919
0	0.0126146588967339
0	0.0134974630088968
0	0.0328356140286201
0	0.0117855269699044
0	0.0101265628182463
0	0.00826839203997452
0	0.00602748477482089
0	0.00903010382632919
0	0.00903010382632919
0	0.00903010382632919
0	0.0172005362505588
0	0.00581913439427103
0	0.00903010382632919
0	0.00903010382632919
0	0.00903010382632919
0	0.00903010382632919
0	0.00903010382632919
0	0.0415010095593339
0	0.00903010382632919
0	0.0129746421524879
0	0.00903010382632919
0	0.00903010382632919
0	0.0123998355485284
0	0.00903010382632919
0	0.220263817497298
0	0.00903010382632919
0	0.0105280829972092
0	0.0189847228704558
0	0.00903010382632919
0	0.0682969422888642
0	0.00903010382632919
0	0.0159670215966886
0	0.0107834959507797
0	0.0174539941767474
0	0.0102618324981696
0	0.00903010382632919
0	0.00903010382632919
0	0.00903010382632919
0	0.00903010382632919
0	0.00903010382632919
0	0.0109257492723421
0	0.00903010382632919
0	0.00746736182448885
0	0.00903010382632919
0	0.0146431856139308
0	0.0229265135068024
0	0.0175782176940423
0	0.00903010382632919
0	0.00903010382632919
0	0.0336303423193686
0	0.00843777574334439
0	0.038531321428743
0	0.0106935512601854
0	0.00903010382632919
0	0.0105366627516262
0	0.00903010382632919
0	0.0684781986043897
0	0.0119197132567307
0	0.00903010382632919
0	0.00903010382632919
0	0.00841898284215598
0	0.00903010382632919
0	0.0139529016461333
0	0.00903010382632919
0	0.00903010382632919
0	0.0146784934379633
0	0.00949225864358241
0	0.00903010382632919
0	0.0131394314876091
0	0.0117817772912007
0	0.00903010382632919
0	0.0182977313142842
0	0.0127826192216404
0	0.00903010382632919
0	0.00903010382632919
0	0.00903010382632919
0	0.00903010382632919
0	0.0173175068838712
0	0.00390525681256067
0	0.185409622796951
0	0.261394921412543
0	0.0129148319051842
0	0.00903010382632919
0	0.220478114250475
0	0.0278471747824377
0	0.00903010382632919
0	0.0815104791595076
0	0.00903010382632919
0	0.00903010382632919
0	0.00843777574334439
0	0.00663702663054756
0	0.00903010382632919
0	0.04862717086339
0	0.00903010382632919
0	0.0249312481633951
0	0.228734277085807
0	0.00843777574334439
0	0.00949225864358241
0	0.0129746421524879
0	0.0319099490074791
0	0.0107132375583971
0	0.00871887317821102
0	0.0124426879608354
0	0.00903010382632919
0	0.0127330566507932
0	0.00903010382632919
0	0.021814515293069
0	0.0136994581420711
0	0.00483707446621823
0	0.00903010382632919
0	0.013685710870784
0	0.00903010382632919
0	0.00903010382632919
0	0.0138913263197198
0	0.0092188628213487
0	0.00903010382632919
0	0.00903010382632919
0	0.228255981548952
0	0.023017855632631
0	0.00903010382632919
0	0.00903010382632919
0	0.426908452828253
0	0.00903010382632919
0	0.0053696982282055
0	0.0335607624072957
0	0.00903010382632919
0	0.00903010382632919
0	0.411670406353291
0	0.00903010382632919
0	0.0104549972580047
0	0.0121796478897017
0	0.00903010382632919
0	0.0117149436058258
0	0.00586115202232801
0	0.104011170267668
0	0.00852401769981741
0	0.00586115202232801
0	0.0100877504442006
0	0.0381691932444631
0	0.00863004780038067
0	0.00903010382632919
0	0.11642193035372
0	0.0480000464308464
0	0.00930799766708717
0	0.00903010382632919
0	0.00903010382632919
0	0.0311860385136315
0	0.0023570405409838
0	0.00843777574334439
0	0.0123173333570114
0	0.0761049435012034
0	0.0129746421524879
0	0.0129746421524879
0	0.0153208652861398
0	0.00871887317821102
0	0.00903010382632919
0	0.00650879212623246
0	0.00903010382632919
0	0.00903010382632919
0	0.00903010382632919
0	0.00903010382632919
0	0.00903010382632919
0	0.0092188628213487
0	0.00903010382632919
0	0.00903010382632919
0	0.00903010382632919
0	0.0208417062803967
0	0.00903010382632919
0	0.00903010382632919
0	0.00903010382632919
0	0.00871887317821102
0	0.00903010382632919
0	0.00903010382632919
0	0.0101855485179471
0	0.0218359273365285
0	0.00731048861222199
0	0.86654270456566
0	0.00903010382632919
0	0.0258815138942971
0	0.0123173333570114
0	0.00813023060415717
0	0.00903010382632919
0	0.00903010382632919
0	0.0129746421524879
0	0.0142953490564381
0	0.00843777574334439
0	0.00903010382632919
0	0.00903010382632919
0	0.00757128713678956
0	0.00903010382632919
0	0.0185637498687042
0	0.339334763009434
0	0.00903010382632919
0	0.0206915449297845
0	0.00903010382632919
0	0.00660743253926812
0	0.90596545211413
0	0.0101265628182463
0	0.0381385996256785
0	0.00987600506547216
0	0.0123173333570114
0	0.00903010382632919
0	0.10297407251424
0	0.00903010382632919
0	0.0102986613332469
0	0.00903010382632919
0	0.00760129027873382
0	0.00903010382632919
0	0.00903010382632919
0	0.00903010382632919
0	0.00903010382632919
0	0.00903010382632919
0	0.00903010382632919
0	0.00939041896055704
0	0.00843777574334439
0	0.0108896177908875
0	0.102673691319427
0	0.00903010382632919
0	0.0092188628213487
0	0.00903010382632919
0	0.00903010382632919
0	0.0155724722680808
0	0.00903010382632919
0	0.0130582462481033
0	0.00903010382632919
0	0.179348324140654
0	0.00641212031036993
0	0.00903010382632919
0	0.00903010382632919
0	0.00903010382632919
0	0.00903010382632919
0	0.010994689284531
0	0.0216174817983435
0	0.00903010382632919
0	0.00626503907808669
0	0.0134974630088968
0	0.00903010382632919
0	0.00677610445951298
0	0.0671484317682986
0	0.0205436217052129
0	0.00903010382632919
0	0.00921486240183972
0	0.0789791244237242
0	0.00903010382632919
0	0.00903010382632919
0	0.0142475174849328
0	0.00903010382632919
0	0.00621851736762624
0	0.029013262872715
0	0.00903010382632919
0	0.0207751843172619
0	0.00903010382632919
0	0.00903010382632919
0	0.0885208801109103
0	0.0229696166083478
0	0.00903010382632919
0	0.00903010382632919
0	0.0129746421524879
0	0.0039602000962421
0	0.024176636960441
0	0.0123998355485284
0	0.0146629847898079
0	0.00903010382632919
0	0.0104549972580047
0	0.00903010382632919
0	0.0123173333570114
0	0.00903010382632919
0	0.00903010382632919
0	0.107328051258181
0	0.0256770883340344
0	0.0157256377863898
0	0.00903010382632919
0	0.00903010382632919
0	0.00903010382632919
0	0.362511241103951
0	0.00903010382632919
0	0.00903010382632919
0	0.0405880897469027
0	0.0138913263197198
0	0.062146716523295
0	0.0146352358139601
0	0.00934157425841751
0	0.0251297910701353
0	0.00903010382632919
0	0.00903010382632919
0	0.00903010382632919
0	0.0112129825043234
0	0.00903010382632919
0	0.0307258908673351
0	0.0933498166367261
0	0.0095446499238513
0	0.0178173884453848
0	0.686422314287232
0	0.00903010382632919
0	0.0179893198760403
0	0.00903010382632919
0	0.0169189465458314
0	0.00903010382632919
0	0.0224594762647368
0	0.00903010382632919
0	0.00903010382632919
0	0.00903010382632919
0	0.00903010382632919
0	0.0875667963232439
0	0.0115909885916229
0	0.00903010382632919
0	0.00903010382632919
0	0.0524327680581149
0	0.00903010382632919
0	0.00903010382632919
0	0.00870619343791448
0	0.0157753935909978
0	0.00903010382632919
0	0.00903010382632919
0	0.0129746421524879
0	0.0138913263197198
0	0.00903010382632919
0	0.0126463310207208
0	0.0237794404034278
0	0.00903010382632919
0	0.0127330566507932
0	0.0309921598779434
0	0.00903010382632919
0	0.00903010382632919
0	0.00903010382632919
0	0.00903010382632919
0	0.00903010382632919
0	0.00903010382632919
0	0.00903010382632919
0	0.00903010382632919
0	0.00584293930823534
0	0.0235651068513637
0	0.00903010382632919
0	0.00903010382632919
0	0.0124544569742428
0	0.00903010382632919
0	0.0169189465458314
0	0.0106235152536913
0	0.0284874062006788
0	0.0198462050700904
0	0.00903010382632919
0	0.0148911534760163
0	0.00843777574334439
0	0.00903010382632919
0	0.00808258714002444
0	0.00903010382632919
0	0.00903010382632919
0	0.00903010382632919
0	0.00903010382632919
0	0.00903010382632919
0	0.00903010382632919
0	0.0176620251359623
0	0.00903010382632919
0	0.00871887317821102
0	0.81404441381611
0	0.00903010382632919
0	0.0134974630088968
0	0.0146352358139601
0	0.00903010382632919
0	0.00903010382632919
0	0.00903010382632919
0	0.0130342860065385
0	0.00903010382632919
0	0.00903010382632919
0	0.013808572150805
0	0.00903010382632919
0	0.0134974630088968
0	0.00903010382632919
0	0.0124190878281886
0	0.028791141858863
0	0.00903010382632919
0	0.0204317531177097
0	0.00903010382632919
0	0.00696665783142463
0	0.0188895556051663
0	0.0182942239892442
0	0.0229265135068024
0	0.015705653668239
0	0.557813857594021
0	0.00903010382632919
0	0.00903010382632919
0	0.00964540838310413
0	0.0734652941388433
0	0.0134974630088968
0	0.7699212645189
0	0.0104549972580047
0	0.00903010382632919
0	0.0733019707574324
0	0.0152279665477107
0	0.0104549972580047
0	0.00903010382632919
0	0.00903010382632919
0	0.015367652914616
0	0.00903010382632919
0	0.00903010382632919
0	0.00903010382632919
0	0.00903010382632919
0	0.0134974630088968
0	0.0134974630088968
0	0.00670753128778012
0	0.00903010382632919
0	0.00903010382632919
0	0.00903010382632919
0	0.0114306498205245
0	0.00354338260775237
0	0.00903010382632919
0	0.0342096443754419
0	0.00903010382632919
0	0.00903010382632919
0	0.00903010382632919
0	0.00903010382632919
0	0.00586115202232801
0	0.00903010382632919
0	0.036676014419399
0	0.00903010382632919
0	0.00903010382632919
0	0.00903010382632919
0	0.0137638492533361
0	0.00903010382632919
0	0.00943403783243333
0	0.00903010382632919
0	0.00903010382632919
0	0.181763629896109
0	0.00903010382632919
0	0.00903010382632919
0	0.0126463310207208
0	0.0129964733717202
0	0.00620068981481337
0	0.0277806094211389
0	0.00903010382632919
0	0.00903010382632919
0	0.00903010382632919
0	0.00903010382632919
0	0.00798838568811824
0	0.00729851269761562
0	0.00903010382632919
0	0.0589584706211915
0	0.00857067553704932
0	0.0077037774319426
0	0.00903010382632919
0	0.0184444869623732
0	0.0188895556051663
0	0.0035804061070731
0	0.00903010382632919
0	0.00903010382632919
0	0.0558534596660997
0	0.0142390233700614
0	0.0515836121735699
0	0.00365902611815397
0	0.00903010382632919
0	0.0129746421524879
0	0.00903010382632919
0	0.431375060585452
0	0.00903010382632919
0	0.00903010382632919
0	0.0233914848631182
0	0.00903010382632919
0	0.0112654825658744
0	0.00903010382632919
0	0.00903010382632919
0	0.0360019170753842
0	0.0481154455246785
0	0.0186789365819145
0	0.00795173293654283
0	0.00903010382632919
0	0.00870521857810555
0	0.0146352358139601
0	0.0465528282008082
0	0.00639926830911134
0	0.00903010382632919
0	0.00903010382632919
0	0.0077184870387467
0	0.0077037774319426
0	0.0114703413184221
