1	0.103236288697722
1	0.0556564257903805
1	0.477707160074534
1	0.23512024263689
1	0.747990425783419
1	0.500555994903912
1	0.0850909358883833
1	0.599135220140554
1	0.414692679801348
1	0.699563428422387
1	0.317166190288672
1	0.348294967934259
1	0.738185386587561
1	0.745236270939367
1	0.136786232612757
1	0.745860768896083
1	0.666663070905275
1	0.735361986730904
1	0.747990425783419
1	0.642111929619788
1	0.037131796133034
1	0.180580967178706
1	0.747990425783419
1	0.443584297587214
1	0.747990425783419
1	0.259141829328761
1	0.747990425783419
1	0.747990425783419
1	0.684629469425774
1	0.688861627998738
1	0.563376695886589
1	0.567297543449654
1	0.747990425783419
1	0.557606254550494
1	0.735361986730904
1	0.037131796133034
1	0.6703675465569
1	0.747990425783419
1	0.687764310016267
1	0.351144523933808
1	0.745236270939367
1	0.486318353957273
1	0.037131796133034
1	0.747990425783419
1	0.222359832467753
1	0.733163681441982
1	0.747990425783419
1	0.747990425783419
1	0.037131796133034
1	0.747990425783419
1	0.546756365263444
1	0.037131796133034
1	0.747990425783419
1	0.747990425783419
1	0.736219410487225
1	0.747990425783419
1	0.037131796133034
1	0.163218608013299
1	0.73745420994635
1	0.411366338226716
1	0.650224692625298
1	0.668976226663916
1	0.684629469425774
1	0.747990425783419
1	0.740263172308869
1	0.037131796133034
1	0.618812313350086
1	0.606837077691462
1	0.747990425783419
1	0.037131796133034
1	0.747990425783419
1	0.037131796133034
1	0.747990425783419
1	0.747990425783419
1	0.178571872340386
1	0.747990425783419
1	0.363427599459872
1	0.505480083809334
1	0.392855119885404
1	0.740263172308869
1	0.747990425783419
1	0.684965974178936
1	0.730149631241434
1	0.747990425783419
1	0.747990425783419
1	0.699174597682966
1	0.747990425783419
1	0.742754791861175
1	0.037131796133034
1	0.747990425783419
1	0.4078457248293
1	0.037131796133034
1	0.711573522394712
1	0.739237416134359
1	0.549910796061677
1	0.747990425783419
1	0.741403332576355
1	0.662673641950104
1	0.203049804810104
1	0.037131796133034
1	0.745236270939367
1	0.037131796133034
1	0.037131796133034
1	0.037131796133034
1	0.747990425783419
1	0.50647110735152
1	0.510953068419145
1	0.037131796133034
1	0.740263172308869
1	0.747990425783419
1	0.555888033260283
1	0.747990425783419
1	0.745236270939367
1	0.742754791861175
1	0.037131796133034
1	0.745236270939367
1	0.622297343609144
1	0.156522788530016
1	0.669678157252762
1	0.295737367303355
1	0.216159697071926
1	0.740263172308869
1	0.747990425783419
1	0.698179809714389
1	0.696586690606183
1	0.738736130547077
1	0.037131796133034
1	0.500486784032961
1	0.195389084709683
1	0.0523925518059016
1	0.037131796133034
1	0.747990425783419
1	0.747990425783419
1	0.52833160764751
1	0.037131796133034
1	0.037131796133034
1	0.747990425783419
1	0.037131796133034
1	0.740263172308869
1	0.406308720393271
1	0.688261826751838
1	0.580166276190138
1	0.037131796133034
1	0.747990425783419
1	0.747990425783419
1	0.643229156541435
1	0.745860768896083
1	0.28500542188678
1	0.747990425783419
1	0.503906070841613
1	0.681816036194584
1	0.037131796133034
1	0.458004404565061
1	0.747990425783419
1	0.037131796133034
1	0.714552202093741
1	0.406308720393271
1	0.037131796133034
1	0.037131796133034
1	0.571945465414518
1	0.747990425783419
1	0.742754791861175
1	0.60086380069266
1	0.445504004876858
1	0.747990425783419
1	0.0495858230911147
1	0.037131796133034
1	0.735361986730904
1	0.745532143755915
1	0.738185386587561
1	0.302062139956741
1	0.625955240312642
1	0.037131796133034
1	0.672235592873683
1	0.037131796133034
1	0.745532143755915
1	0.741242870159542
1	0.745236270939367
1	0.684965974178936
1	0.696459452429272
1	0.0523925518059016
1	0.602540209077796
1	0.693657542809567
1	0.747990425783419
1	0.730265902682513
1	0.747990425783419
1	0.742754791861175
1	0.650451833315034
1	0.629796847353741
1	0.747990425783419
1	0.747990425783419
1	0.730149631241434
1	0.747990425783419
1	0.735361986730904
1	0.747990425783419
1	0.740263172308869
1	0.495255347881589
1	0.745236270939367
1	0.037131796133034
1	0.299197657083942
0	0.037131796133034
0	0.037131796133034
0	0.0467274073975495
0	0.037131796133034
0	0.037131796133034
0	0.037131796133034
0	0.037131796133034
0	0.037131796133034
0	0.037131796133034
0	0.039012543776182
0	0.0550071872826038
0	0.037131796133034
0	0.037131796133034
0	0.037131796133034
0	0.037131796133034
0	0.037131796133034
0	0.0430392374645037
0	0.037131796133034
0	0.037131796133034
0	0.037131796133034
0	0.037131796133034
0	0.0486088711203073
0	0.037131796133034
0	0.037131796133034
0	0.037131796133034
0	0.174860903342036
0	0.037131796133034
0	0.037131796133034
0	0.037131796133034
0	0.0479730469645841
0	0.037131796133034
0	0.037131796133034
0	0.0439007124978831
0	0.037131796133034
0	0.681816036194584
0	0.037131796133034
0	0.037131796133034
0	0.370624247079209
0	0.0634124442957234
0	0.037131796133034
0	0.037131796133034
0	0.037131796133034
0	0.0475558313877752
0	0.037131796133034
0	0.037131796133034
0	0.0602449157071357
0	0.037131796133034
0	0.0458241684504148
0	0.037131796133034
0	0.368417196950601
0	0.037131796133034
0	0.037131796133034
0	0.037131796133034
0	0.037131796133034
0	0.037131796133034
0	0.0410550515544091
0	0.037131796133034
0	0.037131796133034
0	0.037131796133034
0	0.037131796133034
0	0.037131796133034
0	0.0486088711203073
0	0.037131796133034
0	0.037131796133034
0	0.048957429305544
0	0.037131796133034
0	0.037131796133034
0	0.037131796133034
0	0.037131796133034
0	0.037131796133034
0	0.367442464601314
0	0.037131796133034
0	0.0431575488607489
0	0.037131796133034
0	0.037131796133034
0	0.0430496459223156
0	0.037131796133034
0	0.0378705001222286
0	0.0458241684504148
0	0.037131796133034
0	0.037131796133034
0	0.037131796133034
0	0.037131796133034
0	0.037131796133034
0	0.0431575488607489
0	0.0431575488607489
0	0.037131796133034
0	0.037131796133034
0	0.037131796133034
0	0.037131796133034
0	0.037131796133034
0	0.0566910573272018
0	0.037131796133034
0	0.037131796133034
0	0.037131796133034
0	0.0378705001222286
0	0.037131796133034
0	0.037131796133034
0	0.0431575488607489
0	0.037131796133034
0	0.037131796133034
0	0.037131796133034
0	0.037131796133034
0	0.037131796133034
0	0.223134762434699
0	0.037131796133034
0	0.039012543776182
0	0.037131796133034
0	0.037131796133034
0	0.044023191903214
0	0.037131796133034
0	0.037131796133034
0	0.037131796133034
0	0.037131796133034
0	0.0484914684603414
0	0.037131796133034
0	0.037131796133034
0	0.037131796133034
0	0.037131796133034
0	0.037131796133034
0	0.037131796133034
0	0.037131796133034
0	0.037131796133034
0	0.037131796133034
0	0.053182608116349
0	0.037131796133034
0	0.037131796133034
0	0.037131796133034
0	0.037131796133034
0	0.037131796133034
0	0.037131796133034
0	0.037131796133034
0	0.037131796133034
0	0.037131796133034
0	0.0474418602267884
0	0.535746905555227
0	0.037131796133034
0	0.0486088711203073
0	0.0378872652105283
0	0.0704866614621571
0	0.037131796133034
0	0.037131796133034
0	0.037131796133034
0	0.106535388531944
0	0.037131796133034
0	0.037131796133034
0	0.231992272392459
0	0.037131796133034
0	0.037131796133034
0	0.037131796133034
0	0.037131796133034
0	0.037131796133034
0	0.037131796133034
0	0.037131796133034
0	0.037131796133034
0	0.0578531360223676
0	0.0431575488607489
0	0.037131796133034
0	0.037131796133034
0	0.037131796133034
0	0.037131796133034
0	0.037131796133034
0	0.037131796133034
0	0.037131796133034
0	0.037131796133034
0	0.037131796133034
0	0.037131796133034
0	0.037131796133034
0	0.0428476992800892
0	0.037131796133034
0	0.0502964352303571
0	0.037131796133034
0	0.037131796133034
0	0.037131796133034
0	0.0448700696281372
0	0.037131796133034
0	0.0510401245704889
0	0.127480941955968
0	0.037131796133034
0	0.037131796133034
0	0.0387600610650869
0	0.037131796133034
0	0.0523925518059016
0	0.037131796133034
0	0.037131796133034
0	0.037131796133034
0	0.037131796133034
0	0.037131796133034
0	0.037131796133034
0	0.306643021879061
0	0.037131796133034
0	0.037131796133034
0	0.037131796133034
0	0.037131796133034
0	0.037131796133034
0	0.0431575488607489
0	0.676260947279694
0	0.037131796133034
0	0.037131796133034
0	0.047685939852274
0	0.037131796133034
0	0.037131796133034
0	0.037131796133034
0	0.037131796133034
0	0.037131796133034
0	0.037131796133034
0	0.037131796133034
0	0.037131796133034
0	0.037131796133034
0	0.037131796133034
0	0.037131796133034
0	0.037131796133034
0	0.037131796133034
0	0.037131796133034
0	0.0430496459223156
0	0.0453291361412558
0	0.037131796133034
0	0.037131796133034
0	0.037131796133034
0	0.037131796133034
0	0.037131796133034
0	0.037131796133034
0	0.037131796133034
0	0.037131796133034
0	0.037131796133034
0	0.0484196875128649
0	0.0759534696068842
0	0.037131796133034
0	0.037131796133034
0	0.037131796133034
0	0.0486088711203073
0	0.037131796133034
0	0.037131796133034
0	0.037131796133034
0	0.037131796133034
0	0.037131796133034
0	0.037131796133034
0	0.037131796133034
0	0.037131796133034
0	0.0672112218924201
0	0.037131796133034
0	0.037131796133034
0	0.037131796133034
0	0.037131796133034
0	0.0410550515544091
0	0.037131796133034
0	0.037131796133034
0	0.037131796133034
0	0.037131796133034
0	0.0683098765982053
0	0.037131796133034
0	0.037131796133034
0	0.037131796133034
0	0.037131796133034
0	0.0431575488607489
0	0.037131796133034
0	0.0598394561866472
0	0.037131796133034
0	0.0410550515544091
0	0.037131796133034
0	0.037131796133034
0	0.037131796133034
0	0.037131796133034
0	0.037131796133034
0	0.0410550515544091
0	0.037131796133034
0	0.037131796133034
0	0.037131796133034
0	0.18903420389861
0	0.037131796133034
0	0.037131796133034
0	0.037131796133034
0	0.037131796133034
0	0.037131796133034
0	0.037131796133034
0	0.037131796133034
0	0.037131796133034
0	0.037131796133034
0	0.037131796133034
0	0.037131796133034
0	0.037131796133034
0	0.037131796133034
0	0.037131796133034
0	0.037131796133034
0	0.0461757107147048
0	0.0387600610650869
0	0.037131796133034
0	0.037131796133034
0	0.037131796133034
0	0.0418684113786168
0	0.0499191968219494
0	0.037131796133034
0	0.037131796133034
0	0.0485271750103399
0	0.037131796133034
0	0.037131796133034
0	0.037131796133034
0	0.037131796133034
0	0.037131796133034
0	0.387479796873258
0	0.037131796133034
0	0.037131796133034
0	0.037131796133034
0	0.037131796133034
0	0.112617595355865
0	0.037131796133034
0	0.0431575488607489
0	0.037131796133034
0	0.037131796133034
0	0.037131796133034
0	0.037131796133034
0	0.037131796133034
0	0.037131796133034
0	0.037131796133034
0	0.037131796133034
0	0.0599522527064607
0	0.037131796133034
0	0.037131796133034
0	0.037131796133034
0	0.037131796133034
0	0.037131796133034
0	0.203186932678949
0	0.257556468022569
0	0.0409726443632782
0	0.037131796133034
0	0.037131796133034
0	0.037131796133034
0	0.037131796133034
0	0.037131796133034
0	0.037131796133034
0	0.037131796133034
0	0.037131796133034
0	0.5851726269384
0	0.037131796133034
0	0.037131796133034
0	0.0409726443632782
0	0.037131796133034
0	0.037131796133034
0	0.037131796133034
0	0.037131796133034
0	0.037131796133034
0	0.037131796133034
0	0.037131796133034
0	0.037131796133034
0	0.037131796133034
0	0.267273753373122
0	0.037131796133034
0	0.037131796133034
0	0.037131796133034
0	0.037131796133034
0	0.037131796133034
0	0.037131796133034
0	0.037131796133034
0	0.037131796133034
0	0.175718155431284
0	0.037131796133034
0	0.037131796133034
0	0.254933003870925
0	0.037131796133034
0	0.037131796133034
0	0.037131796133034
0	0.037131796133034
0	0.037131796133034
0	0.037131796133034
0	0.037131796133034
0	0.037131796133034
0	0.037131796133034
0	0.0461757107147048
0	0.037131796133034
0	0.037131796133034
0	0.037131796133034
0	0.0431575488607489
0	0.037131796133034
0	0.037131796133034
0	0.037131796133034
0	0.646906451373903
0	0.037131796133034
0	0.037131796133034
0	0.037131796133034
0	0.037131796133034
0	0.0409726443632782
0	0.037131796133034
0	0.037131796133034
0	0.037131796133034
0	0.037131796133034
0	0.037131796133034
0	0.037131796133034
0	0.037131796133034
0	0.037131796133034
0	0.037131796133034
0	0.037131796133034
0	0.037131796133034
0	0.037131796133034
0	0.037131796133034
0	0.037131796133034
0	0.037131796133034
0	0.037131796133034
0	0.037131796133034
0	0.037131796133034
0	0.037131796133034
0	0.037131796133034
0	0.037131796133034
0	0.037131796133034
0	0.037131796133034
0	0.037131796133034
0	0.0431575488607489
0	0.037131796133034
0	0.037131796133034
0	0.037131796133034
0	0.037131796133034
0	0.037131796133034
0	0.037131796133034
0	0.037131796133034
0	0.037131796133034
0	0.0440300094183866
0	0.0431575488607489
0	0.037131796133034
0	0.037131796133034
0	0.037131796133034
0	0.037131796133034
0	0.037131796133034
0	0.037131796133034
0	0.037131796133034
0	0.037131796133034
0	0.037131796133034
0	0.037131796133034
0	0.037131796133034
0	0.037131796133034
0	0.0409726443632782
0	0.037131796133034
0	0.037131796133034
0	0.037131796133034
0	0.037131796133034
0	0.037131796133034
0	0.037131796133034
0	0.037131796133034
0	0.037131796133034
0	0.037131796133034
0	0.037131796133034
0	0.037131796133034
0	0.037131796133034
0	0.037131796133034
0	0.037131796133034
0	0.037131796133034
0	0.037131796133034
0	0.037131796133034
0	0.037131796133034
0	0.0410550515544091
0	0.037131796133034
0	0.486172237161447
0	0.053182608116349
0	0.0410550515544091
0	0.037131796133034
0	0.037131796133034
0	0.037131796133034
0	0.037131796133034
0	0.370624247079209
0	0.096288993746567
0	0.037131796133034
0	0.037131796133034
0	0.037131796133034
0	0.037131796133034
0	0.037131796133034
0	0.037131796133034
0	0.037131796133034
0	0.0479730469645841
0	0.370832723005325
0	0.0431575488607489
0	0.037131796133034
0	0.037131796133034
0	0.037131796133034
0	0.037131796133034
0	0.037131796133034
0	0.0669974042041244
0	0.037131796133034
0	0.037131796133034
0	0.037131796133034
0	0.037131796133034
0	0.037131796133034
0	0.0392552272118128
0	0.037131796133034
0	0.0440106505089295
0	0.037131796133034
0	0.037131796133034
0	0.037131796133034
0	0.037131796133034
0	0.037131796133034
0	0.037131796133034
0	0.037131796133034
0	0.037131796133034
0	0.037131796133034
0	0.037131796133034
0	0.037131796133034
0	0.747990425783419
0	0.037131796133034
0	0.602807272578073
0	0.037131796133034
0	0.037131796133034
0	0.037131796133034
0	0.0499191968219494
0	0.100008351025357
0	0.125814355943887
0	0.037131796133034
0	0.037131796133034
0	0.037131796133034
0	0.037131796133034
0	0.037131796133034
0	0.037131796133034
0	0.0410550515544091
0	0.037131796133034
0	0.037131796133034
0	0.037131796133034
0	0.037131796133034
0	0.0431575488607489
0	0.037131796133034
0	0.037131796133034
0	0.037131796133034
0	0.037131796133034
0	0.037131796133034
0	0.037131796133034
0	0.037131796133034
0	0.037131796133034
0	0.037131796133034
0	0.037131796133034
0	0.037131796133034
0	0.037131796133034
0	0.037131796133034
0	0.404035273497359
0	0.037131796133034
0	0.037131796133034
0	0.037131796133034
0	0.037131796133034
0	0.037131796133034
0	0.037131796133034
0	0.037131796133034
0	0.037131796133034
0	0.14389147979711
0	0.0378705001222286
0	0.037131796133034
0	0.037131796133034
0	0.0652974524854574
0	0.0503813432218776
0	0.037131796133034
0	0.0505592791156257
0	0.037131796133034
0	0.037131796133034
0	0.037131796133034
0	0.037131796133034
0	0.0513536291654736
0	0.037131796133034
0	0.037131796133034
0	0.037131796133034
0	0.037131796133034
0	0.037131796133034
0	0.037131796133034
0	0.037131796133034
0	0.0486088711203073
0	0.037131796133034
0	0.037131796133034
0	0.037131796133034
0	0.0378705001222286
0	0.037131796133034
0	0.037131796133034
0	0.0475558313877752
0	0.037131796133034
0	0.0445302290279094
0	0.037131796133034
0	0.0950319850740677
0	0.037131796133034
0	0.0486088711203073
0	0.037131796133034
0	0.037131796133034
0	0.0458241684504148
0	0.037131796133034
0	0.037131796133034
0	0.037131796133034
0	0.037131796133034
0	0.0431575488607489
0	0.037131796133034
0	0.037131796133034
0	0.037131796133034
0	0.0431575488607489
0	0.037131796133034
0	0.0431575488607489
0	0.037131796133034
0	0.037131796133034
0	0.037131796133034
0	0.037131796133034
0	0.037131796133034
0	0.037131796133034
0	0.037131796133034
0	0.037131796133034
0	0.037131796133034
0	0.0479730469645841
0	0.037131796133034
0	0.037131796133034
0	0.037131796133034
0	0.037131796133034
0	0.037131796133034
0	0.037131796133034
0	0.037131796133034
0	0.037131796133034
0	0.037131796133034
0	0.037131796133034
0	0.037131796133034
0	0.037131796133034
0	0.037131796133034
0	0.037131796133034
0	0.037131796133034
0	0.037131796133034
0	0.037131796133034
0	0.037131796133034
0	0.037131796133034
0	0.193135381996287
0	0.037131796133034
0	0.037131796133034
0	0.037131796133034
0	0.037131796133034
0	0.037131796133034
0	0.037131796133034
0	0.037131796133034
0	0.0439007124978831
0	0.037131796133034
0	0.037131796133034
0	0.037131796133034
0	0.037131796133034
0	0.0620611449397461
0	0.372044132759334
0	0.684629469425774
0	0.0378872652105283
0	0.037131796133034
0	0.037131796133034
0	0.037131796133034
0	0.037131796133034
0	0.037131796133034
0	0.037131796133034
0	0.037131796133034
0	0.037131796133034
0	0.037131796133034
0	0.037131796133034
0	0.037131796133034
0	0.037131796133034
0	0.037131796133034
0	0.037131796133034
0	0.037131796133034
0	0.037131796133034
0	0.037131796133034
0	0.037131796133034
0	0.0551161995275315
0	0.747990425783419
0	0.037131796133034
0	0.037131796133034
0	0.0431575488607489
0	0.037131796133034
0	0.037131796133034
0	0.037131796133034
0	0.037131796133034
0	0.037131796133034
0	0.037131796133034
0	0.037131796133034
0	0.037131796133034
0	0.037131796133034
0	0.037131796133034
0	0.037131796133034
0	0.037131796133034
0	0.037131796133034
0	0.037131796133034
0	0.037131796133034
0	0.0569220394297572
0	0.115552775013787
0	0.0475558313877752
0	0.037131796133034
0	0.037131796133034
0	0.037131796133034
0	0.037131796133034
0	0.037131796133034
0	0.037131796133034
0	0.037131796133034
0	0.037131796133034
0	0.037131796133034
0	0.037131796133034
0	0.037131796133034
0	0.0953493178537032
0	0.037131796133034
0	0.0440106505089295
0	0.0431575488607489
0	0.037131796133034
0	0.037131796133034
0	0.037131796133034
0	0.037131796133034
0	0.037131796133034
0	0.037131796133034
0	0.037131796133034
0	0.037131796133034
0	0.0620317368397694
0	0.037131796133034
0	0.037131796133034
0	0.037131796133034
0	0.037131796133034
0	0.037131796133034
0	0.037131796133034
0	0.037131796133034
0	0.037131796133034
0	0.037131796133034
0	0.037131796133034
0	0.037131796133034
0	0.0486240060600699
0	0.039012543776182
0	0.0431575488607489
0	0.037131796133034
0	0.505694119802035
0	0.037131796133034
0	0.037131796133034
0	0.037131796133034
0	0.037131796133034
0	0.037131796133034
0	0.037131796133034
0	0.0458241684504148
0	0.037131796133034
0	0.037131796133034
0	0.0378705001222286
0	0.037131796133034
0	0.0431575488607489
0	0.037131796133034
0	0.037131796133034
0	0.037131796133034
0	0.037131796133034
0	0.037131796133034
0	0.037131796133034
0	0.037131796133034
0	0.037131796133034
0	0.037131796133034
0	0.037131796133034
0	0.037131796133034
0	0.037131796133034
0	0.037131796133034
0	0.037131796133034
0	0.037131796133034
0	0.037131796133034
0	0.037131796133034
0	0.0378705001222286
0	0.037131796133034
0	0.0378705001222286
0	0.037131796133034
0	0.037131796133034
0	0.037131796133034
0	0.0935135760666962
0	0.037131796133034
0	0.037131796133034
0	0.0378872652105283
0	0.037131796133034
0	0.037131796133034
0	0.0387600610650869
0	0.037131796133034
0	0.037131796133034
0	0.0378872652105283
0	0.037131796133034
0	0.164159175561967
0	0.037131796133034
0	0.037131796133034
0	0.0440106505089295
0	0.037131796133034
0	0.037131796133034
0	0.037131796133034
0	0.0410550515544091
0	0.037131796133034
0	0.037131796133034
0	0.037131796133034
0	0.037131796133034
0	0.037131796133034
0	0.711704073028196
0	0.037131796133034
0	0.037131796133034
0	0.037131796133034
0	0.037131796133034
0	0.037131796133034
0	0.0928975381220099
0	0.037131796133034
0	0.037131796133034
0	0.037131796133034
0	0.0433927283262955
0	0.0479730469645841
0	0.037131796133034
0	0.0458241684504148
0	0.037131796133034
0	0.037131796133034
0	0.0378705001222286
0	0.037131796133034
0	0.037131796133034
0	0.037131796133034
0	0.037131796133034
0	0.037131796133034
0	0.037131796133034
0	0.037131796133034
0	0.187545802150746
0	0.037131796133034
0	0.037131796133034
0	0.037131796133034
0	0.037131796133034
0	0.037131796133034
0	0.037131796133034
0	0.037131796133034
0	0.037131796133034
0	0.037131796133034
0	0.037131796133034
0	0.037131796133034
0	0.037131796133034
0	0.037131796133034
0	0.0475672778293769
0	0.037131796133034
0	0.0418684113786168
0	0.037131796133034
0	0.037131796133034
0	0.037131796133034
0	0.037131796133034
0	0.037131796133034
0	0.037131796133034
0	0.037131796133034
0	0.0458241684504148
0	0.037131796133034
0	0.037131796133034
0	0.037131796133034
0	0.037131796133034
0	0.037131796133034
0	0.037131796133034
0	0.037131796133034
0	0.037131796133034
0	0.037131796133034
0	0.037131796133034
0	0.037131796133034
0	0.037131796133034
0	0.037131796133034
0	0.037131796133034
0	0.037131796133034
0	0.0410550515544091
0	0.037131796133034
0	0.0410550515544091
0	0.037131796133034
0	0.21746926054816
0	0.037131796133034
0	0.037131796133034
0	0.037131796133034
0	0.037131796133034
0	0.037131796133034
0	0.037131796133034
0	0.037131796133034
0	0.037131796133034
0	0.0410550515544091
0	0.037131796133034
0	0.0525741970136557
0	0.037131796133034
0	0.037131796133034
0	0.037131796133034
0	0.037131796133034
0	0.037131796133034
0	0.116010515525224
0	0.037131796133034
0	0.037131796133034
0	0.037131796133034
0	0.294958310597607
0	0.037131796133034
0	0.037131796133034
0	0.037131796133034
0	0.037131796133034
0	0.037131796133034
0	0.037131796133034
0	0.037131796133034
0	0.037131796133034
0	0.037131796133034
0	0.0523925518059016
0	0.037131796133034
0	0.037131796133034
0	0.037131796133034
0	0.037131796133034
0	0.048957429305544
0	0.037131796133034
0	0.037131796133034
0	0.037131796133034
0	0.037131796133034
0	0.037131796133034
0	0.0378705001222286
0	0.037131796133034
0	0.037131796133034
0	0.0502563278998264
0	0.037131796133034
0	0.037131796133034
0	0.0410550515544091
0	0.037131796133034
0	0.037131796133034
0	0.037131796133034
0	0.037131796133034
0	0.037131796133034
0	0.037131796133034
0	0.037131796133034
0	0.037131796133034
0	0.037131796133034
0	0.037131796133034
0	0.037131796133034
0	0.0431575488607489
0	0.037131796133034
0	0.037131796133034
0	0.158778862075157
0	0.037131796133034
0	0.037131796133034
0	0.037131796133034
0	0.037131796133034
0	0.037131796133034
0	0.0430496459223156
0	0.0509210744784784
0	0.037131796133034
0	0.037131796133034
0	0.037131796133034
0	0.037131796133034
0	0.037131796133034
0	0.037131796133034
0	0.037131796133034
0	0.0431575488607489
0	0.641779778808252
0	0.037131796133034
0	0.037131796133034
0	0.0412389214904879
0	0.037131796133034
0	0.037131796133034
0	0.037131796133034
0	0.037131796133034
0	0.101896261524852
0	0.037131796133034
0	0.037131796133034
0	0.037131796133034
0	0.037131796133034
0	0.037131796133034
0	0.037131796133034
0	0.037131796133034
0	0.037131796133034
0	0.037131796133034
0	0.037131796133034
0	0.037131796133034
0	0.037131796133034
0	0.037131796133034
0	0.037131796133034
0	0.037131796133034
0	0.037131796133034
0	0.037131796133034
0	0.037131796133034
0	0.037131796133034
0	0.037131796133034
0	0.037131796133034
0	0.037131796133034
0	0.037131796133034
0	0.370624247079209
0	0.037131796133034
0	0.037131796133034
0	0.0523925518059016
0	0.037131796133034
0	0.037131796133034
0	0.037131796133034
0	0.0656852898215573
0	0.037131796133034
0	0.037131796133034
0	0.037131796133034
0	0.037131796133034
0	0.037131796133034
0	0.037131796133034
0	0.037131796133034
0	0.037131796133034
0	0.037131796133034
0	0.53272609509962
0	0.037131796133034
0	0.037131796133034
0	0.037131796133034
0	0.037131796133034
0	0.0601065541067422
0	0.0512443942758588
0	0.037131796133034
0	0.037131796133034
0	0.037131796133034
0	0.037131796133034
0	0.037131796133034
0	0.037131796133034
0	0.037131796133034
0	0.037131796133034
0	0.044023191903214
0	0.037131796133034
0	0.037131796133034
0	0.037131796133034
0	0.037131796133034
0	0.037131796133034
0	0.037131796133034
0	0.0499113789562003
0	0.037131796133034
0	0.037131796133034
0	0.067622558047644
0	0.037131796133034
0	0.037131796133034
0	0.037131796133034
0	0.306108726430759
0	0.037131796133034
0	0.037131796133034
0	0.037131796133034
0	0.037131796133034
0	0.0410550515544091
0	0.0440106505089295
0	0.037131796133034
0	0.037131796133034
0	0.037131796133034
0	0.037131796133034
0	0.037131796133034
0	0.0431575488607489
0	0.037131796133034
0	0.203727772808562
0	0.037131796133034
0	0.0375367121574418
0	0.037131796133034
0	0.037131796133034
0	0.037131796133034
0	0.037131796133034
0	0.037131796133034
0	0.037131796133034
0	0.037131796133034
0	0.037131796133034
0	0.037131796133034
0	0.037131796133034
0	0.037131796133034
0	0.037131796133034
0	0.037131796133034
0	0.037131796133034
0	0.037131796133034
0	0.037131796133034
0	0.037131796133034
0	0.037131796133034
0	0.037131796133034
0	0.037131796133034
0	0.366743494808554
0	0.037131796133034
0	0.037131796133034
0	0.037131796133034
0	0.037131796133034
0	0.037131796133034
0	0.037131796133034
0	0.037131796133034
0	0.037131796133034
0	0.037131796133034
0	0.037131796133034
0	0.037131796133034
0	0.037131796133034
0	0.037131796133034
0	0.037131796133034
0	0.047685939852274
0	0.037131796133034
0	0.037131796133034
0	0.325058942145789
0	0.037131796133034
0	0.037131796133034
0	0.037131796133034
0	0.037131796133034
0	0.037131796133034
0	0.037131796133034
0	0.037131796133034
0	0.037131796133034
0	0.037131796133034
0	0.037131796133034
0	0.340611608329484
0	0.037131796133034
0	0.037131796133034
0	0.0523925518059016
0	0.037131796133034
0	0.0378872652105283
0	0.037131796133034
0	0.037131796133034
0	0.037131796133034
0	0.037131796133034
0	0.037131796133034
0	0.037131796133034
0	0.037131796133034
0	0.0392552272118128
0	0.037131796133034
0	0.037131796133034
0	0.037131796133034
0	0.0378705001222286
0	0.037131796133034
0	0.037131796133034
0	0.037131796133034
0	0.037131796133034
0	0.037131796133034
0	0.037131796133034
0	0.037131796133034
0	0.037131796133034
0	0.037131796133034
0	0.037131796133034
0	0.037131796133034
0	0.037131796133034
0	0.037131796133034
0	0.037131796133034
0	0.0759982111776886
0	0.046788269615148
0	0.037131796133034
0	0.037131796133034
0	0.0499191968219494
0	0.037131796133034
0	0.037131796133034
0	0.037131796133034
0	0.037131796133034
0	0.037131796133034
0	0.037131796133034
0	0.037131796133034
0	0.037131796133034
0	0.037131796133034
0	0.037131796133034
0	0.037131796133034
0	0.037131796133034
0	0.037131796133034
0	0.0378872652105283
0	0.484738191172115
0	0.037131796133034
0	0.037131796133034
0	0.037131796133034
0	0.037131796133034
0	0.037131796133034
0	0.037131796133034
0	0.037131796133034
0	0.0431575488607489
0	0.037131796133034
0	0.037131796133034
0	0.037131796133034
0	0.037131796133034
0	0.037131796133034
0	0.0846879869583052
0	0.037131796133034
0	0.037131796133034
0	0.037131796133034
0	0.037131796133034
0	0.037131796133034
0	0.037131796133034
0	0.037131796133034
0	0.037131796133034
0	0.037131796133034
0	0.0458241684504148
0	0.037131796133034
0	0.037131796133034
0	0.037131796133034
0	0.037131796133034
0	0.037131796133034
0	0.0445158502549243
0	0.037131796133034
0	0.745236270939367
0	0.0550071872826038
0	0.0410550515544091
0	0.037131796133034
0	0.037131796133034
0	0.037131796133034
0	0.037131796133034
0	0.037131796133034
0	0.0417844427201792
0	0.037131796133034
0	0.037131796133034
0	0.037131796133034
0	0.037131796133034
0	0.037131796133034
0	0.037131796133034
0	0.037131796133034
0	0.0485702504348294
0	0.037131796133034
0	0.037131796133034
0	0.037131796133034
0	0.037131796133034
0	0.037131796133034
0	0.037131796133034
0	0.0452826294652769
0	0.037131796133034
0	0.037131796133034
0	0.037131796133034
0	0.037131796133034
0	0.037131796133034
0	0.037131796133034
0	0.037131796133034
0	0.0452826294652769
0	0.037131796133034
0	0.037131796133034
0	0.037131796133034
0	0.037131796133034
0	0.037131796133034
0	0.037131796133034
0	0.037131796133034
0	0.037131796133034
0	0.037131796133034
0	0.037131796133034
0	0.162699646244562
0	0.037131796133034
0	0.0378705001222286
0	0.0410550515544091
0	0.037131796133034
0	0.037131796133034
0	0.037131796133034
0	0.037131796133034
0	0.037131796133034
0	0.037131796133034
0	0.037131796133034
0	0.037131796133034
0	0.037131796133034
0	0.037131796133034
0	0.037131796133034
0	0.227245888534255
0	0.037131796133034
0	0.037131796133034
0	0.0430496459223156
0	0.037131796133034
0	0.0868427257719013
0	0.037131796133034
0	0.037131796133034
0	0.037131796133034
0	0.037131796133034
0	0.037131796133034
0	0.0922028260019712
0	0.037131796133034
0	0.037131796133034
0	0.037131796133034
0	0.181827182942837
0	0.037131796133034
0	0.037131796133034
0	0.037131796133034
0	0.037131796133034
0	0.037131796133034
0	0.037131796133034
0	0.037131796133034
0	0.037131796133034
0	0.037131796133034
0	0.037131796133034
0	0.194259739740477
0	0.0431575488607489
0	0.0810040147250704
0	0.037131796133034
0	0.037131796133034
0	0.037131796133034
0	0.037131796133034
0	0.206133241176172
0	0.037131796133034
0	0.0486088711203073
0	0.037131796133034
0	0.037131796133034
0	0.037131796133034
0	0.037131796133034
0	0.037131796133034
0	0.037131796133034
0	0.037131796133034
0	0.037131796133034
0	0.037131796133034
0	0.037131796133034
0	0.0378872652105283
0	0.037131796133034
0	0.037131796133034
0	0.037131796133034
0	0.037131796133034
0	0.037131796133034
0	0.0417844427201792
0	0.037131796133034
0	0.232832448898619
0	0.037131796133034
0	0.037131796133034
0	0.037131796133034
0	0.037131796133034
0	0.037131796133034
0	0.037131796133034
0	0.037131796133034
0	0.037131796133034
0	0.037131796133034
0	0.037131796133034
0	0.037131796133034
0	0.037131796133034
0	0.037131796133034
0	0.037131796133034
0	0.037131796133034
0	0.037131796133034
0	0.037131796133034
0	0.037131796133034
0	0.037131796133034
0	0.037131796133034
0	0.037131796133034
0	0.037131796133034
0	0.037131796133034
0	0.037131796133034
0	0.0515640531907833
0	0.037131796133034
0	0.547397310683609
0	0.037131796133034
0	0.037131796133034
0	0.0638668792424719
0	0.037131796133034
0	0.037131796133034
0	0.037131796133034
0	0.0534180118518721
0	0.037131796133034
0	0.037131796133034
0	0.037131796133034
0	0.037131796133034
0	0.037131796133034
0	0.037131796133034
0	0.0410550515544091
0	0.037131796133034
0	0.037131796133034
0	0.037131796133034
0	0.037131796133034
0	0.112273790944144
0	0.037131796133034
0	0.037131796133034
0	0.037131796133034
0	0.037131796133034
0	0.037131796133034
0	0.037131796133034
0	0.037131796133034
0	0.039012543776182
0	0.037131796133034
0	0.0431575488607489
0	0.037131796133034
0	0.037131796133034
0	0.037131796133034
0	0.037131796133034
0	0.037131796133034
0	0.0772406431891056
0	0.0495641480767893
0	0.037131796133034
0	0.0410550515544091
0	0.037131796133034
0	0.323604041067987
0	0.037131796133034
0	0.037131796133034
0	0.037131796133034
0	0.0462230902052925
0	0.0378705001222286
0	0.037131796133034
0	0.037131796133034
0	0.037131796133034
0	0.0450376893736514
0	0.703961074682056
0	0.037131796133034
0	0.037131796133034
0	0.037131796133034
0	0.037131796133034
0	0.037131796133034
0	0.037131796133034
0	0.037131796133034
0	0.198210618689416
0	0.037131796133034
0	0.037131796133034
0	0.048503128636486
0	0.0410550515544091
0	0.0887037106968505
0	0.037131796133034
0	0.0594801638784085
0	0.037131796133034
0	0.037131796133034
0	0.037131796133034
0	0.037131796133034
0	0.037131796133034
0	0.037131796133034
0	0.0428476992800892
0	0.0963732702848531
0	0.037131796133034
0	0.0410550515544091
0	0.037131796133034
0	0.363018628261913
0	0.039012543776182
0	0.037131796133034
0	0.037131796133034
0	0.0484914684603414
0	0.0737193882804492
0	0.037131796133034
0	0.037131796133034
0	0.037131796133034
0	0.037131796133034
0	0.037131796133034
0	0.037131796133034
0	0.037131796133034
0	0.037131796133034
0	0.037131796133034
0	0.037131796133034
0	0.037131796133034
0	0.0873552698290356
0	0.037131796133034
0	0.037131796133034
0	0.037131796133034
0	0.037131796133034
0	0.037131796133034
0	0.037131796133034
0	0.037131796133034
0	0.037131796133034
0	0.037131796133034
0	0.037131796133034
0	0.037131796133034
0	0.037131796133034
0	0.037131796133034
0	0.037131796133034
0	0.037131796133034
0	0.0430392374645037
0	0.037131796133034
0	0.037131796133034
0	0.037131796133034
0	0.0431575488607489
0	0.037131796133034
0	0.037131796133034
0	0.037131796133034
0	0.0436949557815063
0	0.037131796133034
0	0.037131796133034
0	0.037131796133034
0	0.037131796133034
0	0.383588113122812
0	0.0486088711203073
0	0.037131796133034
0	0.037131796133034
0	0.037131796133034
0	0.037131796133034
0	0.037131796133034
0	0.037131796133034
0	0.037131796133034
0	0.037131796133034
0	0.037131796133034
0	0.103236288697722
0	0.037131796133034
0	0.037131796133034
0	0.037131796133034
0	0.037131796133034
0	0.0515640531907833
0	0.037131796133034
0	0.037131796133034
0	0.0431575488607489
0	0.037131796133034
0	0.037131796133034
0	0.0582866527682072
0	0.037131796133034
0	0.037131796133034
0	0.037131796133034
0	0.037131796133034
0	0.037131796133034
0	0.0499191968219494
0	0.037131796133034
0	0.037131796133034
0	0.0431575488607489
0	0.037131796133034
0	0.037131796133034
0	0.037131796133034
0	0.037131796133034
0	0.037131796133034
0	0.0524123778776972
0	0.0486088711203073
0	0.0410550515544091
0	0.037131796133034
0	0.037131796133034
0	0.0860551966604943
0	0.037131796133034
0	0.037131796133034
0	0.0431575488607489
0	0.037131796133034
0	0.037131796133034
0	0.037131796133034
0	0.037131796133034
0	0.102711594276839
0	0.037131796133034
0	0.037131796133034
0	0.037131796133034
0	0.037131796133034
0	0.037131796133034
0	0.037131796133034
0	0.037131796133034
0	0.037131796133034
0	0.0830646869151643
0	0.037131796133034
0	0.037131796133034
0	0.037131796133034
0	0.037131796133034
0	0.037131796133034
0	0.202171380498912
0	0.037131796133034
0	0.037131796133034
0	0.037131796133034
0	0.037131796133034
0	0.037131796133034
0	0.037131796133034
0	0.037131796133034
0	0.037131796133034
0	0.037131796133034
0	0.037131796133034
0	0.037131796133034
0	0.037131796133034
0	0.037131796133034
0	0.037131796133034
0	0.037131796133034
0	0.037131796133034
0	0.037131796133034
0	0.037131796133034
0	0.0598394561866472
0	0.037131796133034
0	0.0499191968219494
0	0.037131796133034
0	0.037131796133034
0	0.037131796133034
0	0.037131796133034
0	0.039012543776182
0	0.037131796133034
0	0.0409726443632782
0	0.037131796133034
0	0.037131796133034
0	0.037131796133034
0	0.0397871174881546
0	0.037131796133034
0	0.037131796133034
0	0.070367548823137
0	0.037131796133034
0	0.037131796133034
0	0.037131796133034
0	0.148937280831836
0	0.037131796133034
0	0.037131796133034
0	0.037131796133034
0	0.037131796133034
0	0.037131796133034
0	0.037131796133034
0	0.037131796133034
0	0.037131796133034
0	0.037131796133034
0	0.425203931747489
0	0.0574869705035952
0	0.039012543776182
0	0.037131796133034
0	0.0440106505089295
0	0.037131796133034
0	0.037131796133034
0	0.037131796133034
0	0.037131796133034
0	0.037131796133034
0	0.037131796133034
0	0.037131796133034
0	0.037131796133034
0	0.037131796133034
0	0.037131796133034
0	0.037131796133034
0	0.037131796133034
0	0.037131796133034
0	0.0781201910799653
0	0.037131796133034
0	0.037131796133034
0	0.037131796133034
0	0.037131796133034
0	0.037131796133034
0	0.037131796133034
0	0.037131796133034
0	0.037131796133034
0	0.037131796133034
0	0.037131796133034
0	0.037131796133034
0	0.037131796133034
0	0.037131796133034
0	0.037131796133034
0	0.037131796133034
0	0.0378705001222286
0	0.246519950615019
0	0.037131796133034
0	0.037131796133034
0	0.037131796133034
0	0.0486088711203073
0	0.037131796133034
0	0.037131796133034
0	0.037131796133034
0	0.0523925518059016
0	0.037131796133034
0	0.037131796133034
0	0.037131796133034
0	0.0515640531907833
0	0.037131796133034
0	0.0387600610650869
0	0.037131796133034
0	0.037131796133034
0	0.037131796133034
0	0.037131796133034
0	0.037131796133034
0	0.037131796133034
0	0.0486088711203073
0	0.037131796133034
0	0.037131796133034
0	0.037131796133034
0	0.037131796133034
0	0.037131796133034
0	0.037131796133034
0	0.0467274073975495
0	0.037131796133034
0	0.037131796133034
0	0.037131796133034
0	0.037131796133034
0	0.037131796133034
0	0.614554764853986
0	0.037131796133034
0	0.0433927283262955
0	0.037131796133034
0	0.037131796133034
0	0.037131796133034
0	0.037131796133034
0	0.037131796133034
0	0.037131796133034
0	0.037131796133034
0	0.037131796133034
0	0.037131796133034
0	0.037131796133034
0	0.037131796133034
0	0.037131796133034
0	0.037131796133034
0	0.037131796133034
0	0.647110548136458
0	0.037131796133034
0	0.037131796133034
0	0.037131796133034
0	0.037131796133034
0	0.037131796133034
0	0.037131796133034
0	0.0431575488607489
0	0.037131796133034
0	0.037131796133034
0	0.037131796133034
0	0.037131796133034
0	0.037131796133034
0	0.037131796133034
0	0.037131796133034
0	0.037131796133034
0	0.037131796133034
0	0.037131796133034
0	0.037131796133034
0	0.037131796133034
0	0.037131796133034
0	0.037131796133034
0	0.037131796133034
0	0.037131796133034
0	0.037131796133034
0	0.037131796133034
0	0.0486088711203073
0	0.037131796133034
0	0.0614141064818247
0	0.037131796133034
0	0.037131796133034
0	0.037131796133034
0	0.037131796133034
0	0.037131796133034
0	0.0614141064818247
0	0.037131796133034
0	0.0601486386350777
0	0.0551161995275315
0	0.037131796133034
0	0.037131796133034
0	0.037131796133034
0	0.037131796133034
0	0.037131796133034
0	0.037131796133034
0	0.037131796133034
0	0.111304243781581
0	0.037131796133034
0	0.0387600610650869
0	0.037131796133034
0	0.0737193882804492
0	0.037131796133034
0	0.037131796133034
0	0.037131796133034
0	0.037131796133034
0	0.037131796133034
0	0.037131796133034
0	0.037131796133034
0	0.037131796133034
0	0.037131796133034
0	0.037131796133034
0	0.037131796133034
0	0.037131796133034
0	0.037131796133034
0	0.037131796133034
0	0.037131796133034
0	0.0418684113786168
0	0.130639562799976
0	0.0858229060207152
0	0.037131796133034
0	0.037131796133034
0	0.037131796133034
0	0.037131796133034
0	0.037131796133034
0	0.037131796133034
0	0.037131796133034
0	0.037131796133034
0	0.037131796133034
0	0.037131796133034
0	0.037131796133034
0	0.067722521846852
0	0.037131796133034
0	0.037131796133034
0	0.037131796133034
0	0.037131796133034
0	0.037131796133034
0	0.037131796133034
0	0.457782579317181
0	0.037131796133034
0	0.037131796133034
0	0.037131796133034
0	0.0458241684504148
0	0.037131796133034
0	0.037131796133034
0	0.037131796133034
0	0.037131796133034
0	0.037131796133034
0	0.0440106505089295
0	0.0378705001222286
0	0.0387600610650869
0	0.037131796133034
0	0.037131796133034
0	0.0563880521876945
0	0.0378705001222286
0	0.037131796133034
0	0.037131796133034
0	0.037131796133034
0	0.037131796133034
0	0.037131796133034
0	0.117153238556734
0	0.037131796133034
0	0.037131796133034
0	0.037131796133034
0	0.037131796133034
0	0.037131796133034
0	0.037131796133034
0	0.037131796133034
0	0.037131796133034
0	0.037131796133034
0	0.0562529717668791
0	0.037131796133034
0	0.0643860189765392
0	0.0486088711203073
0	0.037131796133034
0	0.037131796133034
0	0.037131796133034
0	0.037131796133034
0	0.037131796133034
0	0.037131796133034
0	0.037131796133034
0	0.0409726443632782
0	0.037131796133034
0	0.037131796133034
0	0.037131796133034
0	0.037131796133034
0	0.037131796133034
0	0.0436949557815063
0	0.0387600610650869
0	0.037131796133034
0	0.0431256142303619
0	0.037131796133034
0	0.037131796133034
0	0.037131796133034
0	0.037131796133034
0	0.037131796133034
0	0.05161016904447
0	0.037131796133034
0	0.037131796133034
0	0.0486088711203073
0	0.037131796133034
0	0.037131796133034
0	0.037131796133034
0	0.037131796133034
0	0.037131796133034
0	0.037131796133034
0	0.0430496459223156
0	0.037131796133034
0	0.037131796133034
0	0.037131796133034
0	0.037131796133034
0	0.037131796133034
0	0.037131796133034
0	0.037131796133034
0	0.037131796133034
0	0.037131796133034
0	0.037131796133034
0	0.037131796133034
0	0.039012543776182
0	0.037131796133034
0	0.037131796133034
0	0.037131796133034
0	0.0410550515544091
0	0.037131796133034
0	0.037131796133034
0	0.037131796133034
0	0.037131796133034
0	0.0410550515544091
0	0.037131796133034
0	0.037131796133034
0	0.0439781136356126
0	0.0928682210118958
0	0.037131796133034
0	0.0535708377906726
0	0.037131796133034
0	0.037131796133034
0	0.037131796133034
0	0.037131796133034
0	0.037131796133034
0	0.037131796133034
0	0.037131796133034
0	0.037131796133034
0	0.037131796133034
0	0.037131796133034
0	0.037131796133034
0	0.393396716445483
0	0.037131796133034
0	0.037131796133034
0	0.037131796133034
0	0.037131796133034
0	0.037131796133034
0	0.349968035837468
0	0.037131796133034
0	0.037131796133034
0	0.037131796133034
0	0.037131796133034
0	0.39722061210328
0	0.037131796133034
0	0.037131796133034
0	0.037131796133034
0	0.135950099108262
0	0.037131796133034
0	0.037131796133034
0	0.037131796133034
0	0.0696125353977498
0	0.037131796133034
0	0.037131796133034
0	0.037131796133034
0	0.0409726443632782
0	0.0487551429338655
0	0.037131796133034
0	0.037131796133034
0	0.037131796133034
0	0.037131796133034
0	0.037131796133034
0	0.037131796133034
0	0.037131796133034
0	0.0467274073975495
0	0.037131796133034
0	0.0430496459223156
0	0.037131796133034
0	0.037131796133034
0	0.037131796133034
0	0.037131796133034
0	0.037131796133034
0	0.037131796133034
0	0.150017711160226
0	0.037131796133034
0	0.037131796133034
0	0.037131796133034
0	0.037131796133034
0	0.215714188595012
0	0.037131796133034
0	0.037131796133034
0	0.037131796133034
0	0.037131796133034
0	0.037131796133034
0	0.037131796133034
0	0.037131796133034
0	0.037131796133034
0	0.037131796133034
0	0.037131796133034
0	0.037131796133034
0	0.037131796133034
0	0.037131796133034
0	0.037131796133034
0	0.037131796133034
0	0.037131796133034
0	0.0431575488607489
0	0.037131796133034
0	0.037131796133034
0	0.037131796133034
0	0.037131796133034
0	0.037131796133034
0	0.037131796133034
0	0.70151557377467
0	0.037131796133034
0	0.037131796133034
0	0.037131796133034
0	0.0431575488607489
0	0.037131796133034
0	0.101896261524852
0	0.037131796133034
0	0.037131796133034
0	0.037131796133034
0	0.037131796133034
0	0.037131796133034
0	0.037131796133034
0	0.037131796133034
0	0.037131796133034
0	0.037131796133034
0	0.037131796133034
0	0.037131796133034
0	0.037131796133034
0	0.037131796133034
0	0.037131796133034
0	0.0607613828119321
0	0.037131796133034
0	0.037131796133034
0	0.037131796133034
0	0.037131796133034
0	0.037131796133034
0	0.037131796133034
0	0.037131796133034
0	0.037131796133034
0	0.0774096812432879
0	0.037131796133034
0	0.037131796133034
0	0.037131796133034
0	0.037131796133034
0	0.037131796133034
0	0.037131796133034
0	0.037131796133034
0	0.037131796133034
0	0.037131796133034
0	0.037131796133034
0	0.037131796133034
0	0.037131796133034
0	0.037131796133034
0	0.037131796133034
0	0.037131796133034
0	0.037131796133034
0	0.037131796133034
0	0.037131796133034
0	0.037131796133034
0	0.037131796133034
0	0.037131796133034
0	0.037131796133034
0	0.037131796133034
0	0.037131796133034
0	0.037131796133034
0	0.037131796133034
0	0.037131796133034
0	0.037131796133034
0	0.037131796133034
0	0.037131796133034
0	0.037131796133034
0	0.037131796133034
0	0.037131796133034
0	0.037131796133034
0	0.0486088711203073
0	0.037131796133034
0	0.037131796133034
0	0.0409726443632782
0	0.037131796133034
0	0.0507139092061573
0	0.037131796133034
0	0.037131796133034
0	0.039012543776182
0	0.561809655393465
0	0.037131796133034
0	0.037131796133034
0	0.037131796133034
0	0.037131796133034
0	0.037131796133034
0	0.037131796133034
0	0.037131796133034
0	0.037131796133034
0	0.037131796133034
0	0.037131796133034
0	0.037131796133034
0	0.0512443942758588
0	0.037131796133034
0	0.037131796133034
0	0.037131796133034
0	0.037131796133034
0	0.037131796133034
0	0.037131796133034
0	0.037131796133034
0	0.037131796133034
0	0.037131796133034
0	0.037131796133034
0	0.037131796133034
0	0.0409726443632782
0	0.037131796133034
0	0.037131796133034
0	0.037131796133034
0	0.037131796133034
0	0.037131796133034
0	0.037131796133034
0	0.0378705001222286
0	0.037131796133034
0	0.0378705001222286
0	0.0397871174881546
0	0.037131796133034
0	0.0475672778293769
0	0.037131796133034
0	0.037131796133034
0	0.037131796133034
0	0.037131796133034
0	0.037131796133034
0	0.037131796133034
0	0.0714654833155015
0	0.037131796133034
0	0.037131796133034
0	0.0619167415987013
0	0.037131796133034
0	0.037131796133034
0	0.037131796133034
0	0.218694454911705
0	0.037131796133034
0	0.037131796133034
0	0.037131796133034
0	0.037131796133034
0	0.037131796133034
0	0.673408471538016
0	0.037131796133034
