1	0.9197317427933
1	0.728506836104363
1	0.98157162386428
1	0.881192089120509
1	0.0277901180900928
1	0.0227530505574354
1	0.961228460442088
1	0.0194314465520723
1	0.893815591641728
1	0.941605548565266
1	0.906869758507415
1	0.982380301000789
1	0.961886496052896
1	0.915545534544881
1	0.682417126539315
1	0.39528490731586
1	0.416738713786292
1	0.77945720858769
1	0.366655039598616
1	0.865500162530795
1	0.824222842355613
1	0.956416052810272
1	0.764303777167735
1	0.849341873719916
1	0.895530027171383
1	0.0743851800446808
1	0.114834801949289
1	0.0194314465520723
1	0.91049870078084
1	0.0194314465520723
1	0.895157643773419
1	0.683737411389142
1	0.979322000738374
1	0.859545892809034
1	0.687104290215106
1	0.938501611594431
1	0.82302754394849
1	0.0237968586625343
1	0.707154428029695
1	0.0769591998149255
1	0.354635040055851
1	0.794534209916532
1	0.295540884819037
1	0.0194314465520723
1	0.927420972345585
1	0.0197045609555231
1	0.0194314465520723
1	0.901885231842675
1	0.21605570702011
1	0.970308625180146
1	0.924748016257786
1	0.21600393829084
1	0.941889817595255
1	0.0194314465520723
1	0.247801379974244
1	0.446871066327934
1	0.973436544608581
1	0.654796825720765
1	0.0194314465520723
1	0.942993164815629
1	0.247626443605804
1	0.0296287811370678
1	0.0194314465520723
1	0.791997407934118
1	0.619212968155006
1	0.831997945875991
1	0.791901442760131
1	0.892456400140509
1	0.976199035493025
1	0.901331674329213
1	0.650354899807036
1	0.650213777659041
1	0.896845432629475
1	0.881129822272767
1	0.959124428250494
1	0.839428114954424
1	0.962199918091496
1	0.874546037560829
1	0.110988945339255
1	0.656632755456026
1	0.971368256763826
1	0.969732574884931
1	0.0237968586625343
1	0.459866839239037
1	0.754594929710719
1	0.0292844562727807
1	0.0194314465520723
1	0.844195100782194
1	0.498546808698557
1	0.926059553138613
1	0.990302825192566
1	0.952239956155235
1	0.964288019245153
1	0.752474721179546
1	0.0194314465520723
1	0.0194314465520723
1	0.940910191273943
1	0.537626306696173
1	0.976143931326847
1	0.696397357362966
1	0.0194314465520723
1	0.930871605964406
1	0.871519246371203
1	0.528205832052864
1	0.812499625343392
1	0.965960731397612
1	0.825777334904857
1	0.923107533609512
1	0.66457749475548
1	0.410439346505394
1	0.902620073735481
1	0.940053280605252
1	0.976434900553877
1	0.0232762756750471
1	0.847976909889889
1	0.947335560793958
1	0.0194314465520723
1	0.0194314465520723
1	0.180197547305517
1	0.0194314465520723
1	0.593523989512353
1	0.703403618582163
1	0.887939467646812
1	0.0194314465520723
1	0.839849309740062
1	0.931423121306149
1	0.701052654925606
1	0.173315125903091
1	0.100688003951176
1	0.0327717051237698
1	0.859407237130622
1	0.0194314465520723
1	0.9178959956555
1	0.269622314720541
1	0.0195692363473084
1	0.894504796992559
1	0.980268631091657
1	0.514932754551403
1	0.156328707071607
1	0.848272518302606
1	0.9473963492508
1	0.903017067754583
1	0.296638979585029
1	0.826176036509316
1	0.974118108003126
1	0.343619054819621
1	0.715322260704394
1	0.951716106381368
1	0.942897340721928
1	0.952136748545066
1	0.025324017326114
1	0.92940079164342
1	0.564642101463277
1	0.954388313124507
1	0.0557200072090318
1	0.968497226321657
1	0.796109349247329
1	0.883395462776576
1	0.0212804557327681
1	0.940007412474779
1	0.963447611992286
1	0.971106189554343
1	0.886385606862389
1	0.984369913639775
1	0.0194314465520723
1	0.952077716372246
1	0.283201247146035
1	0.965102131444587
1	0.832573218051967
1	0.89289289084935
1	0.951649852964523
1	0.847794513731885
1	0.759867163041971
1	0.945056015012242
1	0.910989394666697
1	0.0195692363473084
1	0.916403122902264
1	0.601216830098108
1	0.933819348628988
1	0.968610580676498
1	0.83143066591535
1	0.638110457267429
1	0.910101689114593
1	0.834051059140811
1	0.836194074133459
1	0.570933291288483
1	0.963975208033432
1	0.548349196637104
1	0.90382686828052
1	0.992088878782461
1	0.890639711540613
1	0.853977077215158
1	0.708788758956574
1	0.881772850511325
1	0.0194314465520723
1	0.513798812043378
1	0.0677536596523656
1	0.98585714711669
1	0.766779335748406
1	0.921707810073165
0	0.019578715861862
0	0.0194314465520723
0	0.0194314465520723
0	0.161732002459634
0	0.0198506823774731
0	0.244472685689917
0	0.0194314465520723
0	0.0234711124703802
0	0.0213666486356851
0	0.0194314465520723
0	0.0194314465520723
0	0.0194314465520723
0	0.0194314465520723
0	0.0194314465520723
0	0.0246014367504156
0	0.0194314465520723
0	0.0194314465520723
0	0.0211076149330333
0	0.0194314465520723
0	0.0194314465520723
0	0.0194314465520723
0	0.0195692363473084
0	0.0194314465520723
0	0.0337881054493658
0	0.0194314465520723
0	0.0194314465520723
0	0.0194314465520723
0	0.0209915940673529
0	0.0212804557327681
0	0.109945954728448
0	0.0217386997580296
0	0.0441676130799877
0	0.0194314465520723
0	0.0194314465520723
0	0.0212804557327681
0	0.0194314465520723
0	0.0194314465520723
0	0.0194314465520723
0	0.0194314465520723
0	0.0194314465520723
0	0.0194314465520723
0	0.023392491808015
0	0.0194314465520723
0	0.0194314465520723
0	0.86997208784522
0	0.0194314465520723
0	0.0194314465520723
0	0.0194314465520723
0	0.0194314465520723
0	0.0237968586625343
0	0.0194314465520723
0	0.0381721037756667
0	0.0194314465520723
0	0.0194314465520723
0	0.0601575090329798
0	0.0194314465520723
0	0.0274220398093071
0	0.0194314465520723
0	0.0280294775133751
0	0.0194314465520723
0	0.0684226451685678
0	0.837366371851335
0	0.0194314465520723
0	0.0194314465520723
0	0.0194314465520723
0	0.0227530505574354
0	0.0195692363473084
0	0.0194314465520723
0	0.0194314465520723
0	0.0194314465520723
0	0.0194314465520723
0	0.0198506823774731
0	0.0194314465520723
0	0.0194314465520723
0	0.179420426159713
0	0.0401741820869739
0	0.0588495452384726
0	0.0986287816829828
0	0.0194314465520723
0	0.14853450528937
0	0.0194314465520723
0	0.0194314465520723
0	0.0194314465520723
0	0.0209249077008838
0	0.0194314465520723
0	0.344049126525027
0	0.0194314465520723
0	0.0198506823774731
0	0.0194314465520723
0	0.0194314465520723
0	0.0194314465520723
0	0.0194314465520723
0	0.0194314465520723
0	0.0499052449482321
0	0.0194314465520723
0	0.0198506823774731
0	0.0194314465520723
0	0.0194314465520723
0	0.0194314465520723
0	0.0194314465520723
0	0.0195692363473084
0	0.0234711124703802
0	0.0194314465520723
0	0.0204900959970152
0	0.0483725260501704
0	0.0232762756750471
0	0.0194314465520723
0	0.0227530505574354
0	0.0642199203852406
0	0.0194314465520723
0	0.0194314465520723
0	0.0194314465520723
0	0.0231123613738172
0	0.0194314465520723
0	0.0194314465520723
0	0.0204900959970152
0	0.0194314465520723
0	0.0194314465520723
0	0.0194314465520723
0	0.0198506823774731
0	0.0194314465520723
0	0.0194314465520723
0	0.0194314465520723
0	0.0194314465520723
0	0.0238142535499501
0	0.0597841413177829
0	0.0194314465520723
0	0.0365483733067556
0	0.0194314465520723
0	0.146288294035513
0	0.0194314465520723
0	0.0194314465520723
0	0.0194314465520723
0	0.0244155969591894
0	0.0194314465520723
0	0.0285290792410206
0	0.0194314465520723
0	0.930030708760085
0	0.0589304423321494
0	0.0194314465520723
0	0.0194314465520723
0	0.0194314465520723
0	0.0194314465520723
0	0.0204830215298445
0	0.0194314465520723
0	0.0194314465520723
0	0.0248242973831009
0	0.0198506823774731
0	0.0194314465520723
0	0.0194314465520723
0	0.0232762756750471
0	0.0258123148384305
0	0.0194314465520723
0	0.0227530505574354
0	0.0311171073602054
0	0.0295662695370329
0	0.0408557568538754
0	0.0194314465520723
0	0.0194314465520723
0	0.0194314465520723
0	0.0461272582011561
0	0.0194314465520723
0	0.0215648474791857
0	0.0194314465520723
0	0.0395835357675859
0	0.0204951211927458
0	0.0320648871211056
0	0.0213666486356851
0	0.0198506823774731
0	0.0198506823774731
0	0.0204900959970152
0	0.0194314465520723
0	0.0280294775133751
0	0.0194314465520723
0	0.0194314465520723
0	0.0194314465520723
0	0.0194314465520723
0	0.0194314465520723
0	0.0194314465520723
0	0.0212804557327681
0	0.0249396314419642
0	0.0194314465520723
0	0.0194314465520723
0	0.0194314465520723
0	0.0199898523589365
0	0.0194314465520723
0	0.0262677375958859
0	0.0194314465520723
0	0.0194314465520723
0	0.0194314465520723
0	0.0194314465520723
0	0.0194314465520723
0	0.0194314465520723
0	0.0212306306120802
0	0.0194314465520723
0	0.0194314465520723
0	0.0414994809032678
0	0.109175490921977
0	0.0280294775133751
0	0.0489855770568345
0	0.0194314465520723
0	0.0324120399732276
0	0.0194314465520723
0	0.152000352647441
0	0.0194314465520723
0	0.0433296574344292
0	0.0194314465520723
0	0.0227530505574354
0	0.0187506541579544
0	0.0194314465520723
0	0.0194314465520723
0	0.0244155969591894
0	0.0227530505574354
0	0.0194314465520723
0	0.0198506823774731
0	0.0828330637566003
0	0.0227530505574354
0	0.0297701558087159
0	0.0194314465520723
0	0.0252545039873738
0	0.0194314465520723
0	0.0194314465520723
0	0.0194314465520723
0	0.0194314465520723
0	0.0194314465520723
0	0.0200471212206805
0	0.0195692363473084
0	0.0231673964282207
0	0.0213666486356851
0	0.0198506823774731
0	0.0194314465520723
0	0.0194314465520723
0	0.0194314465520723
0	0.0198506823774731
0	0.0868966855828568
0	0.0194314465520723
0	0.0194314465520723
0	0.0194314465520723
0	0.0194314465520723
0	0.0382084671068069
0	0.0194314465520723
0	0.0194314465520723
0	0.0194314465520723
0	0.0251186422039519
0	0.0194314465520723
0	0.0239753735667149
0	0.0194314465520723
0	0.0194314465520723
0	0.0194314465520723
0	0.0194314465520723
0	0.0857350450718096
0	0.0194314465520723
0	0.0329299668350491
0	0.0212804557327681
0	0.0194314465520723
0	0.0237968586625343
0	0.0198506823774731
0	0.0194314465520723
0	0.0210709973111063
0	0.0194314465520723
0	0.0194314465520723
0	0.0194314465520723
0	0.0194314465520723
0	0.0195692363473084
0	0.0229138436856165
0	0.0588495452384726
0	0.0215162135058655
0	0.0194314465520723
0	0.0194314465520723
0	0.0194314465520723
0	0.159834360508729
0	0.0194314465520723
0	0.0194314465520723
0	0.0194314465520723
0	0.0194314465520723
0	0.0194314465520723
0	0.0194314465520723
0	0.0194314465520723
0	0.0195692363473084
0	0.0194314465520723
0	0.0194314465520723
0	0.0214851967173532
0	0.0378484353068232
0	0.0194314465520723
0	0.0958541523959071
0	0.0194314465520723
0	0.0194314465520723
0	0.0469133039057826
0	0.0194314465520723
0	0.0194314465520723
0	0.0194314465520723
0	0.0194314465520723
0	0.0227530505574354
0	0.0194314465520723
0	0.0194314465520723
0	0.0238868367091924
0	0.0233434658597673
0	0.0194314465520723
0	0.0194314465520723
0	0.0194314465520723
0	0.0194314465520723
0	0.0194314465520723
0	0.0834565449200659
0	0.0194314465520723
0	0.0326056265754593
0	0.0194314465520723
0	0.93900451813851
0	0.0194314465520723
0	0.0423752113432372
0	0.0237968586625343
0	0.0374533902142501
0	0.0200201565154843
0	0.0244155969591894
0	0.0194314465520723
0	0.0194314465520723
0	0.0194314465520723
0	0.0194314465520723
0	0.0194314465520723
0	0.0198506823774731
0	0.0194314465520723
0	0.0194314465520723
0	0.0194314465520723
0	0.0194314465520723
0	0.025324017326114
0	0.023392491808015
0	0.473519552440363
0	0.0194314465520723
0	0.0215100721915886
0	0.0194314465520723
0	0.0272005592421828
0	0.0357824585502138
0	0.025324017326114
0	0.0194314465520723
0	0.0194314465520723
0	0.0194314465520723
0	0.0320159149661751
0	0.0257877692528883
0	0.0739144386890204
0	0.0194314465520723
0	0.0194314465520723
0	0.0212804557327681
0	0.0194314465520723
0	0.0194314465520723
0	0.0194314465520723
0	0.0194314465520723
0	0.0237193815535731
0	0.0336817251517136
0	0.0194314465520723
0	0.0194314465520723
0	0.0194314465520723
0	0.0295253088606837
0	0.0194314465520723
0	0.0652429181011869
0	0.0227530505574354
0	0.118563579792565
0	0.0194314465520723
0	0.0195692363473084
0	0.0228918659864393
0	0.0218267073091253
0	0.0194314465520723
0	0.0194314465520723
0	0.0195692363473084
0	0.0194314465520723
0	0.0194314465520723
0	0.0194314465520723
0	0.0194314465520723
0	0.0194314465520723
0	0.0218267073091253
0	0.0194314465520723
0	0.0194314465520723
0	0.0203368556310189
0	0.0658098204614556
0	0.0204900959970152
0	0.0274220398093071
0	0.0198506823774731
0	0.0198506823774731
0	0.0496796413257976
0	0.0194314465520723
0	0.0194314465520723
0	0.253686534467962
0	0.0343312654016497
0	0.0194314465520723
0	0.0194314465520723
0	0.0198506823774731
0	0.0199898523589365
0	0.0194314465520723
0	0.0194314465520723
0	0.0345198022228332
0	0.0194314465520723
0	0.0194314465520723
0	0.0247442941613436
0	0.0352453702550888
0	0.0237764527525207
0	0.0598352313769481
0	0.0479954190679555
0	0.0194314465520723
0	0.0194314465520723
0	0.0194314465520723
0	0.0194314465520723
0	0.0300352144050417
0	0.489431479601574
0	0.0194314465520723
0	0.030462506002036
0	0.0194314465520723
0	0.023392491808015
0	0.0274220398093071
0	0.0194314465520723
0	0.0194314465520723
0	0.0194314465520723
0	0.0194314465520723
0	0.0194314465520723
0	0.0194314465520723
0	0.0310332691057623
0	0.0198506823774731
0	0.0948373289741258
0	0.0198506823774731
0	0.0194314465520723
0	0.0194314465520723
0	0.0194314465520723
0	0.0194314465520723
0	0.0198506823774731
0	0.0194314465520723
0	0.0232762756750471
0	0.0194314465520723
0	0.0439562571837071
0	0.0194314465520723
0	0.0194314465520723
0	0.0194314465520723
0	0.0197045609555231
0	0.0194314465520723
0	0.0194314465520723
0	0.0194314465520723
0	0.0653838291063361
0	0.0249100993271853
0	0.0194314465520723
0	0.034397627299572
0	0.0194314465520723
0	0.0257980453139586
0	0.0194314465520723
0	0.0228544044706447
0	0.0194314465520723
0	0.0395940730243366
0	0.0194314465520723
0	0.0227530505574354
0	0.0194314465520723
0	0.0194314465520723
0	0.041031421226617
0	0.0194314465520723
0	0.0194314465520723
0	0.0194314465520723
0	0.0204900959970152
0	0.0194314465520723
0	0.0194314465520723
0	0.0198506823774731
0	0.0194314465520723
0	0.0240797101782599
0	0.0194314465520723
0	0.0194314465520723
0	0.0218267073091253
0	0.0194314465520723
0	0.0229138436856165
0	0.0194314465520723
0	0.0218301922989646
0	0.0201315205558343
0	0.06476022859721
0	0.0194314465520723
0	0.0194314465520723
0	0.0194314465520723
0	0.0194314465520723
0	0.175559389936165
0	0.0361428074231869
0	0.0238951051238048
0	0.0194314465520723
0	0.0307117544683181
0	0.0194314465520723
0	0.0194314465520723
0	0.0194314465520723
0	0.0194314465520723
0	0.0296800468184293
0	0.0289031947532745
0	0.0237968586625343
0	0.0194314465520723
0	0.0194314465520723
0	0.0194314465520723
0	0.0194314465520723
0	0.0227530505574354
0	0.0194314465520723
0	0.0194314465520723
0	0.0361897317192792
0	0.0194314465520723
0	0.0526715862048467
0	0.0194314465520723
0	0.0194314465520723
0	0.0194314465520723
0	0.0194314465520723
0	0.0194314465520723
0	0.0197045609555231
0	0.0214310704251851
0	0.0194314465520723
0	0.519107812925656
0	0.0194314465520723
0	0.0194314465520723
0	0.0194314465520723
0	0.0315146703326812
0	0.0187506541579544
0	0.023392491808015
0	0.0194314465520723
0	0.0197045609555231
0	0.028443955832083
0	0.0363295760465691
0	0.0194314465520723
0	0.0194314465520723
0	0.0194314465520723
0	0.0194314465520723
0	0.0194314465520723
0	0.0194314465520723
0	0.0194314465520723
0	0.023392491808015
0	0.0194314465520723
0	0.0227530505574354
0	0.0367202212200065
0	0.0194314465520723
0	0.111771879513623
0	0.0583873489890039
0	0.0194314465520723
0	0.0756980448507734
0	0.027022425734996
0	0.0509920428893528
0	0.0194314465520723
0	0.0187506541579544
0	0.0204900959970152
0	0.0274009851031112
0	0.0194314465520723
0	0.0194314465520723
0	0.0194314465520723
0	0.0254816341589059
0	0.0194314465520723
0	0.0194314465520723
0	0.0194314465520723
0	0.0215100721915886
0	0.0194314465520723
0	0.0194314465520723
0	0.0297733141838627
0	0.023392491808015
0	0.0200201565154843
0	0.0194314465520723
0	0.0783211084857009
0	0.0194314465520723
0	0.701329309961327
0	0.0194314465520723
0	0.0447315119295137
0	0.0237968586625343
0	0.0328151209145756
0	0.0194314465520723
0	0.0213859982019056
0	0.0194314465520723
0	0.0194314465520723
0	0.0194314465520723
0	0.0290173607028727
0	0.0339145071781247
0	0.0609542989443518
0	0.0238443058887164
0	0.0194314465520723
0	0.0194314465520723
0	0.0194314465520723
0	0.023435975544577
0	0.0194314465520723
0	0.0212804557327681
0	0.0227530505574354
0	0.0194314465520723
0	0.0293622238031803
0	0.0209316847490708
0	0.0194314465520723
0	0.0195692363473084
0	0.0187506541579544
0	0.0194314465520723
0	0.0194314465520723
0	0.0234711124703802
0	0.0198506823774731
0	0.0194314465520723
0	0.023392491808015
0	0.0227530505574354
0	0.0194314465520723
0	0.302799006999665
0	0.0194314465520723
0	0.0328594181052112
0	0.0194314465520723
0	0.0216622760493828
0	0.0194314465520723
0	0.0194314465520723
0	0.0194314465520723
0	0.0275342564327703
0	0.0239648473678507
0	0.0194314465520723
0	0.0194314465520723
0	0.0194314465520723
0	0.0237968586625343
0	0.0194314465520723
0	0.0194314465520723
0	0.0194314465520723
0	0.0194314465520723
0	0.0523387314610956
0	0.145223042041971
0	0.0272424794517915
0	0.0194314465520723
0	0.0227530505574354
0	0.0194314465520723
0	0.0194314465520723
0	0.0352453702550888
0	0.0194314465520723
0	0.0237968586625343
0	0.0194314465520723
0	0.0194314465520723
0	0.0194314465520723
0	0.0730672414021574
0	0.0194314465520723
0	0.0200486575566641
0	0.297873752246713
0	0.0194314465520723
0	0.0212804557327681
0	0.0194314465520723
0	0.0273151608012092
0	0.0195692363473084
0	0.0265344585828252
0	0.0194314465520723
0	0.0466596638492242
0	0.0194314465520723
0	0.0194314465520723
0	0.0194314465520723
0	0.0198506823774731
0	0.0194314465520723
0	0.11250363513516
0	0.0194314465520723
0	0.0194314465520723
0	0.0194314465520723
0	0.0287470614594134
0	0.0194314465520723
0	0.0194314465520723
0	0.0194314465520723
0	0.0194314465520723
0	0.0194314465520723
0	0.0213666486356851
0	0.0194314465520723
0	0.023392491808015
0	0.0194314465520723
0	0.0194314465520723
0	0.0194314465520723
0	0.571271919048926
0	0.0194314465520723
0	0.0229468229208634
0	0.0194314465520723
0	0.0227530505574354
0	0.0201295682939295
0	0.0194314465520723
0	0.0194314465520723
0	0.0606936487118837
0	0.0194314465520723
0	0.0227530505574354
0	0.0194314465520723
0	0.0194314465520723
0	0.0208715549417543
0	0.0194314465520723
0	0.0194314465520723
0	0.0194314465520723
0	0.0227530505574354
0	0.0194314465520723
0	0.0194314465520723
0	0.905930393572509
0	0.0198506823774731
0	0.0194314465520723
0	0.0194314465520723
0	0.023392491808015
0	0.0194314465520723
0	0.0194314465520723
0	0.0195692363473084
0	0.270987698413877
0	0.0194314465520723
0	0.0195692363473084
0	0.0194314465520723
0	0.0244804287005766
0	0.0227530505574354
0	0.0194314465520723
0	0.0194314465520723
0	0.02250719901061
0	0.023392491808015
0	0.0194314465520723
0	0.0194314465520723
0	0.0194314465520723
0	0.0194314465520723
0	0.0194314465520723
0	0.0194314465520723
0	0.0194314465520723
0	0.0194314465520723
0	0.0194314465520723
0	0.0379690873067668
0	0.0198506823774731
0	0.0213666486356851
0	0.0194314465520723
0	0.0194314465520723
0	0.0194314465520723
0	0.0227530505574354
0	0.0956757318465306
0	0.0194314465520723
0	0.0194314465520723
0	0.0187506541579544
0	0.0212804557327681
0	0.0194314465520723
0	0.0233434742528253
0	0.0412857177042625
0	0.0194314465520723
0	0.0194314465520723
0	0.0194314465520723
0	0.0246014367504156
0	0.0194314465520723
0	0.0194314465520723
0	0.0722418888863953
0	0.0877559644788168
0	0.0227530505574354
0	0.0194314465520723
0	0.0194314465520723
0	0.0278789727762594
0	0.019578715861862
0	0.0199075606307965
0	0.0194314465520723
0	0.898595254560873
0	0.0194314465520723
0	0.0417953829536962
0	0.0194314465520723
0	0.0237968586625343
0	0.0194314465520723
0	0.0273419478115728
0	0.0557354369974668
0	0.0194314465520723
0	0.0194314465520723
0	0.791666440948916
0	0.0194314465520723
0	0.0194314465520723
0	0.0194314465520723
0	0.0194314465520723
0	0.0466546972282325
0	0.0194314465520723
0	0.0194314465520723
0	0.0194314465520723
0	0.0194314465520723
0	0.0194314465520723
0	0.165409988245277
0	0.0293622238031803
0	0.0194314465520723
0	0.0194314465520723
0	0.0197045609555231
0	0.0215757876866377
0	0.0315369319607092
0	0.02856437093177
0	0.0293622238031803
0	0.0194314465520723
0	0.0194314465520723
0	0.0199075606307965
0	0.0308586598493227
0	0.0194314465520723
0	0.0213666486356851
0	0.0650148948682861
0	0.0330668769609706
0	0.023392491808015
0	0.0194314465520723
0	0.106155427805483
0	0.0194314465520723
0	0.0229468229208634
0	0.182253487311776
0	0.0194314465520723
0	0.0194314465520723
0	0.0864554420262996
0	0.0194314465520723
0	0.0213666486356851
0	0.0770864595078837
0	0.0195692363473084
0	0.0212804557327681
0	0.0220402480473174
0	0.023392491808015
0	0.0356514269109381
0	0.0194314465520723
0	0.0503452085141681
0	0.0194314465520723
0	0.0194314465520723
0	0.0194314465520723
0	0.137826058021404
0	0.036432519764237
0	0.0194314465520723
0	0.0346351797480452
0	0.027357910883643
0	0.0194314465520723
0	0.0194314465520723
0	0.0198506823774731
0	0.0194314465520723
0	0.0194314465520723
0	0.0194314465520723
0	0.0194314465520723
0	0.0194314465520723
0	0.0194314465520723
0	0.508488091959519
0	0.0194314465520723
0	0.0194314465520723
0	0.0194314465520723
0	0.0194314465520723
0	0.0194314465520723
0	0.0194314465520723
0	0.0274220398093071
0	0.0227530505574354
0	0.0246014367504156
0	0.0195692363473084
0	0.018878499095234
0	0.0194314465520723
0	0.0327717051237698
0	0.0194314465520723
0	0.0191554887393583
0	0.0194314465520723
0	0.0194314465520723
0	0.0194314465520723
0	0.0194314465520723
0	0.0194314465520723
0	0.0240300082360054
0	0.0194314465520723
0	0.0194314465520723
0	0.030395235276536
0	0.0233434658597673
0	0.0187506541579544
0	0.0194314465520723
0	0.0194314465520723
0	0.0194314465520723
0	0.0194314465520723
0	0.0194314465520723
0	0.0233434658597673
0	0.0194314465520723
0	0.0194314465520723
0	0.0307801010622675
0	0.0194314465520723
0	0.0194314465520723
0	0.0194314465520723
0	0.0194314465520723
0	0.0237968586625343
0	0.0463051391695404
0	0.0528003570778081
0	0.0194314465520723
0	0.0198506823774731
0	0.0194314465520723
0	0.0194314465520723
0	0.0229138436856165
0	0.0194314465520723
0	0.0219030649497179
0	0.0194314465520723
0	0.0194314465520723
0	0.0257791594607457
0	0.0194314465520723
0	0.0194314465520723
0	0.0204951211927458
0	0.0194314465520723
0	0.0209368159295544
0	0.0352453702550888
0	0.0194314465520723
0	0.0217386997580296
0	0.0346319493789432
0	0.0194314465520723
0	0.0833619934887402
0	0.0194314465520723
0	0.0194314465520723
0	0.0480392213873801
0	0.0194314465520723
0	0.0197045609555231
0	0.0194314465520723
0	0.0213666486356851
0	0.0194314465520723
0	0.0194314465520723
0	0.395320695297643
0	0.0194314465520723
0	0.0299585289523006
0	0.0194314465520723
0	0.0194314465520723
0	0.02901959965004
0	0.0213666486356851
0	0.0194314465520723
0	0.0194314465520723
0	0.0194314465520723
0	0.0194314465520723
0	0.0194314465520723
0	0.0274220398093071
0	0.0194314465520723
0	0.0227530505574354
0	0.0194314465520723
0	0.0194314465520723
0	0.0194314465520723
0	0.0194314465520723
0	0.0194314465520723
0	0.0194314465520723
0	0.0198506823774731
0	0.0259673902820164
0	0.0293622238031803
0	0.0194314465520723
0	0.0194314465520723
0	0.0198506823774731
0	0.0194314465520723
0	0.0191554887393583
0	0.0194314465520723
0	0.0194314465520723
0	0.0194314465520723
0	0.0198506823774731
0	0.0194314465520723
0	0.0194314465520723
0	0.0194314465520723
0	0.0194314465520723
0	0.119050832701359
0	0.0194314465520723
0	0.023242251753687
0	0.0212804557327681
0	0.0227611925210735
0	0.0194314465520723
0	0.0198506823774731
0	0.0194314465520723
0	0.023739191395833
0	0.0194314465520723
0	0.0194314465520723
0	0.0194314465520723
0	0.0198506823774731
0	0.0321252422371867
0	0.023392491808015
0	0.0194314465520723
0	0.0215757876866377
0	0.0194314465520723
0	0.0194314465520723
0	0.0194314465520723
0	0.0194314465520723
0	0.0194314465520723
0	0.0194314465520723
0	0.0194314465520723
0	0.0270935508932398
0	0.0194314465520723
0	0.945230381263666
0	0.0194314465520723
0	0.0257877692528883
0	0.0271556250519227
0	0.0255076265762774
0	0.0631406336956029
0	0.0272326398987481
0	0.0226931014326228
0	0.0194314465520723
0	0.0628880708535667
0	0.0194314465520723
0	0.0194314465520723
0	0.0198506823774731
0	0.0194314465520723
0	0.0194314465520723
0	0.0959880120735028
0	0.02638944801346
0	0.0194314465520723
0	0.0227530505574354
0	0.0194314465520723
0	0.029099634628763
0	0.0245676979734526
0	0.0258670323641822
0	0.0194314465520723
0	0.0234711124703802
0	0.0194314465520723
0	0.0588495452384726
0	0.033484927807485
0	0.0376713106386414
0	0.0194314465520723
0	0.0198506823774731
0	0.0547864090216034
0	0.0194314465520723
0	0.0194314465520723
0	0.0194314465520723
0	0.0255482855555679
0	0.0194314465520723
0	0.0194314465520723
0	0.0194314465520723
0	0.0197045609555231
0	0.0194314465520723
0	0.0194314465520723
0	0.0194314465520723
0	0.184146626377332
0	0.0194314465520723
0	0.0194314465520723
0	0.0194314465520723
0	0.0194314465520723
0	0.102661353217044
0	0.0359566655766611
0	0.0194314465520723
0	0.0194314465520723
0	0.0194314465520723
0	0.0194314465520723
0	0.0194314465520723
0	0.0194314465520723
0	0.0195692363473084
0	0.0217386997580296
0	0.0237968586625343
0	0.0293622238031803
0	0.0194314465520723
0	0.0268116722962262
0	0.0227530505574354
0	0.0195692363473084
0	0.0194314465520723
0	0.0404844962976552
0	0.0194314465520723
0	0.0250106178080601
0	0.0194314465520723
0	0.173593037238894
0	0.0194314465520723
0	0.0194314465520723
0	0.0269658875910741
0	0.0194314465520723
0	0.0194314465520723
0	0.0194314465520723
0	0.0194314465520723
0	0.0194314465520723
0	0.0370132578935288
0	0.0346319493789432
0	0.0213666486356851
0	0.0194314465520723
0	0.0265364786210441
0	0.0194314465520723
0	0.0539142409453535
0	0.0227530505574354
0	0.0194314465520723
0	0.0194314465520723
0	0.0195692363473084
0	0.0194314465520723
0	0.0194314465520723
0	0.0194314465520723
0	0.0194314465520723
0	0.0194314465520723
0	0.0194314465520723
0	0.0194314465520723
0	0.0194314465520723
0	0.0209316847490708
0	0.0533752077244322
0	0.747977807069593
0	0.0194314465520723
0	0.0194314465520723
0	0.0194314465520723
0	0.0194314465520723
0	0.0194314465520723
0	0.0194314465520723
0	0.0194314465520723
0	0.0194314465520723
0	0.0237968586625343
0	0.0194314465520723
0	0.0194314465520723
0	0.0237193815535731
0	0.0194314465520723
0	0.0194314465520723
0	0.0194314465520723
0	0.0194314465520723
0	0.0194314465520723
0	0.0194314465520723
0	0.0194314465520723
0	0.0194314465520723
0	0.0194314465520723
0	0.0198506823774731
0	0.0256085727284584
0	0.0194314465520723
0	0.0274220398093071
0	0.0194314465520723
0	0.0194314465520723
0	0.0421707824768937
0	0.0227530505574354
0	0.0194314465520723
0	0.0194314465520723
0	0.0194314465520723
0	0.0194314465520723
0	0.0194314465520723
0	0.0194314465520723
0	0.0274220398093071
0	0.0194314465520723
0	0.0246014367504156
0	0.0261153508852006
0	0.0194314465520723
0	0.0194314465520723
0	0.0194314465520723
0	0.0194314465520723
0	0.808536540521303
0	0.0209316847490708
0	0.0194314465520723
0	0.0194314465520723
0	0.0194314465520723
0	0.0194314465520723
0	0.147222617282858
0	0.0194314465520723
0	0.0206352347745469
0	0.0194314465520723
0	0.0194314465520723
0	0.0194314465520723
0	0.0194314465520723
0	0.0194314465520723
0	0.0234046317089884
0	0.0345478615414814
0	0.0237968586625343
0	0.0247038647636682
0	0.0194314465520723
0	0.0198506823774731
0	0.0896408559293728
0	0.0289031947532745
0	0.0194314465520723
0	0.0274220398093071
0	0.0194314465520723
0	0.0410622643084083
0	0.0194314465520723
0	0.0194314465520723
0	0.0194314465520723
0	0.0194314465520723
0	0.0269658875910741
0	0.832890275325716
0	0.0194314465520723
0	0.0194314465520723
0	0.0194314465520723
0	0.0597415504478573
0	0.0985515713820581
0	0.0194314465520723
0	0.021129510946378
0	0.0204830215298445
0	0.0280294775133751
0	0.0194314465520723
0	0.0194314465520723
0	0.0194314465520723
0	0.0237968586625343
0	0.0194314465520723
0	0.0194314465520723
0	0.0232762756750471
0	0.0194314465520723
0	0.0194314465520723
0	0.0194314465520723
0	0.0545159066247446
0	0.0194314465520723
0	0.0227530505574354
0	0.0194314465520723
0	0.0194314465520723
0	0.0194314465520723
0	0.0194314465520723
0	0.0469422142852445
0	0.0194314465520723
0	0.0269658875910741
0	0.0342140215507429
0	0.0194314465520723
0	0.0194314465520723
0	0.0194314465520723
0	0.0240637702822208
0	0.248679991790997
0	0.0194314465520723
0	0.0198506823774731
0	0.0194314465520723
0	0.0197045609555231
0	0.0194314465520723
0	0.0194314465520723
0	0.0198506823774731
0	0.887358275034541
0	0.0194314465520723
0	0.0212804557327681
0	0.0390458641331659
0	0.0194314465520723
0	0.212287579746994
0	0.0194314465520723
0	0.183864897369414
0	0.0194314465520723
0	0.0194314465520723
0	0.0194314465520723
0	0.0194314465520723
0	0.0194314465520723
0	0.0194314465520723
0	0.0515986424457532
0	0.0194314465520723
0	0.0194314465520723
0	0.0194314465520723
0	0.291922993959709
0	0.0194314465520723
0	0.0237968586625343
0	0.0195692363473084
0	0.0243548898817872
0	0.040962370021852
0	0.0194314465520723
0	0.0194314465520723
0	0.0194314465520723
0	0.0194314465520723
0	0.0394173426495247
0	0.0194314465520723
0	0.0194314465520723
0	0.019578715861862
0	0.0315209042568045
0	0.0232762756750471
0	0.0194314465520723
0	0.0194314465520723
0	0.0194314465520723
0	0.0194314465520723
0	0.0276570567729215
0	0.039841925925757
0	0.0329670572441533
0	0.0194314465520723
0	0.0194314465520723
0	0.0194314465520723
0	0.0194314465520723
0	0.0194314465520723
0	0.0194314465520723
0	0.0194314465520723
0	0.0194314465520723
0	0.0194314465520723
0	0.0241961431688905
0	0.0194314465520723
0	0.0194314465520723
0	0.0194314465520723
0	0.0194314465520723
0	0.0194314465520723
0	0.0258235288557268
0	0.0194314465520723
0	0.2286416412327
0	0.0269621810214421
0	0.0234711124703802
0	0.0215757876866377
0	0.0194314465520723
0	0.0198506823774731
0	0.0194314465520723
0	0.0554082046895935
0	0.0194314465520723
0	0.0255864681434757
0	0.0194314465520723
0	0.0194314465520723
0	0.0194314465520723
0	0.0194314465520723
0	0.0371329556569885
0	0.0194314465520723
0	0.0194314465520723
0	0.143526552598547
0	0.0194314465520723
0	0.0187506541579544
0	0.0194314465520723
0	0.0364960203208601
0	0.0269658875910741
0	0.0939681185266714
0	0.0194314465520723
0	0.0194314465520723
0	0.0593788347272934
0	0.0194314465520723
0	0.0194314465520723
0	0.0194314465520723
0	0.050369475129056
0	0.273741844464213
0	0.0194314465520723
0	0.0194314465520723
0	0.0194314465520723
0	0.0194314465520723
0	0.0219811013251644
0	0.0194314465520723
0	0.0194314465520723
0	0.0194314465520723
0	0.0194314465520723
0	0.0194314465520723
0	0.0194314465520723
0	0.0194314465520723
0	0.0194314465520723
0	0.0194314465520723
0	0.0194314465520723
0	0.142193681009505
0	0.0194314465520723
0	0.0271556250519227
0	0.0194314465520723
0	0.0194314465520723
0	0.0194314465520723
0	0.0198506823774731
0	0.0194314465520723
0	0.0194314465520723
0	0.0194314465520723
0	0.0194314465520723
0	0.0194314465520723
0	0.023392491808015
0	0.0194314465520723
0	0.0203368556310189
0	0.0194314465520723
0	0.0254690243360674
0	0.0194314465520723
0	0.0194314465520723
0	0.0194314465520723
0	0.0187506541579544
0	0.0412575699624481
0	0.0194314465520723
0	0.0194314465520723
0	0.138522500027635
0	0.0194314465520723
0	0.0300352144050417
0	0.0275725984939205
0	0.0194314465520723
0	0.0237968586625343
0	0.0194314465520723
0	0.0194314465520723
0	0.0194314465520723
0	0.023392491808015
0	0.0194314465520723
0	0.0194314465520723
0	0.0497981153321628
0	0.0194314465520723
0	0.807065625030437
0	0.0194314465520723
0	0.0568181404570317
0	0.0239753735667149
0	0.0194314465520723
0	0.0194314465520723
0	0.0213666486356851
0	0.0194314465520723
0	0.0194314465520723
0	0.0195692363473084
0	0.0194314465520723
0	0.0194314465520723
0	0.0194314465520723
0	0.0194314465520723
0	0.0340779800488129
0	0.0320648871211056
0	0.0194314465520723
0	0.0194314465520723
0	0.124011958345887
0	0.0194314465520723
0	0.0194314465520723
0	0.0198506823774731
0	0.0194314465520723
0	0.0618804223685749
0	0.0507749264876461
0	0.0195692363473084
0	0.0310158532164218
0	0.0194314465520723
0	0.0194314465520723
0	0.0194314465520723
0	0.0194314465520723
0	0.0358481949982512
0	0.0245307166561958
0	0.0194314465520723
0	0.0194314465520723
0	0.0194314465520723
0	0.0232762756750471
0	0.0194314465520723
0	0.023392491808015
0	0.0244155969591894
0	0.0194314465520723
0	0.0318545857063915
0	0.0194314465520723
0	0.0204830215298445
0	0.0308217060223104
0	0.816674678095931
0	0.0194314465520723
0	0.0194314465520723
0	0.0194314465520723
0	0.0194314465520723
0	0.0194314465520723
0	0.0194314465520723
0	0.0249071394511913
0	0.0208715549417543
0	0.199846246671606
0	0.0194314465520723
0	0.0195677360159566
0	0.058332109868297
0	0.0194314465520723
0	0.0227530505574354
0	0.0874862358239199
0	0.0194314465520723
0	0.0288400179122465
0	0.0194314465520723
0	0.0277883992826333
0	0.0194314465520723
0	0.0194314465520723
0	0.0194314465520723
0	0.0199075606307965
0	0.0279986993923979
0	0.023392491808015
0	0.0194314465520723
0	0.0194314465520723
0	0.0195677360159566
0	0.0940768965533413
0	0.0294651830512814
0	0.910286409503291
0	0.0194314465520723
0	0.0262152165471652
0	0.0198506823774731
0	0.0194314465520723
0	0.0194314465520723
0	0.0194314465520723
0	0.0198506823774731
0	0.469616835584567
0	0.0194314465520723
0	0.10990908895115
0	0.0274220398093071
0	0.0244155969591894
0	0.50135704795534
0	0.0194314465520723
0	0.0483725260501704
0	0.0194314465520723
0	0.0342140215507429
0	0.0198506823774731
0	0.01987984248961
0	0.0212804557327681
0	0.0227530505574354
0	0.0194314465520723
0	0.0194314465520723
0	0.306494533533321
0	0.0227530505574354
0	0.0194314465520723
0	0.55574732545478
0	0.214780598512443
0	0.0194314465520723
0	0.0194314465520723
0	0.0215656627680164
0	0.0194314465520723
0	0.0317792847115512
0	0.0194314465520723
0	0.0194314465520723
0	0.0194314465520723
0	0.0320403850634935
0	0.0194314465520723
0	0.0194314465520723
0	0.0234711124703802
0	0.0280087493171499
0	0.0194314465520723
0	0.0261478412080698
0	0.0194314465520723
0	0.0227530505574354
0	0.0195692363473084
0	0.0194314465520723
0	0.0414311453333752
0	0.60498135167203
0	0.0223601723481681
0	0.0194314465520723
0	0.0199898523589365
0	0.0194314465520723
0	0.13120817792422
0	0.0194314465520723
0	0.0194314465520723
0	0.0194314465520723
0	0.0191554887393583
0	0.497973741873747
0	0.0187506541579544
0	0.025979784996077
0	0.0366540923114049
0	0.0194314465520723
0	0.0194314465520723
0	0.0194314465520723
0	0.0194314465520723
0	0.0550033828359611
0	0.0194314465520723
0	0.0496178764592336
0	0.0194314465520723
0	0.0244155969591894
0	0.0415632770572787
0	0.0385029567489386
0	0.0194314465520723
0	0.0194314465520723
0	0.0198506823774731
0	0.0194314465520723
0	0.0213666486356851
0	0.0198442482313553
0	0.0234711124703802
0	0.433355972137457
0	0.0194314465520723
0	0.0280294775133751
0	0.0283210105428703
0	0.0194314465520723
0	0.0194314465520723
0	0.0194314465520723
0	0.0194314465520723
0	0.0194314465520723
0	0.0194314465520723
0	0.0194314465520723
0	0.0194314465520723
0	0.0194314465520723
0	0.0213857270778955
0	0.0194314465520723
0	0.0362954568007958
0	0.0194314465520723
0	0.0300740803109478
0	0.0467623781024936
0	0.0194314465520723
0	0.0194314465520723
0	0.0234711124703802
0	0.0194314465520723
0	0.0204900959970152
0	0.0194314465520723
0	0.0280923559029661
0	0.125169128405143
0	0.026399815438954
0	0.0194314465520723
0	0.0194314465520723
0	0.168455645532909
0	0.0194314465520723
0	0.0861546857442323
0	0.0382370512378532
0	0.0194314465520723
0	0.0195692363473084
0	0.0194314465520723
0	0.0191554887393583
0	0.0194314465520723
0	0.0194314465520723
0	0.0194314465520723
0	0.0194314465520723
0	0.0194314465520723
0	0.122023339157717
0	0.0194314465520723
0	0.0220435142321996
0	0.0194314465520723
0	0.0197045609555231
0	0.956720346418057
0	0.01987984248961
0	0.0269352750731575
0	0.0329992639651049
0	0.0194314465520723
0	0.0227530505574354
0	0.0194314465520723
0	0.0194314465520723
0	0.0194314465520723
0	0.0194314465520723
0	0.0194314465520723
0	0.0194314465520723
0	0.0194314465520723
0	0.117096027181203
0	0.01987984248961
0	0.0252379413071492
0	0.0194314465520723
0	0.0194314465520723
0	0.0194314465520723
0	0.0194314465520723
0	0.0201315205558343
0	0.0341753182086604
0	0.0194314465520723
0	0.0194314465520723
0	0.0232762756750471
0	0.148337530270114
0	0.0194314465520723
0	0.0340811428405558
0	0.0227530505574354
0	0.019578715861862
0	0.0399591831967546
0	0.0194314465520723
0	0.0237968586625343
0	0.0198506823774731
0	0.0194314465520723
0	0.0194314465520723
0	0.0194314465520723
0	0.0194314465520723
0	0.0194314465520723
0	0.0194314465520723
0	0.0194314465520723
0	0.0194314465520723
0	0.0194314465520723
0	0.0194314465520723
0	0.0194314465520723
0	0.0194314465520723
0	0.0194314465520723
0	0.0194314465520723
0	0.0457430260738992
0	0.0213666486356851
0	0.0227530505574354
0	0.023392491808015
0	0.0194314465520723
0	0.0198506823774731
0	0.0299532728598045
0	0.035966741436019
0	0.0250872563875556
0	0.0194314465520723
0	0.023392491808015
0	0.0234046317089884
0	0.0194314465520723
0	0.0194314465520723
0	0.0247038647636682
0	0.0194314465520723
0	0.618435859204512
0	0.0362954568007958
0	0.0194314465520723
0	0.0280294775133751
0	0.0194314465520723
0	0.0213666486356851
0	0.0271556250519227
0	0.0194314465520723
0	0.0194314465520723
0	0.0210295046385886
0	0.0227530505574354
0	0.0330668769609706
0	0.0198506823774731
0	0.0194314465520723
0	0.0194314465520723
0	0.0194314465520723
0	0.0194314465520723
0	0.0194314465520723
0	0.0194314465520723
0	0.0194314465520723
0	0.0236200074831447
0	0.0194314465520723
0	0.0200052912987699
0	0.0198506823774731
0	0.0194314465520723
0	0.0367768683071687
0	0.0194314465520723
0	0.0194314465520723
0	0.0334638825318033
0	0.0194314465520723
0	0.0194314465520723
0	0.0194314465520723
0	0.0194314465520723
0	0.023392491808015
0	0.0437727946847529
0	0.0194314465520723
0	0.023745498802659
0	0.0244155969591894
0	0.0239799853958495
0	0.0194314465520723
0	0.0364175635934281
0	0.0194314465520723
0	0.0194314465520723
0	0.0380258225380907
0	0.0194314465520723
0	0.0369960586503698
0	0.0194314465520723
0	0.0194314465520723
0	0.0194314465520723
0	0.0194314465520723
0	0.0194314465520723
0	0.0194314465520723
0	0.0198506823774731
0	0.02999051585693
0	0.0194314465520723
0	0.0198506823774731
0	0.039082396906626
0	0.0194314465520723
0	0.0237968586625343
0	0.0642006254408053
0	0.0194314465520723
0	0.0194314465520723
0	0.0312491813884735
0	0.0280131931030285
0	0.0194314465520723
0	0.0212804557327681
0	0.0194314465520723
0	0.0194314465520723
0	0.0194314465520723
0	0.0531068024584363
0	0.0252029146304583
0	0.0813058873432107
0	0.0194314465520723
0	0.0194314465520723
0	0.0194314465520723
0	0.0194314465520723
0	0.0372700107621075
0	0.0194314465520723
0	0.0233068657034426
0	0.0859466914955267
0	0.0194314465520723
0	0.0227530505574354
0	0.0194314465520723
0	0.0213666486356851
0	0.0569802049102835
0	0.0198506823774731
0	0.0244155969591894
0	0.0293622238031803
0	0.0227530505574354
0	0.0194314465520723
0	0.0194314465520723
0	0.023242251753687
0	0.0194314465520723
0	0.0237968586625343
0	0.0194314465520723
0	0.0327224758728394
0	0.018878499095234
0	0.0516474438998556
0	0.0194314465520723
0	0.0194314465520723
0	0.0194314465520723
0	0.0194314465520723
0	0.0194314465520723
0	0.0194314465520723
0	0.0194314465520723
0	0.0684389758414198
0	0.0194314465520723
0	0.0233434658597673
0	0.0194314465520723
0	0.0194314465520723
0	0.0201295682939295
0	0.0198506823774731
0	0.0194314465520723
0	0.0194314465520723
0	0.0194314465520723
0	0.0194314465520723
0	0.0194314465520723
0	0.0194314465520723
0	0.034876945694066
0	0.0194314465520723
0	0.0274220398093071
0	0.0450055083143036
0	0.0194314465520723
0	0.0194314465520723
0	0.0194314465520723
0	0.0293622238031803
0	0.0194314465520723
0	0.0203368556310189
0	0.0227530505574354
0	0.0194314465520723
0	0.0208715549417543
0	0.0194314465520723
0	0.0257791594607457
0	0.0194314465520723
0	0.0237968586625343
0	0.0194314465520723
0	0.0194314465520723
0	0.0270828772742737
0	0.0194314465520723
0	0.0194314465520723
0	0.416354241267743
0	0.0194314465520723
0	0.0235733076275735
0	0.0199898523589365
0	0.0194314465520723
0	0.028775349684238
0	0.023392491808015
0	0.0597474716969626
0	0.0275431138629025
0	0.0198506823774731
0	0.1691926920649
0	0.0194314465520723
0	0.0197045609555231
0	0.0359932696067931
0	0.0535319438834833
0	0.0198506823774731
0	0.0260502253355388
0	0.0194314465520723
0	0.0194314465520723
0	0.0194314465520723
0	0.0249396314419642
0	0.0198506823774731
0	0.10843679208039
0	0.0194314465520723
0	0.044642588099164
0	0.528493643517548
0	0.0194314465520723
0	0.0194314465520723
0	0.023392491808015
0	0.0194314465520723
0	0.0194314465520723
0	0.0526067630216597
0	0.0204951211927458
0	0.0227530505574354
0	0.0194314465520723
0	0.0194314465520723
0	0.0194314465520723
0	0.0194314465520723
0	0.0194314465520723
0	0.0194314465520723
0	0.0194314465520723
0	0.0194314465520723
0	0.0194314465520723
0	0.0194314465520723
0	0.0343139989788701
0	0.0194314465520723
0	0.0194314465520723
0	0.0194314465520723
0	0.0194314465520723
0	0.0194314465520723
0	0.0212804557327681
0	0.0194314465520723
0	0.0198506823774731
0	0.0317660966782774
0	0.0194314465520723
0	0.0213666486356851
0	0.115354400558417
0	0.13217840307217
0	0.0237968586625343
0	0.0194314465520723
0	0.0194314465520723
0	0.0246014367504156
0	0.0292844562727807
0	0.0194314465520723
0	0.0194314465520723
0	0.0479860185548984
0	0.0194314465520723
0	0.0194314465520723
0	0.0194314465520723
0	0.0194314465520723
0	0.0198506823774731
0	0.0194314465520723
0	0.0194314465520723
0	0.0194314465520723
0	0.0483725260501704
0	0.0194314465520723
0	0.0232762756750471
0	0.0204951211927458
0	0.0198506823774731
0	0.0238951051238048
0	0.0194314465520723
0	0.822566245384427
0	0.0194314465520723
0	0.023392491808015
0	0.0194314465520723
0	0.0237968586625343
0	0.0194314465520723
0	0.052849415082024
0	0.122644538348059
0	0.0194314465520723
0	0.0227530505574354
0	0.023242251753687
0	0.0194314465520723
0	0.0244155969591894
0	0.0194314465520723
0	0.0194314465520723
0	0.0194314465520723
0	0.0236128639932887
0	0.0194314465520723
0	0.0194314465520723
0	0.0542819606374378
0	0.0246954618548544
0	0.0194314465520723
0	0.318197483952256
0	0.0195692363473084
0	0.0212804557327681
0	0.0194314465520723
0	0.0194314465520723
0	0.0194314465520723
0	0.0298259739794814
0	0.0237199330646836
0	0.0199898523589365
0	0.0194314465520723
0	0.0194314465520723
0	0.0194314465520723
0	0.0194314465520723
0	0.0194314465520723
0	0.0194314465520723
0	0.0252972115696149
0	0.0903127382350784
0	0.0194314465520723
0	0.0201295682939295
0	0.0194314465520723
0	0.0491029125599201
0	0.0265752403032678
0	0.0194314465520723
0	0.0194314465520723
0	0.0194314465520723
0	0.0227530505574354
0	0.0194314465520723
0	0.0246014367504156
0	0.0197045609555231
0	0.0194314465520723
0	0.0194314465520723
0	0.0194314465520723
0	0.0194314465520723
0	0.0269658875910741
0	0.0194314465520723
0	0.900422613518425
0	0.0280087493171499
0	0.147683689262604
0	0.0269658875910741
0	0.0194314465520723
0	0.0194314465520723
0	0.023392491808015
0	0.698944835271455
0	0.0194314465520723
0	0.0194314465520723
0	0.0276148957613015
0	0.0194314465520723
0	0.0194314465520723
0	0.0194314465520723
0	0.0194314465520723
0	0.0212804557327681
0	0.0357213119206769
0	0.0213666486356851
0	0.0284133902944445
0	0.0293622238031803
0	0.0194314465520723
0	0.10365715102903
0	0.0717538965577311
0	0.0194314465520723
0	0.0195692363473084
0	0.0194314465520723
0	0.0198506823774731
0	0.023435975544577
0	0.0519600699642818
0	0.0416176226908201
0	0.0194314465520723
0	0.0194314465520723
0	0.0194314465520723
0	0.0257791594607457
0	0.0215100721915886
0	0.0194314465520723
0	0.0202820191712206
0	0.0236056214620959
0	0.0194314465520723
0	0.0194314465520723
0	0.030395235276536
0	0.0194314465520723
0	0.0194314465520723
0	0.0815942282035678
0	0.0194314465520723
0	0.0237968586625343
0	0.0194314465520723
0	0.0194314465520723
0	0.0194314465520723
0	0.0292844562727807
0	0.0194314465520723
0	0.0194314465520723
0	0.0227530505574354
0	0.0194314465520723
0	0.0641920839552084
0	0.0194314465520723
0	0.0194314465520723
0	0.0194314465520723
0	0.0194314465520723
0	0.0194314465520723
0	0.0194314465520723
0	0.0194314465520723
0	0.0194314465520723
0	0.752222329950564
0	0.0194314465520723
0	0.0194314465520723
0	0.0194314465520723
0	0.0214037741064657
0	0.0194314465520723
0	0.0194314465520723
0	0.0194314465520723
0	0.0194314465520723
0	0.0232762756750471
0	0.0194314465520723
0	0.0194314465520723
0	0.0227530505574354
0	0.0194314465520723
0	0.0194314465520723
0	0.0194314465520723
0	0.0237968586625343
0	0.0194314465520723
0	0.0194314465520723
0	0.023392491808015
0	0.026028128426974
0	0.0194314465520723
0	0.0194314465520723
0	0.0194314465520723
0	0.0206352347745469
0	0.0194314465520723
0	0.0206352347745469
0	0.0208715549417543
0	0.0194314465520723
0	0.0194314465520723
0	0.0269658875910741
0	0.0194314465520723
0	0.0194314465520723
0	0.143127479150367
0	0.0194314465520723
0	0.0194314465520723
0	0.0194314465520723
0	0.0194314465520723
0	0.0194314465520723
0	0.0194314465520723
0	0.0194314465520723
0	0.0820465488516548
0	0.0194314465520723
0	0.0194314465520723
0	0.023392491808015
0	0.0194314465520723
0	0.0256085727284584
0	0.0194314465520723
0	0.0194314465520723
0	0.023392491808015
0	0.0194314465520723
0	0.0647976724292441
0	0.0194314465520723
0	0.0227530505574354
0	0.0198506823774731
0	0.0194314465520723
0	0.0194314465520723
0	0.0213666486356851
0	0.0194314465520723
0	0.132906762001321
0	0.0187506541579544
0	0.0265220050112304
0	0.0194314465520723
0	0.0194314465520723
0	0.396786175671237
0	0.0198506823774731
0	0.0194314465520723
0	0.0233434658597673
0	0.0194314465520723
0	0.0194314465520723
0	0.0194314465520723
0	0.0194314465520723
0	0.0324120399732276
0	0.0194314465520723
0	0.0194314465520723
0	0.284050532259322
0	0.0228544044706447
0	0.266484456173898
0	0.0194314465520723
0	0.0752592881478284
0	0.062497375840345
0	0.0191554887393583
0	0.01987984248961
0	0.0194314465520723
0	0.0194314465520723
0	0.0194314465520723
0	0.0194314465520723
0	0.0916395451491156
0	0.0194314465520723
0	0.0194314465520723
0	0.674440065114819
0	0.0194314465520723
0	0.0194314465520723
0	0.857572948423035
0	0.371025914700443
0	0.0267830390389717
