1	0.938284368442566
1	0.0150990729451242
1	0.353242404407297
1	0.982810180160111
1	0.884798162994321
1	0.829402557686454
1	0.928455568365573
1	0.858544073472464
1	0.894145258668417
1	0.910876163682505
1	0.993344468347517
1	0.887464545008558
1	0.837986125476169
1	0.828241377300602
1	0.793567686542948
1	0.828603495332032
1	0.844197443738505
1	0.0150990729451242
1	0.0220237532713
1	0.956462745244986
1	0.410239704036813
1	0.621541306395821
1	0.908579373007863
1	0.0150990729451242
1	0.0233507961970627
1	0.795425180307171
1	0.89502663517746
1	0.669704646287992
1	0.116674925170693
1	0.960839819358887
1	0.94039276070235
1	0.958482871918031
1	0.645207296724169
1	0.980523931976865
1	0.437364001834555
1	0.827926956207959
1	0.712421144279026
1	0.367256150479747
1	0.867110114370195
1	0.675689979592701
1	0.911600690603886
1	0.971361167686157
1	0.964726250224501
1	0.860062157926466
1	0.638622312660706
1	0.903703548350241
1	0.317666454032061
1	0.956147098374929
1	0.967740508646132
1	0.229911099992697
1	0.744114121665675
1	0.83751876403793
1	0.903918490446004
1	0.937756459118288
1	0.769226465069158
1	0.277845206114832
1	0.924941811298452
1	0.931245647621491
1	0.875619834762747
1	0.595221787490647
1	0.966553364352835
1	0.940435444730599
1	0.937933004929309
1	0.10223970376946
1	0.526563875562658
1	0.691346983183775
1	0.858637761636413
1	0.0150990729451242
1	0.518876090611702
1	0.861552356173386
1	0.0150990729451242
1	0.984546418309419
1	0.031349344460449
1	0.977769613579014
1	0.701913645867535
1	0.952280726265164
1	0.968276075824735
1	0.539090727429267
1	0.271508036163742
1	0.950865832470469
1	0.0213849779416679
1	0.832125761846081
1	0.0522231025504753
1	0.0157078198267169
1	0.90252972881402
1	0.989558479260037
1	0.0150990729451242
1	0.942094137429834
1	0.908566527933352
1	0.752506538211863
1	0.0944670130062897
1	0.922706639235543
1	0.913998803202768
1	0.873586063177822
1	0.0150990729451242
1	0.928365371234974
1	0.773531162332222
1	0.978860768372345
1	0.527463784055747
1	0.0150990729451242
1	0.956295051973978
1	0.335519522551338
1	0.236083715795826
1	0.0735113232442708
1	0.962877539303485
1	0.845061470578327
1	0.857719538381837
1	0.285708793582151
1	0.975780745491614
1	0.927885756118292
1	0.034409681782436
1	0.141601005389471
1	0.352839304378561
1	0.0474024269691945
1	0.0429442292049778
1	0.921767798272175
1	0.945989887116842
1	0.0156440205451255
1	0.0150990729451242
1	0.94572322061249
1	0.79743221454556
1	0.710743869953562
1	0.157477537268986
1	0.93417968561938
1	0.0794399480290797
1	0.969242035744856
1	0.810688330715235
1	0.706102492038815
1	0.846426611646669
1	0.90513827154045
1	0.0470803856985394
1	0.845858601698173
1	0.545519339030919
1	0.96590028035187
1	0.519681865501164
1	0.908566527933352
1	0.73730771580982
1	0.980423856763109
1	0.729012823278036
1	0.90050055466871
1	0.251664752379863
1	0.65617899265016
1	0.994979632752743
1	0.960674207241387
1	0.0904732903536235
1	0.540138327024692
1	0.198721849008988
1	0.768083358662294
1	0.777905675070098
1	0.883842031836788
1	0.641232933170887
1	0.840174818667597
1	0.873420585225013
1	0.737191569183959
1	0.934444004438837
1	0.940152049033748
1	0.974672357919056
1	0.340984415311343
1	0.873638876519288
1	0.647965198661304
1	0.960996508710943
1	0.959830300178568
1	0.82226743046499
1	0.812887889928066
1	0.662479834619834
1	0.517487873700127
1	0.957944926804015
1	0.991040849449624
1	0.922015594802653
1	0.949112485780162
1	0.785981128908994
1	0.975394461701482
1	0.780633796302351
1	0.427746032518688
1	0.385751426399935
1	0.928112283578328
1	0.873846445746958
1	0.34635470057916
1	0.836274494378646
1	0.884583498389717
1	0.762396358093541
1	0.900301473898075
1	0.930998461584325
1	0.00940782961727782
1	0.845078457510415
1	0.94539112453524
1	0.589943105153742
1	0.0330388458488512
1	0.741124754784777
1	0.0240870007355998
1	0.935813072801073
1	0.901900993764012
1	0.0150990729451242
1	0.698295475109964
1	0.742535716166859
1	0.583031375230578
1	0.836484445700907
1	0.718066531536879
1	0.892357148897772
1	0.51954667951836
0	0.0150990729451242
0	0.00557031050095795
0	0.0150990729451242
0	0.495787933957845
0	0.0141858265964048
0	0.0150990729451242
0	0.0150990729451242
0	0.0150990729451242
0	0.440953712820304
0	0.0343665794556085
0	0.0150990729451242
0	0.0150990729451242
0	0.0131846001000564
0	0.0133121775555447
0	0.0245038108350261
0	0.00829150873162106
0	0.0554402072292214
0	0.00820655553695035
0	0.0236319075039923
0	0.021871644802248
0	0.010812234844968
0	0.241791591513366
0	0.0130178051075045
0	0.0150990729451242
0	0.0126222661382301
0	0.0163134926272732
0	0.0150990729451242
0	0.0174762999993839
0	0.0150990729451242
0	0.146880905973247
0	0.0153262363905471
0	0.0151363071925097
0	0.0150990729451242
0	0.0155009625902951
0	0.0166819873500402
0	0.0150990729451242
0	0.0150990729451242
0	0.0150990729451242
0	0.0174762999993839
0	0.0150990729451242
0	0.00964502187847863
0	0.0248617245484109
0	0.0150990729451242
0	0.0150990729451242
0	0.0150990729451242
0	0.0150990729451242
0	0.0281209630766194
0	0.0150990729451242
0	0.0111816492612887
0	0.0174378385590159
0	0.0150990729451242
0	0.952288892703806
0	0.198721849008988
0	0.0453271245335093
0	0.0150990729451242
0	0.0150990729451242
0	0.0150990729451242
0	0.0150990729451242
0	0.0155009625902951
0	0.0224626449701302
0	0.00938626345398587
0	0.0798564226741831
0	0.0150990729451242
0	0.027000806922306
0	0.0150990729451242
0	0.0133121775555447
0	0.0150990729451242
0	0.0150990729451242
0	0.0163447175056591
0	0.0150990729451242
0	0.0150990729451242
0	0.0125056367768209
0	0.660345931594452
0	0.0176088527688802
0	0.0198789751812535
0	0.0150990729451242
0	0.0150990729451242
0	0.0187455133415217
0	0.00958197494869181
0	0.0150990729451242
0	0.0150990729451242
0	0.0142056755212827
0	0.0172480720562777
0	0.0163437447621668
0	0.0150990729451242
0	0.0234781636492668
0	0.0150990729451242
0	0.0133121775555447
0	0.0214988682759644
0	0.0150990729451242
0	0.0150990729451242
0	0.0105306083977055
0	0.0105306083977055
0	0.0150990729451242
0	0.00994099752171819
0	0.0711073374159993
0	0.0150990729451242
0	0.0150990729451242
0	0.018495703105429
0	0.0100025513072702
0	0.0133540153689292
0	0.0172001974079753
0	0.0150990729451242
0	0.020001457728217
0	0.00945119359580067
0	0.0150990729451242
0	0.00895887453756615
0	0.0113911318144348
0	0.0150990729451242
0	0.0307278380202783
0	0.0150990729451242
0	0.0150990729451242
0	0.0150990729451242
0	0.018495703105429
0	0.0544600503184695
0	0.0150990729451242
0	0.00809514147690925
0	0.00964502187847863
0	0.0150990729451242
0	0.0150990729451242
0	0.0394121902814617
0	0.0150990729451242
0	0.0150990729451242
0	0.0281209630766194
0	0.0150990729451242
0	0.0150990729451242
0	0.0150990729451242
0	0.0351906448370893
0	0.0157401111428449
0	0.0150990729451242
0	0.789122680151039
0	0.0150990729451242
0	0.021871644802248
0	0.0150990729451242
0	0.0261748769101455
0	0.0150990729451242
0	0.823579881528432
0	0.00362005371374353
0	0.0150990729451242
0	0.0150990729451242
0	0.0150990729451242
0	0.0150990729451242
0	0.181141494636048
0	0.0150990729451242
0	0.0150990729451242
0	0.0150990729451242
0	0.0124337151211723
0	0.0150990729451242
0	0.168150919986996
0	0.0132671856156139
0	0.0150990729451242
0	0.0150990729451242
0	0.0150990729451242
0	0.0150990729451242
0	0.0150990729451242
0	0.0161084627867287
0	0.00659860328366348
0	0.0166287892569579
0	0.0606788951071996
0	0.0150990729451242
0	0.0150990729451242
0	0.0150990729451242
0	0.0192317431403784
0	0.0150990729451242
0	0.0150990729451242
0	0.0150990729451242
0	0.00499194744424506
0	0.0150990729451242
0	0.014345251580702
0	0.0152198434242236
0	0.0150990729451242
0	0.0100025513072702
0	0.0150990729451242
0	0.0150990729451242
0	0.0150990729451242
0	0.0172480720562777
0	0.0150990729451242
0	0.0157145449159253
0	0.0150990729451242
0	0.0150990729451242
0	0.0281209630766194
0	0.0150990729451242
0	0.0150990729451242
0	0.0150990729451242
0	0.0150990729451242
0	0.0150990729451242
0	0.372249599574114
0	0.0150990729451242
0	0.0310204086935039
0	0.0102148910373848
0	0.0150990729451242
0	0.0150990729451242
0	0.0172480720562777
0	0.0457829421163529
0	0.023694462403343
0	0.0110508119154903
0	0.0130472635773119
0	0.0156347389266234
0	0.0187040125744694
0	0.0100025513072702
0	0.0304029452575907
0	0.0585199732034753
0	0.0150990729451242
0	0.0150990729451242
0	0.0139918724467751
0	0.0254455614632341
0	0.0111816492612887
0	0.0150990729451242
0	0.0129924711016301
0	0.0281209630766194
0	0.0150990729451242
0	0.0348010820427697
0	0.0150990729451242
0	0.0162013110441774
0	0.031257976825612
0	0.0548563137878179
0	0.018240205856992
0	0.0150990729451242
0	0.0150990729451242
0	0.0150990729451242
0	0.0150990729451242
0	0.0897556754852258
0	0.0150990729451242
0	0.0150990729451242
0	0.0107988109316092
0	0.0711039900040097
0	0.0150990729451242
0	0.0147262531530347
0	0.0150990729451242
0	0.0114346015037394
0	0.0150990729451242
0	0.0146961635521366
0	0.0150990729451242
0	0.0187455133415217
0	0.0122535866794341
0	0.0150990729451242
0	0.850198834435411
0	0.0150990729451242
0	0.021237839994451
0	0.0150990729451242
0	0.0150990729451242
0	0.0150990729451242
0	0.0147437302913272
0	0.0150990729451242
0	0.00868871966993694
0	0.0150990729451242
0	0.0147342974875514
0	0.0477994499262689
0	0.0150990729451242
0	0.0150990729451242
0	0.0217391741625776
0	0.0150990729451242
0	0.0150990729451242
0	0.0150990729451242
0	0.0150990729451242
0	0.0175202561659938
0	0.0150990729451242
0	0.0202148188513318
0	0.0150990729451242
0	0.0150990729451242
0	0.484596564947327
0	0.0150990729451242
0	0.0287980294277266
0	0.0184552452339243
0	0.0150990729451242
0	0.0150990729451242
0	0.0285093475892874
0	0.0150990729451242
0	0.0105306083977055
0	0.0100025513072702
0	0.0150990729451242
0	0.018878255380269
0	0.0251906470437793
0	0.0150990729451242
0	0.0287980294277266
0	0.146339083236477
0	0.0150990729451242
0	0.0150990729451242
0	0.0363552180177992
0	0.0150990729451242
0	0.0150990729451242
0	0.0105306083977055
0	0.0150990729451242
0	0.0281209630766194
0	0.0150990729451242
0	0.021876400809689
0	0.0150990729451242
0	0.0150990729451242
0	0.0774734688934412
0	0.0150990729451242
0	0.00407976897791076
0	0.0150990729451242
0	0.00982467717396246
0	0.0172480720562777
0	0.0150990729451242
0	0.0183583210834515
0	0.0170320310030586
0	0.0150990729451242
0	0.0153319675467557
0	0.021237839994451
0	0.0203177869070396
0	0.0106152316865533
0	0.0150990729451242
0	0.0150990729451242
0	0.0155009625902951
0	0.0150990729451242
0	0.0150990729451242
0	0.0155009625902951
0	0.0266833045675183
0	0.0269949798756447
0	0.0150990729451242
0	0.0221175149595733
0	0.0150990729451242
0	0.0140060107052926
0	0.0150990729451242
0	0.0345354125978497
0	0.0138516740771894
0	0.0150990729451242
0	0.0150990729451242
0	0.0150990729451242
0	0.0158655907895222
0	0.0150990729451242
0	0.0150990729451242
0	0.0190394718047035
0	0.0214731679639896
0	0.0150990729451242
0	0.0126272282633826
0	0.0131803875107628
0	0.0121693477431511
0	0.021237839994451
0	0.0193878904348505
0	0.0166983670882055
0	0.0153203621265265
0	0.0150990729451242
0	0.0150990729451242
0	0.0148928211670418
0	0.0150990729451242
0	0.0150990729451242
0	0.0740528121134619
0	0.0150990729451242
0	0.0150990729451242
0	0.0150990729451242
0	0.0153808048763627
0	0.0170554184187109
0	0.694899871951097
0	0.0150990729451242
0	0.00711148108888759
0	0.0150990729451242
0	0.00915178022065288
0	0.03060912793826
0	0.0150990729451242
0	0.0126464214680445
0	0.0281209630766194
0	0.0249601324304426
0	0.0167225421846944
0	0.0150990729451242
0	0.0150990729451242
0	0.00862961301688922
0	0.0400526061521767
0	0.0172480720562777
0	0.0301153599520491
0	0.0121124120216541
0	0.271025677013146
0	0.0187310253751722
0	0.0174378385590159
0	0.0193878904348505
0	0.0150990729451242
0	0.514391936182266
0	0.0150990729451242
0	0.021237839994451
0	0.0153769374113009
0	0.0150990729451242
0	0.00736760067377666
0	0.018839600074368
0	0.0150990729451242
0	0.0150990729451242
0	0.0288979104072362
0	0.0150472773084041
0	0.0150990729451242
0	0.0150990729451242
0	0.0385870781140345
0	0.0203162438748102
0	0.0150990729451242
0	0.00871196761623375
0	0.0150990729451242
0	0.0589577065171474
0	0.0150990729451242
0	0.0127844597454606
0	0.0150990729451242
0	0.0102148910373848
0	0.0150990729451242
0	0.0150990729451242
0	0.0150990729451242
0	0.0287980294277266
0	0.0214465140117084
0	0.0150990729451242
0	0.0150990729451242
0	0.021699288600358
0	0.00742185488527489
0	0.0174378385590159
0	0.0150990729451242
0	0.0148928211670418
0	0.0150990729451242
0	0.0150990729451242
0	0.0281209630766194
0	0.0281209630766194
0	0.0127273595504113
0	0.0553666887217201
0	0.0150990729451242
0	0.0174762999993839
0	0.0105306083977055
0	0.0281209630766194
0	0.0150990729451242
0	0.0150990729451242
0	0.0150990729451242
0	0.0150990729451242
0	0.0133121775555447
0	0.0146961635521366
0	0.0150990729451242
0	0.0287449503805272
0	0.0178716464179102
0	0.0291768524426551
0	0.0138516740771894
0	0.0150990729451242
0	0.0193983365778485
0	0.0234537282602297
0	0.0394881436053394
0	0.01983579657806
0	0.0150990729451242
0	0.00656152384578183
0	0.0150990729451242
0	0.015002881569201
0	0.0150990729451242
0	0.0150990729451242
0	0.0150990729451242
0	0.0150990729451242
0	0.0150990729451242
0	0.0150990729451242
0	0.0292666339895118
0	0.0150990729451242
0	0.018048347832377
0	0.0146961635521366
0	0.0102148910373848
0	0.0150990729451242
0	0.0150990729451242
0	0.0377731548982233
0	0.0150990729451242
0	0.0150990729451242
0	0.0107373096715621
0	0.0187125593700761
0	0.313359816315325
0	0.0172480720562777
0	0.021871644802248
0	0.0111816492612887
0	0.0468569484760494
0	0.0150990729451242
0	0.0150990729451242
0	0.0150990729451242
0	0.0150990729451242
0	0.0321355685778682
0	0.018495703105429
0	0.0150990729451242
0	0.0187455133415217
0	0.574698607685289
0	0.0150990729451242
0	0.0150990729451242
0	0.707670427951026
0	0.0150990729451242
0	0.0150990729451242
0	0.0320629877221977
0	0.0150990729451242
0	0.0344201915963884
0	0.0927147625796807
0	0.0690246636876206
0	0.0105306083977055
0	0.0293070050047947
0	0.0150990729451242
0	0.0150990729451242
0	0.0150990729451242
0	0.0107280342704323
0	0.0150990729451242
0	0.0150990729451242
0	0.0129576660122147
0	0.0150990729451242
0	0.0150990729451242
0	0.0150990729451242
0	0.281725918299668
0	0.014345251580702
0	0.0150990729451242
0	0.0150990729451242
0	0.0150990729451242
0	0.0150990729451242
0	0.0150990729451242
0	0.0150990729451242
0	0.0283515291320216
0	0.0147342974875514
0	0.0137332256886545
0	0.0150990729451242
0	0.0152107817449569
0	0.0106695721956262
0	0.0150990729451242
0	0.0150990729451242
0	0.0174762999993839
0	0.0235152125103326
0	0.0150990729451242
0	0.0150990729451242
0	0.0150990729451242
0	0.0150990729451242
0	0.0150990729451242
0	0.0174378385590159
0	0.0135344741580998
0	0.0187455133415217
0	0.013058682186789
0	0.0341847108059584
0	0.0234323359400656
0	0.0420651683509018
0	0.0150990729451242
0	0.0150990729451242
0	0.0150990729451242
0	0.0150990729451242
0	0.0146961635521366
0	0.0150990729451242
0	0.0150990729451242
0	0.0442652327291346
0	0.0174762999993839
0	0.831008216113891
0	0.0144117830893102
0	0.0150990729451242
0	0.0281209630766194
0	0.0150990729451242
0	0.0150990729451242
0	0.429727714653386
0	0.0150990729451242
0	0.162599554656506
0	0.0164216677497215
0	0.021237839994451
0	0.0150990729451242
0	0.0150990729451242
0	0.021237839994451
0	0.0150990729451242
0	0.0105306083977055
0	0.0150990729451242
0	0.00951255230824338
0	0.0583973753352703
0	0.0150990729451242
0	0.018495703105429
0	0.0187125593700761
0	0.0150990729451242
0	0.0150990729451242
0	0.0105306083977055
0	0.0150990729451242
0	0.0161453744877177
0	0.0150990729451242
0	0.0150990729451242
0	0.00675566174159235
0	0.014345251580702
0	0.0146961635521366
0	0.021237839994451
0	0.0150990729451242
0	0.0264145149486985
0	0.0154309295959873
0	0.0529436557314892
0	0.0150990729451242
0	0.0150990729451242
0	0.0150990729451242
0	0.0150990729451242
0	0.0141858265964048
0	0.0281209630766194
0	0.0161574216370764
0	0.0150990729451242
0	0.0150990729451242
0	0.00683054640223638
0	0.03684910618939
0	0.0148014693946698
0	0.0124337151211723
0	0.0150990729451242
0	0.0150990729451242
0	0.0150990729451242
0	0.0150990729451242
0	0.0150990729451242
0	0.0150990729451242
0	0.0150990729451242
0	0.0109051162504533
0	0.0150990729451242
0	0.021871644802248
0	0.0150990729451242
0	0.0281209630766194
0	0.0150990729451242
0	0.0147437302913272
0	0.0150990729451242
0	0.0150990729451242
0	0.0150990729451242
0	0.0150990729451242
0	0.0128868929899462
0	0.0150990729451242
0	0.00972125797243574
0	0.0150990729451242
0	0.0322082470649826
0	0.0207887280618029
0	0.0150990729451242
0	0.113909544984647
0	0.0150990729451242
0	0.0150990729451242
0	0.0167305820606841
0	0.083547370175974
0	0.014345251580702
0	0.0104507920346832
0	0.0150990729451242
0	0.0173460771719776
0	0.0150990729451242
0	0.0150990729451242
0	0.928151783434821
0	0.0150990729451242
0	0.0150990729451242
0	0.0150990729451242
0	0.0270730711577874
0	0.0305149166963943
0	0.0114346015037394
0	0.0168209654624273
0	0.0150990729451242
0	0.0180618898557037
0	0.0189588805954892
0	0.0174378385590159
0	0.0150990729451242
0	0.0150990729451242
0	0.0150990729451242
0	0.00853060030503549
0	0.0411794709223858
0	0.0150990729451242
0	0.862090074275784
0	0.0150990729451242
0	0.0203193256305269
0	0.0105306083977055
0	0.0150990729451242
0	0.00975968159667824
0	0.0150990729451242
0	0.0157401111428449
0	0.0150990729451242
0	0.0234887826627083
0	0.0150990729451242
0	0.0150990729451242
0	0.0150990729451242
0	0.0150990729451242
0	0.03854708543552
0	0.0112183547875928
0	0.021237839994451
0	0.0150990729451242
0	0.0175084541306059
0	0.0150990729451242
0	0.0150990729451242
0	0.0150990729451242
0	0.0150990729451242
0	0.0150990729451242
0	0.0159206096495208
0	0.021871644802248
0	0.0150990729451242
0	0.0150990729451242
0	0.0150990729451242
0	0.00703419004495865
0	0.0111816492612887
0	0.0297238266491774
0	0.426813827110222
0	0.0150990729451242
0	0.0150990729451242
0	0.0289351225641322
0	0.0150990729451242
0	0.00806488023458787
0	0.0329893373238971
0	0.0150990729451242
0	0.0150990729451242
0	0.0150990729451242
0	0.0307278380202783
0	0.0150990729451242
0	0.0185086768982088
0	0.0150990729451242
0	0.0400160985983263
0	0.0100025513072702
0	0.0105306083977055
0	0.0150990729451242
0	0.0150990729451242
0	0.0105306083977055
0	0.021871644802248
0	0.0150990729451242
0	0.0150990729451242
0	0.0150990729451242
0	0.0150990729451242
0	0.0163134926272732
0	0.0155009625902951
0	0.021237839994451
0	0.0344064677583319
0	0.0150990729451242
0	0.0286863946054383
0	0.0150990729451242
0	0.0206745600143226
0	0.0281209630766194
0	0.00973826976311866
0	0.0199608238597658
0	0.021871644802248
0	0.0194629142257862
0	0.0205060226554528
0	0.0249914254333396
0	0.0174378385590159
0	0.0150990729451242
0	0.0100025513072702
0	0.0150990729451242
0	0.0153808048763627
0	0.0150990729451242
0	0.0150990729451242
0	0.0148928211670418
0	0.0119899223567607
0	0.0150990729451242
0	0.021871644802248
0	0.0119836407467462
0	0.0150990729451242
0	0.0100025513072702
0	0.0150990729451242
0	0.0281209630766194
0	0.0150990729451242
0	0.0150990729451242
0	0.0175819445823891
0	0.0150990729451242
0	0.0150990729451242
0	0.0150990729451242
0	0.010612773748474
0	0.0150990729451242
0	0.00824964117704017
0	0.736983849766588
0	0.0150990729451242
0	0.0150990729451242
0	0.0133121775555447
0	0.0150990729451242
0	0.0150990729451242
0	0.0322212868724415
0	0.0150990729451242
0	0.00964502187847863
0	0.0281209630766194
0	0.0150990729451242
0	0.0150990729451242
0	0.0150990729451242
0	0.0150990729451242
0	0.021871644802248
0	0.0178691729839984
0	0.0102376954886899
0	0.0150990729451242
0	0.0150990729451242
0	0.0150990729451242
0	0.0150990729451242
0	0.0107373096715621
0	0.0150990729451242
0	0.0147437302913272
0	0.0150990729451242
0	0.0150990729451242
0	0.0150990729451242
0	0.00493317494847867
0	0.0150990729451242
0	0.0197819401281977
0	0.0150990729451242
0	0.0150990729451242
0	0.11921091413873
0	0.0150990729451242
0	0.0150990729451242
0	0.0112906703149578
0	0.0150990729451242
0	0.0312486138911393
0	0.0150990729451242
0	0.0218219967233002
0	0.0150990729451242
0	0.0100025513072702
0	0.0150990729451242
0	0.0150990729451242
0	0.0150990729451242
0	0.0224537607510766
0	0.0150990729451242
0	0.0150990729451242
0	0.0150990729451242
0	0.0150990729451242
0	0.021237839994451
0	0.0235548406094704
0	0.021237839994451
0	0.0150990729451242
0	0.0202148188513318
0	0.0107373096715621
0	0.0150990729451242
0	0.0164245385331266
0	0.0307278380202783
0	0.0150990729451242
0	0.021871644802248
0	0.0150990729451242
0	0.0150990729451242
0	0.0154355063766886
0	0.0174378385590159
0	0.0150990729451242
0	0.0220244746780365
0	0.0225098309426177
0	0.0150990729451242
0	0.0150990729451242
0	0.0150990729451242
0	0.0158573196837988
0	0.0150990729451242
0	0.0170320310030586
0	0.0219636929436388
0	0.014345251580702
0	0.0239637061602047
0	0.0150990729451242
0	0.0172480720562777
0	0.0150990729451242
0	0.0308576062024024
0	0.0150990729451242
0	0.0150990729451242
0	0.839004126996869
0	0.0150990729451242
0	0.0131727567144799
0	0.0150990729451242
0	0.018495703105429
0	0.0407202198105716
0	0.0121778124394009
0	0.0150990729451242
0	0.0150990729451242
0	0.0435054593908408
0	0.00560419524794569
0	0.0150990729451242
0	0.0150990729451242
0	0.0150990729451242
0	0.0148928211670418
0	0.0150990729451242
0	0.0150990729451242
0	0.0105306083977055
0	0.0150990729451242
0	0.0287980294277266
0	0.0150990729451242
0	0.0150990729451242
0	0.0105306083977055
0	0.0020747375268353
0	0.0150990729451242
0	0.00990148549660362
0	0.0150990729451242
0	0.0150990729451242
0	0.0150990729451242
0	0.0146961635521366
0	0.0105780672398137
0	0.0150990729451242
0	0.0150990729451242
0	0.0150990729451242
0	0.0261844347404169
0	0.0125056367768209
0	0.0158931426635808
0	0.0150990729451242
0	0.0102148910373848
0	0.0190573617566326
0	0.0150990729451242
0	0.0150990729451242
0	0.0187455133415217
0	0.0270337280491249
0	0.0150990729451242
0	0.0150990729451242
0	0.00878377057490504
0	0.0150990729451242
0	0.0268189137788555
0	0.0150990729451242
0	0.0134352932295792
0	0.00781474667461618
0	0.0150990729451242
0	0.0150990729451242
0	0.021237839994451
0	0.0150990729451242
0	0.0197795888641427
0	0.0150990729451242
0	0.0150990729451242
0	0.0332678471355794
0	0.00964502187847863
0	0.0192669315098246
0	0.0150990729451242
0	0.0150990729451242
0	0.104176879811313
0	0.0155037933259506
0	0.0150990729451242
0	0.0150990729451242
0	0.0133121775555447
0	0.0150990729451242
0	0.0153808048763627
0	0.0212725798473533
0	0.0279881422422909
0	0.0150990729451242
0	0.0150990729451242
0	0.040437481462241
0	0.0168611039126921
0	0.0121693477431511
0	0.0150990729451242
0	0.0150990729451242
0	0.0150990729451242
0	0.0128237388151103
0	0.0150990729451242
0	0.0255538565036671
0	0.011109279456481
0	0.0150990729451242
0	0.0169897991875918
0	0.0150990729451242
0	0.0153808048763627
0	0.0150990729451242
0	0.0187455133415217
0	0.0150990729451242
0	0.0150990729451242
0	0.0534998306316264
0	0.0489084701529976
0	0.0150990729451242
0	0.0218219967233002
0	0.0222495792535886
0	0.0150990729451242
0	0.0196833059217955
0	0.0080683756769953
0	0.404229333629804
0	0.0150990729451242
0	0.0153808048763627
0	0.00675566174159235
0	0.0150990729451242
0	0.0150990729451242
0	0.00649665798805708
0	0.0150990729451242
0	0.0360970619661772
0	0.0150990729451242
0	0.0150990729451242
0	0.014345251580702
0	0.115831041005974
0	0.0285879643744716
0	0.0231068795922189
0	0.0150990729451242
0	0.0102148910373848
0	0.0174762999993839
0	0.0150990729451242
0	0.0199129761157652
0	0.0099048041375197
0	0.0150990729451242
0	0.0150990729451242
0	0.019240558661026
0	0.0150990729451242
0	0.0172480720562777
0	0.0101214005373134
0	0.0150990729451242
0	0.0100568702013058
0	0.0100025513072702
0	0.0185807503350723
0	0.958137146909553
0	0.351514714790461
0	0.0155009625902951
0	0.0100025513072702
0	0.0135344741580998
0	0.0150990729451242
0	0.0141858265964048
0	0.0200653060617651
0	0.0144953344737556
0	0.00964502187847863
0	0.0440171198826595
0	0.0150990729451242
0	0.0150990729451242
0	0.0150990729451242
0	0.0150990729451242
0	0.0448470215560359
0	0.318604562678584
0	0.0150990729451242
0	0.0193119478743323
0	0.0148928211670418
0	0.233627158915952
0	0.0150990729451242
0	0.0100188531171892
0	0.0187455133415217
0	0.0150990729451242
0	0.0120989261723006
0	0.0150990729451242
0	0.0150990729451242
0	0.0270730711577874
0	0.0150990729451242
0	0.0150990729451242
0	0.0107373096715621
0	0.0150990729451242
0	0.0151363071925097
0	0.0150990729451242
0	0.0150990729451242
0	0.0103728324575962
0	0.021871644802248
0	0.0100025513072702
0	0.0252877811830763
0	0.0100025513072702
0	0.0204852832489356
0	0.0155844038011085
0	0.0143110266651551
0	0.0150990729451242
0	0.0150990729451242
0	0.0053026913227337
0	0.0150990729451242
0	0.0131727567144799
0	0.0150990729451242
0	0.0150990729451242
0	0.0150990729451242
0	0.0150990729451242
0	0.030541988844032
0	0.0150990729451242
0	0.0150990729451242
0	0.114527314305186
0	0.0135344741580998
0	0.0142708358542249
0	0.060989084547819
0	0.013058682186789
0	0.0135344741580998
0	0.0131727567144799
0	0.0141892691377718
0	0.0150990729451242
0	0.00964502187847863
0	0.0207379413555904
0	0.0150990729451242
0	0.0150990729451242
0	0.0105306083977055
0	0.0150990729451242
0	0.0150990729451242
0	0.0281209630766194
0	0.0150990729451242
0	0.0174378385590159
0	0.0150990729451242
0	0.0127504188402936
0	0.0150990729451242
0	0.0150990729451242
0	0.031166551280741
0	0.0150990729451242
0	0.0174762999993839
0	0.0150990729451242
0	0.0150990729451242
0	0.021871644802248
0	0.021871644802248
0	0.0150990729451242
0	0.0322212868724415
0	0.00731059242640695
0	0.0150990729451242
0	0.0150990729451242
0	0.0150990729451242
0	0.0150990729451242
0	0.0150990729451242
0	0.0150990729451242
0	0.0152020081284201
0	0.0100025513072702
0	0.0150990729451242
0	0.0100025513072702
0	0.106236157696507
0	0.0150990729451242
0	0.0150990729451242
0	0.0150990729451242
0	0.0150990729451242
0	0.00479926498066169
0	0.0150990729451242
0	0.0150990729451242
0	0.021871644802248
0	0.0123334295286532
0	0.01007467421927
0	0.0150990729451242
0	0.00780896100834187
0	0.0247972460904951
0	0.0225851763159716
0	0.0150990729451242
0	0.0274503624899103
0	0.0150990729451242
0	0.0225851763159716
0	0.00597198367305459
0	0.0150990729451242
0	0.0281209630766194
0	0.0150990729451242
0	0.0102148910373848
0	0.0157401111428449
0	0.0150990729451242
0	0.0150990729451242
0	0.0195164829094115
0	0.0150990729451242
0	0.0107373096715621
0	0.0116908289098191
0	0.0148928211670418
0	0.0150990729451242
0	0.0191615916730735
0	0.289329637298121
0	0.0150990729451242
0	0.0114596995633009
0	0.0150990729451242
0	0.0202148188513318
0	0.0150990729451242
0	0.0110508119154903
0	0.0273453909767021
0	0.0221416565862309
0	0.0150990729451242
0	0.0614147716511616
0	0.0150990729451242
0	0.0147437302913272
0	0.0104835244320637
0	0.0150990729451242
0	0.0151299748138254
0	0.0150990729451242
0	0.0150990729451242
0	0.0270730711577874
0	0.0255895703195629
0	0.0147437302913272
0	0.0174378385590159
0	0.0150990729451242
0	0.0150990729451242
0	0.0105306083977055
0	0.0153808048763627
0	0.464413204800255
0	0.0111816492612887
0	0.0150990729451242
0	0.0150990729451242
0	0.0130884219685994
0	0.00920468832813391
0	0.0150990729451242
0	0.0111816492612887
0	0.0150990729451242
0	0.0150990729451242
0	0.0213960846989527
0	0.0150990729451242
0	0.0150990729451242
0	0.0150990729451242
0	0.0150990729451242
0	0.447713812599627
0	0.0179008473388682
0	0.0296551322739025
0	0.0150990729451242
0	0.0150990729451242
0	0.0448294697254893
0	0.0065130758900157
0	0.0245574676853859
0	0.0153808048763627
0	0.0150990729451242
0	0.0150990729451242
0	0.0235386696663664
0	0.0925762531207136
0	0.0249524824053123
0	0.0133121775555447
0	0.00725366055885753
0	0.0117165789670592
0	0.0218219967233002
0	0.00611211577361735
0	0.0189468066394144
0	0.0150990729451242
0	0.0150990729451242
0	0.015170763947839
0	0.0447548065033479
0	0.013058682186789
0	0.0350006933383584
0	0.00435472386427093
0	0.0102148910373848
0	0.0150990729451242
0	0.0150990729451242
0	0.0150990729451242
0	0.0344092079469111
0	0.0150990729451242
0	0.0150990729451242
0	0.021237839994451
0	0.0131658505695398
0	0.0126137860260494
0	0.121637109831803
0	0.754572528599859
0	0.0150990729451242
0	0.0150990729451242
0	0.0150990729451242
0	0.0277410650730658
0	0.0100025513072702
0	0.0150990729451242
0	0.0472470189010809
0	0.0405623477086848
0	0.00975968159667824
0	0.0183900772713899
0	0.0150990729451242
0	0.00967773759390579
0	0.0150990729451242
0	0.067664448543863
0	0.00964502187847863
0	0.0150990729451242
0	0.0150990729451242
0	0.0150990729451242
0	0.018495703105429
0	0.0157723039550688
0	0.014345251580702
0	0.0150990729451242
0	0.0150990729451242
0	0.0191072833860513
0	0.0150990729451242
0	0.0150990729451242
0	0.00387658962289814
0	0.0100025513072702
0	0.0150990729451242
0	0.0150990729451242
0	0.00964502187847863
0	0.0281209630766194
0	0.0150990729451242
0	0.0150990729451242
0	0.0150990729451242
0	0.0253508777507839
0	0.0403431543339451
0	0.0114407595332089
0	0.0150990729451242
0	0.0150990729451242
0	0.0152198434242236
0	0.00870045794352476
0	0.00224856691425859
0	0.0150990729451242
0	0.021408353691283
0	0.0150990729451242
0	0.0150990729451242
0	0.0150990729451242
0	0.0150990729451242
0	0.00927927283054149
0	0.0100025513072702
0	0.0150990729451242
0	0.0219302719446293
0	0.0333007769881187
0	0.0150990729451242
0	0.0548090458871348
0	0.0124954288603905
0	0.0150990729451242
0	0.0150990729451242
0	0.0150990729451242
0	0.0236694739999
0	0.0150990729451242
0	0.0150990729451242
0	0.0150990729451242
0	0.0356507710419376
0	0.0580768414712179
0	0.00963846074885307
0	0.0150990729451242
0	0.0150990729451242
0	0.0150990729451242
0	0.0150990729451242
0	0.0150990729451242
0	0.0281209630766194
0	0.0288562115210838
0	0.0150990729451242
0	0.0283630709124435
0	0.00927927283054149
0	0.0170129722460826
0	0.0150990729451242
0	0.0150990729451242
0	0.0155009625902951
0	0.0175769818910206
0	0.014116947939055
0	0.0150990729451242
0	0.0219302719446293
0	0.0172480720562777
0	0.0114491199652043
0	0.0150990729451242
0	0.0240476115711641
0	0.0150990729451242
0	0.0150990729451242
0	0.0150990729451242
0	0.0150990729451242
0	0.0150990729451242
0	0.0281209630766194
0	0.0150990729451242
0	0.0301199568044546
0	0.0135660508956826
0	0.0150990729451242
0	0.0150990729451242
0	0.0150990729451242
0	0.0150990729451242
0	0.0150990729451242
0	0.0150990729451242
0	0.0496445662398739
0	0.0150990729451242
0	0.0105306083977055
0	0.0307095018913277
0	0.0150990729451242
0	0.0144117830893102
0	0.0155009625902951
0	0.0124571639068749
0	0.0150990729451242
0	0.0201838213555767
0	0.0307278380202783
0	0.0172480720562777
0	0.012250110535086
0	0.021871644802248
0	0.0150990729451242
0	0.028533894596366
0	0.0107280263575423
0	0.0150990729451242
0	0.0207850825405273
0	0.0150990729451242
0	0.0150990729451242
0	0.0150990729451242
0	0.0150990729451242
0	0.0150990729451242
0	0.0147342974875514
0	0.0150990729451242
0	0.0150990729451242
0	0.0191072833860513
0	0.0115181599475861
0	0.0150990729451242
0	0.0164630903809167
0	0.0150990729451242
0	0.0150990729451242
0	0.0150990729451242
0	0.0150990729451242
0	0.0107373096715621
0	0.0150990729451242
0	0.03923050722268
0	0.300434854960241
0	0.279188979410715
0	0.0212725798473533
0	0.0150990729451242
0	0.0148928211670418
0	0.0150990729451242
0	0.0100025513072702
0	0.0150990729451242
0	0.0150990729451242
0	0.0105306083977055
0	0.0150990729451242
0	0.0150990729451242
0	0.0107373096715621
0	0.0196912913487236
0	0.0105306083977055
0	0.0155844038011085
0	0.017940311359562
0	0.0164690375981654
0	0.0150990729451242
0	0.0150990729451242
0	0.0214732101372664
0	0.0150990729451242
0	0.0150990729451242
0	0.0150990729451242
0	0.0150990729451242
0	0.0150990729451242
0	0.0241159470560803
0	0.0157287002973959
0	0.0150990729451242
0	0.0150990729451242
0	0.0102148910373848
0	0.0090259432574933
0	0.0142553510462864
0	0.0136130915113257
0	0.0150990729451242
0	0.0150990729451242
0	0.0128868929899462
0	0.0150990729451242
0	0.0102148910373848
0	0.0150990729451242
0	0.0150990729451242
0	0.0150990729451242
0	0.0150990729451242
0	0.0150990729451242
0	0.0150990729451242
0	0.0150990729451242
0	0.00482890013389533
0	0.0150990729451242
0	0.0125056367768209
0	0.0150990729451242
0	0.0150990729451242
0	0.0174762999993839
0	0.0155009625902951
0	0.0150990729451242
0	0.084651994784733
0	0.00976041516438355
0	0.0174762999993839
0	0.0267504270986645
0	0.0150990729451242
0	0.0126464214680445
0	0.0105306083977055
0	0.0105306083977055
0	0.0135344741580998
0	0.024415534050813
0	0.0150990729451242
0	0.0219302719446293
0	0.0150990729451242
0	0.0150990729451242
0	0.0150990729451242
0	0.0144953344737556
0	0.0132671856156139
0	0.0250896242539115
0	0.0150990729451242
0	0.0157938597481618
0	0.021871644802248
0	0.0132222701086107
0	0.0150990729451242
0	0.0111732942085646
0	0.0150990729451242
0	0.0150990729451242
0	0.0150990729451242
0	0.0116496330554324
0	0.0353064144653844
0	0.0121801445343595
0	0.0293277573590363
0	0.0150990729451242
0	0.0239766315415453
0	0.0150990729451242
0	0.0212220504818817
0	0.0343665794556085
0	0.0150990729451242
0	0.0150990729451242
0	0.0150990729451242
0	0.0266421682859345
0	0.0150990729451242
0	0.0150990729451242
0	0.0150990729451242
0	0.0150990729451242
0	0.021237839994451
0	0.0150990729451242
0	0.0150990729451242
0	0.0112007128277318
0	0.0120085159269265
0	0.0150990729451242
0	0.0557653229628899
0	0.0150990729451242
0	0.0262869867327943
0	0.0150990729451242
0	0.0150990729451242
0	0.0150990729451242
0	0.0150990729451242
0	0.0147981310261351
0	0.021871644802248
0	0.0150990729451242
0	0.0150990729451242
0	0.0122535866794341
0	0.0150990729451242
0	0.0150990729451242
0	0.0152198434242236
0	0.0150990729451242
0	0.0150990729451242
0	0.0150990729451242
0	0.259821117301707
0	0.0157900731138806
0	0.0125056367768209
0	0.0150990729451242
0	0.0153808048763627
0	0.0150990729451242
0	0.0150990729451242
0	0.0150990729451242
0	0.0150990729451242
0	0.024239046146357
0	0.0150990729451242
0	0.0150990729451242
0	0.00449631076683645
0	0.0150990729451242
0	0.0150990729451242
0	0.0151336537698925
0	0.0150990729451242
0	0.0150990729451242
0	0.0187455133415217
0	0.0228889598672203
0	0.0221612355462801
0	0.0150990729451242
0	0.0150990729451242
0	0.0150990729451242
0	0.00915169903552309
0	0.0150990729451242
0	0.0150990729451242
0	0.0182621050993017
0	0.0219302719446293
0	0.0156155975834344
0	0.0115138842913229
0	0.0150990729451242
0	0.0219398745037777
0	0.0273453909767021
0	0.0150990729451242
0	0.0150990729451242
0	0.021871644802248
0	0.0150990729451242
0	0.0134827539923124
0	0.0124903802629794
0	0.799520372401171
0	0.0150990729451242
0	0.0109049721217338
0	0.707863888006679
0	0.0150990729451242
0	0.0294362338406911
0	0.0365277113329784
0	0.0150990729451242
0	0.0150990729451242
0	0.0150990729451242
0	0.0266216341343859
0	0.0150990729451242
0	0.030984042378882
0	0.00364622124175088
0	0.0293101595960387
0	0.021871644802248
0	0.0147534984832877
0	0.0161663108578296
0	0.0163854886124775
0	0.0150990729451242
0	0.0281209630766194
0	0.0150990729451242
0	0.0725857111316759
0	0.0150990729451242
0	0.0384739609599015
0	0.0221416565862309
0	0.0133121775555447
0	0.0110508119154903
0	0.0133121775555447
0	0.0150990729451242
0	0.0164245385331266
0	0.0139003890944294
0	0.0150990729451242
0	0.018495703105429
0	0.0150990729451242
0	0.0150990729451242
0	0.0150990729451242
0	0.0150990729451242
0	0.0293072917567706
0	0.0181916126987081
0	0.0127695610205732
0	0.0150990729451242
0	0.020607731506615
0	0.0199935175004856
0	0.0180653737240156
0	0.0150990729451242
0	0.0105306083977055
0	0.0150990729451242
0	0.199020205774293
0	0.018495703105429
0	0.0105306083977055
0	0.0150990729451242
0	0.0150990729451242
0	0.0150990729451242
0	0.0117922126168757
0	0.0150990729451242
0	0.0548433225545457
0	0.0150990729451242
0	0.0150990729451242
0	0.0273393559003947
0	0.0150990729451242
0	0.0150990729451242
0	0.00709289735470519
0	0.0150990729451242
0	0.0150990729451242
0	0.0153808048763627
0	0.0150990729451242
0	0.0172053406405229
0	0.0461858346184683
0	0.0112183547875928
0	0.0150990729451242
0	0.0150990729451242
0	0.0150990729451242
0	0.0150990729451242
0	0.0150990729451242
0	0.0126861708310766
0	0.0153808048763627
0	0.0150990729451242
0	0.0101665772938129
0	0.0172480720562777
0	0.0375797363565195
0	0.0623450312145246
0	0.0150990729451242
0	0.0150990729451242
0	0.00829605914706343
0	0.0101314563502642
0	0.00441426883514564
0	0.0150990729451242
0	0.0150990729451242
0	0.0150990729451242
0	0.0150990729451242
0	0.0143540283350168
0	0.0141858265964048
0	0.0440837285614061
0	0.132317023418049
0	0.0130216401194186
0	0.0254879374355199
0	0.0150990729451242
0	0.0150990729451242
0	0.035495426795253
0	0.0150990729451242
0	0.0232535933657363
0	0.339472412944683
0	0.0150990729451242
0	0.0150990729451242
0	0.0218812930912717
0	0.0153808048763627
0	0.0132177467630683
0	0.0150990729451242
0	0.0150990729451242
0	0.0150990729451242
0	0.0150990729451242
0	0.0150990729451242
0	0.0165343255835357
0	0.024619905962416
0	0.0215749069420546
0	0.0150990729451242
0	0.0150990729451242
0	0.00936715766364099
0	0.0343665794556085
0	0.0150990729451242
0	0.0150990729451242
0	0.0718177743024659
0	0.0150990729451242
0	0.0150990729451242
0	0.0150990729451242
0	0.0150990729451242
0	0.00675566174159235
0	0.00401760980792787
0	0.0345988856327427
0	0.0150990729451242
0	0.0150990729451242
0	0.0113309859944898
0	0.0136603778355288
0	0.0105306083977055
0	0.018495703105429
0	0.0150990729451242
0	0.0133121775555447
0	0.0150990729451242
0	0.0281209630766194
0	0.0150990729451242
0	0.0104064524734995
0	0.00951255230824338
0	0.0451743098534486
0	0.0150990729451242
0	0.0165850649844241
0	0.0150990729451242
0	0.0150990729451242
0	0.040940708844066
0	0.0150990729451242
0	0.451123907939426
0	0.0150990729451242
0	0.873085431141104
0	0.0150990729451242
0	0.0128868929899462
0	0.0150990729451242
0	0.0150990729451242
0	0.0239375724104756
0	0.0129040145281225
0	0.0125093813706263
0	0.0134175795378978
0	0.0150990729451242
0	0.0150990729451242
0	0.00643460723356073
0	0.0105306083977055
0	0.00755493807154048
0	0.0150990729451242
0	0.0303754212910668
0	0.0107373096715621
0	0.0150990729451242
0	0.0150990729451242
0	0.0150990729451242
0	0.0150990729451242
0	0.0150990729451242
0	0.0105306083977055
0	0.0100025513072702
0	0.0128868929899462
0	0.0125857529297297
0	0.00607957365768693
0	0.0150990729451242
0	0.00557171517252902
0	0.0138836295930845
0	0.0150990729451242
0	0.0150990729451242
0	0.0150990729451242
0	0.0173460771719776
0	0.0150990729451242
0	0.0125093813706263
0	0.0186020098165649
0	0.013706008720027
0	0.0150990729451242
0	0.0105306083977055
0	0.021237839994451
0	0.0150990729451242
0	0.0150990729451242
0	0.0310701026879873
0	0.0150990729451242
0	0.0150990729451242
0	0.0150990729451242
0	0.0174762999993839
0	0.0141858265964048
0	0.0150990729451242
0	0.0150990729451242
0	0.0150990729451242
0	0.0150990729451242
0	0.0256176653857985
0	0.0138530549114898
0	0.0159558908781666
0	0.0150990729451242
0	0.0150990729451242
0	0.0150990729451242
0	0.0133121775555447
0	0.0187455133415217
0	0.0512406166096612
0	0.0106842661390412
0	0.0150990729451242
0	0.0150990729451242
0	0.0189588805954892
0	0.0176430173315549
0	0.0150990729451242
0	0.0150990729451242
0	0.018495703105429
0	0.0150990729451242
0	0.0150990729451242
0	0.00488456542782896
0	0.0258678413931423
0	0.0270730711577874
0	0.0102148910373848
0	0.0105306083977055
0	0.0150990729451242
0	0.0150990729451242
0	0.018887534487937
0	0.00272127844929488
0	0.0302457351183253
0	0.0150990729451242
0	0.0713617719632367
0	0.0157228958568521
0	0.0150990729451242
0	0.0150990729451242
0	0.0150990729451242
0	0.0380590861920439
0	0.0150990729451242
0	0.0163061062541245
0	0.0150990729451242
0	0.021237839994451
0	0.0334898629017043
0	0.018830395254016
0	0.0150990729451242
0	0.00993953583642946
0	0.0254455614632341
0	0.33895032081785
0	0.0172480720562777
0	0.0150990729451242
0	0.0150990729451242
0	0.00797875753123449
0	0.0150990729451242
0	0.027968771653989
0	0.0281209630766194
0	0.0132671856156139
0	0.00980052892843754
0	0.0150990729451242
0	0.0150990729451242
0	0.0150990729451242
0	0.0150990729451242
0	0.014929554508272
0	0.021237839994451
0	0.0121693477431511
0	0.0157401111428449
0	0.0150990729451242
0	0.0150990729451242
0	0.0128868929899462
0	0.0150990729451242
0	0.0150990729451242
0	0.0150990729451242
0	0.0150990729451242
0	0.0150990729451242
0	0.0150990729451242
0	0.0150990729451242
0	0.0191072833860513
0	0.021237839994451
0	0.0150990729451242
0	0.0150990729451242
0	0.0150990729451242
0	0.0150990729451242
0	0.0150990729451242
0	0.0150990729451242
0	0.021237839994451
0	0.0150990729451242
0	0.0150990729451242
0	0.0141100382222349
0	0.0150990729451242
0	0.0150990729451242
0	0.0150990729451242
0	0.0150990729451242
0	0.0150990729451242
0	0.0150990729451242
0	0.0150990729451242
0	0.0128868929899462
0	0.0150990729451242
0	0.0150990729451242
0	0.0107373096715621
0	0.0131809966910174
0	0.0150990729451242
0	0.00646011940626702
0	0.0405623477086848
0	0.0150990729451242
0	0.0150990729451242
0	0.0150990729451242
0	0.0130345964868918
0	0.0150990729451242
0	0.0155009625902951
0	0.0494969597784346
0	0.0605636001713229
0	0.0150990729451242
0	0.0105724494116108
0	0.0150990729451242
0	0.00708318495495786
0	0.0281209630766194
0	0.0150990729451242
0	0.0150990729451242
0	0.0139003890944294
0	0.0150990729451242
0	0.0150990729451242
0	0.0150990729451242
0	0.0150990729451242
0	0.0150990729451242
0	0.0112183547875928
0	0.0150990729451242
0	0.0155009625902951
0	0.0195935442318454
0	0.063797060317881
0	0.0201838213555767
0	0.0150990729451242
0	0.0281209630766194
0	0.0150990729451242
0	0.552212640097189
0	0.0180087632303903
0	0.0150990729451242
0	0.0150990729451242
0	0.0105306083977055
0	0.0297217671591757
0	0.0150990729451242
0	0.0250469317083658
0	0.115166358833515
0	0.0281209630766194
0	0.0150990729451242
0	0.0150990729451242
0	0.113868766528932
0	0.00849801537118482
0	0.0144053543328926
0	0.021237839994451
0	0.0148928211670418
0	0.0150990729451242
0	0.0150990729451242
0	0.0150990729451242
0	0.0312148950064626
0	0.0174762999993839
0	0.0102148910373848
0	0.0150990729451242
0	0.0150990729451242
0	0.0109049721217338
0	0.0880177473042034
0	0.0346155546748475
0	0.0150990729451242
0	0.0150990729451242
0	0.0150990729451242
0	0.0150990729451242
0	0.0150990729451242
0	0.0111252716534745
0	0.0273453909767021
0	0.0150990729451242
0	0.0150990729451242
0	0.0136012693758055
0	0.0135344741580998
0	0.0388926627854088
0	0.0201823331953003
0	0.0403236820027761
0	0.0193296517423065
0	0.0150990729451242
0	0.0115528107918145
0	0.0155991800977918
0	0.0150990729451242
0	0.0150990729451242
0	0.0150990729451242
0	0.0150990729451242
0	0.0150990729451242
0	0.0150990729451242
0	0.0150990729451242
0	0.018495703105429
0	0.0150990729451242
0	0.0150990729451242
0	0.0150990729451242
0	0.00596368035542166
0	0.0150990729451242
0	0.0150990729451242
0	0.022552762370317
0	0.0150990729451242
0	0.0150990729451242
0	0.0138953755468327
0	0.0345659639028851
0	0.0150990729451242
0	0.0150990729451242
0	0.02094951694369
0	0.0255710498967874
0	0.0128868929899462
0	0.0150990729451242
0	0.0150990729451242
0	0.0133121775555447
0	0.0150990729451242
0	0.0154396315815469
0	0.0141602765379241
0	0.0150990729451242
0	0.0150990729451242
0	0.0209773012334565
0	0.0150990729451242
0	0.0150990729451242
0	0.0150990729451242
0	0.0277514954248179
0	0.0172480720562777
0	0.0187455133415217
0	0.0150990729451242
0	0.0150990729451242
0	0.0667420299109393
0	0.0150990729451242
0	0.844595716615107
0	0.0146613193610484
0	0.021237839994451
0	0.0141858265964048
0	0.101077866547791
0	0.0274503624899103
0	0.0221175149595733
0	0.0150990729451242
0	0.0150990729451242
0	0.0173460771719776
0	0.0150990729451242
0	0.0213960846989527
0	0.0150990729451242
0	0.0103398498140205
0	0.0129502193175697
0	0.0150990729451242
0	0.0150990729451242
0	0.0150990729451242
0	0.0100025513072702
0	0.0112337380004674
0	0.0150990729451242
0	0.0150990729451242
0	0.00952619166267289
0	0.0150990729451242
0	0.0150990729451242
0	0.0150990729451242
0	0.0150990729451242
0	0.0106140669321549
0	0.0150990729451242
0	0.0189588805954892
0	0.0150990729451242
0	0.018495703105429
0	0.0150990729451242
0	0.0150990729451242
0	0.0150990729451242
0	0.018495703105429
0	0.266047723539595
0	0.0150990729451242
0	0.0174393209922499
0	0.0150990729451242
0	0.0150990729451242
0	0.0150990729451242
0	0.0150990729451242
0	0.0175512034534811
0	0.0150990729451242
0	0.0150990729451242
0	0.0173460771719776
0	0.0150990729451242
0	0.0150990729451242
0	0.0150990729451242
0	0.0317156792283498
0	0.0150990729451242
0	0.0150990729451242
0	0.0150990729451242
0	0.0150990729451242
0	0.0150990729451242
0	0.0150990729451242
0	0.57979673716138
0	0.0150990729451242
0	0.0150990729451242
0	0.0212725798473533
0	0.0150990729451242
0	0.0281209630766194
0	0.0141221394621512
0	0.00440890512363197
0	0.0114346015037394
0	0.0150990729451242
0	0.0150990729451242
0	0.0187455133415217
0	0.0150990729451242
0	0.0150990729451242
0	0.329626094778997
0	0.0150990729451242
0	0.0163887471754147
0	0.0150990729451242
0	0.00479238389953543
0	0.0150990729451242
0	0.00711148108888759
0	0.0150990729451242
0	0.0150990729451242
0	0.0150990729451242
0	0.0150990729451242
0	0.0150990729451242
0	0.0187455133415217
0	0.0213673273360503
0	0.0150990729451242
0	0.0105306083977055
0	0.0106561820831241
0	0.00997332911126959
0	0.01028159763785
0	0.0343665794556085
0	0.0151299748138254
0	0.0159031405533129
0	0.0150990729451242
0	0.0150990729451242
0	0.0150990729451242
0	0.00966285541852027
0	0.0212725798473533
0	0.0147437302913272
0	0.0157401111428449
0	0.0100025513072702
0	0.0150990729451242
0	0.0150990729451242
0	0.0150990729451242
0	0.0150990729451242
0	0.0150990729451242
0	0.00711353991408616
0	0.0281209630766194
0	0.0150990729451242
0	0.025026826468956
0	0.016382281515689
0	0.020945206809064
0	0.0157401111428449
0	0.0150990729451242
0	0.0150990729451242
0	0.0150990729451242
0	0.02094951694369
0	0.0172480720562777
