1	0.609707901169827
1	0.690385716602118
1	0.690385716602118
1	0.64083166819694
1	0.667359056781888
1	0.690385716602118
1	0.690137812259083
1	0.500999407670379
1	0.427853379467258
1	0.690385716602118
1	0.690385716602118
1	0.456489004817177
1	0.690385716602118
1	0.690385716602118
1	0.301074450220204
1	0.544265532488936
1	0.478352825607004
1	0.041354216586767
1	0.666855219506756
1	0.664772230739777
1	0.401994337272322
1	0.662798640429925
1	0.45579497625353
1	0.690385716602118
1	0.690385716602118
1	0.635128610506264
1	0.041354216586767
1	0.690385716602118
1	0.690385716602118
1	0.690385716602118
1	0.041354216586767
1	0.530140947516957
1	0.690385716602118
1	0.690385716602118
1	0.041354216586767
1	0.690137812259083
1	0.690137812259083
1	0.501289284322593
1	0.690385716602118
1	0.665030578890372
1	0.686480952488881
1	0.690385716602118
1	0.164744739578976
1	0.429862367658635
1	0.690385716602118
1	0.609772299969492
1	0.041354216586767
1	0.690385716602118
1	0.690385716602118
1	0.690385716602118
1	0.609707901169827
1	0.041354216586767
1	0.664772230739777
1	0.665030578890372
1	0.690385716602118
1	0.690385716602118
1	0.45898016786072
1	0.609707901169827
1	0.688911388608963
1	0.607818882840155
1	0.666855219506756
1	0.666855219506756
1	0.690385716602118
1	0.667359056781888
1	0.690385716602118
1	0.19724783880642
1	0.275185973059591
1	0.666855219506756
1	0.041354216586767
1	0.667359056781888
1	0.690385716602118
1	0.041354216586767
1	0.650737081174934
1	0.666855219506756
1	0.041354216586767
1	0.664772230739777
1	0.664772230739777
1	0.690385716602118
1	0.151145146156255
1	0.586728901018383
1	0.345432411293197
1	0.690385716602118
1	0.690385716602118
1	0.545214468944721
1	0.690385716602118
1	0.690385716602118
1	0.5837428093456
1	0.690385716602118
1	0.690385716602118
1	0.690385716602118
1	0.690137812259083
1	0.690385716602118
1	0.665030578890372
1	0.690385716602118
1	0.650737081174934
1	0.690385716602118
1	0.690385716602118
1	0.041354216586767
1	0.0595295226707895
1	0.690137812259083
1	0.041354216586767
1	0.690385716602118
1	0.041354216586767
1	0.690385716602118
1	0.260138376583757
1	0.598527437321686
1	0.545214468944721
1	0.690385716602118
1	0.041354216586767
1	0.667359056781888
1	0.690385716602118
1	0.041354216586767
1	0.498627163576848
1	0.690385716602118
1	0.690385716602118
1	0.041354216586767
1	0.690385716602118
1	0.0749159771794594
1	0.690385716602118
1	0.149165411144557
1	0.690385716602118
1	0.665030578890372
1	0.664772230739777
1	0.690385716602118
1	0.041354216586767
1	0.690385716602118
1	0.690385716602118
1	0.690385716602118
1	0.690385716602118
1	0.261451403678473
1	0.665030578890372
1	0.329670225241888
1	0.665030578890372
1	0.650737081174934
1	0.64083166819694
1	0.504700235457795
1	0.64083166819694
1	0.300191298637594
1	0.690385716602118
1	0.690385716602118
1	0.660703193010699
1	0.690385716602118
1	0.041354216586767
1	0.609260055625336
1	0.664772230739777
1	0.690385716602118
1	0.664772230739777
1	0.690385716602118
1	0.427853379467258
1	0.690385716602118
1	0.690385716602118
1	0.690385716602118
1	0.575636321585851
1	0.666855219506756
1	0.667359056781888
1	0.299195558470413
1	0.320921543406341
1	0.537219319520226
1	0.665030578890372
1	0.690385716602118
1	0.474040924248423
1	0.690137812259083
1	0.48960293902085
1	0.690385716602118
1	0.690385716602118
1	0.041354216586767
1	0.665030578890372
1	0.041354216586767
1	0.690137812259083
1	0.667359056781888
1	0.690385716602118
1	0.560912537039964
1	0.690137812259083
1	0.690385716602118
1	0.665030578890372
1	0.64083166819694
1	0.690137812259083
1	0.690137812259083
1	0.664772230739777
1	0.0416281617273697
1	0.655377836951132
1	0.041354216586767
1	0.690137812259083
1	0.041354216586767
1	0.690385716602118
1	0.041354216586767
1	0.520461102203905
1	0.041354216586767
1	0.690385716602118
1	0.448482231878566
1	0.690385716602118
1	0.690385716602118
1	0.690385716602118
1	0.664772230739777
1	0.665030578890372
1	0.664772230739777
1	0.42318591293352
1	0.55415082403894
1	0.665030578890372
1	0.609772299969492
0	0.041354216586767
0	0.041354216586767
0	0.041354216586767
0	0.041354216586767
0	0.041354216586767
0	0.041354216586767
0	0.041354216586767
0	0.041354216586767
0	0.041354216586767
0	0.041354216586767
0	0.0458511297149594
0	0.041354216586767
0	0.0687590033607722
0	0.041354216586767
0	0.041354216586767
0	0.041354216586767
0	0.041354216586767
0	0.041354216586767
0	0.041354216586767
0	0.236324969187501
0	0.041354216586767
0	0.041354216586767
0	0.0432421630879206
0	0.041354216586767
0	0.041354216586767
0	0.041354216586767
0	0.041354216586767
0	0.041354216586767
0	0.041354216586767
0	0.041354216586767
0	0.041354216586767
0	0.0416281617273697
0	0.041354216586767
0	0.041354216586767
0	0.0502809874591906
0	0.041354216586767
0	0.041354216586767
0	0.041354216586767
0	0.0810449820125982
0	0.041354216586767
0	0.0489677436099776
0	0.041354216586767
0	0.041354216586767
0	0.041354216586767
0	0.041354216586767
0	0.041354216586767
0	0.041354216586767
0	0.041354216586767
0	0.041354216586767
0	0.041354216586767
0	0.041354216586767
0	0.041354216586767
0	0.0489677436099776
0	0.041354216586767
0	0.041354216586767
0	0.041354216586767
0	0.041354216586767
0	0.041354216586767
0	0.041354216586767
0	0.513901028393734
0	0.041354216586767
0	0.041354216586767
0	0.041354216586767
0	0.041354216586767
0	0.041354216586767
0	0.041354216586767
0	0.041354216586767
0	0.041354216586767
0	0.052789019412464
0	0.041354216586767
0	0.041354216586767
0	0.041354216586767
0	0.041354216586767
0	0.041354216586767
0	0.041354216586767
0	0.0629224970460511
0	0.041354216586767
0	0.041354216586767
0	0.041354216586767
0	0.041354216586767
0	0.041354216586767
0	0.041354216586767
0	0.041354216586767
0	0.041354216586767
0	0.041354216586767
0	0.041354216586767
0	0.041354216586767
0	0.041354216586767
0	0.041354216586767
0	0.041354216586767
0	0.041354216586767
0	0.041354216586767
0	0.041354216586767
0	0.041354216586767
0	0.0432421630879206
0	0.041354216586767
0	0.041354216586767
0	0.041354216586767
0	0.041354216586767
0	0.041354216586767
0	0.041354216586767
0	0.041354216586767
0	0.041354216586767
0	0.041354216586767
0	0.041354216586767
0	0.041354216586767
0	0.041354216586767
0	0.041354216586767
0	0.041354216586767
0	0.041354216586767
0	0.041354216586767
0	0.041354216586767
0	0.041354216586767
0	0.041354216586767
0	0.041354216586767
0	0.041354216586767
0	0.041354216586767
0	0.041354216586767
0	0.041354216586767
0	0.041354216586767
0	0.041354216586767
0	0.041354216586767
0	0.041354216586767
0	0.041354216586767
0	0.0728955312172505
0	0.041354216586767
0	0.041354216586767
0	0.041354216586767
0	0.041354216586767
0	0.056972817095384
0	0.041354216586767
0	0.041354216586767
0	0.041354216586767
0	0.041354216586767
0	0.0432421630879206
0	0.041354216586767
0	0.041354216586767
0	0.29948190169336
0	0.041354216586767
0	0.041354216586767
0	0.041354216586767
0	0.0809751973307474
0	0.041354216586767
0	0.041354216586767
0	0.041354216586767
0	0.041354216586767
0	0.041354216586767
0	0.041354216586767
0	0.041354216586767
0	0.041354216586767
0	0.041354216586767
0	0.041354216586767
0	0.041354216586767
0	0.041354216586767
0	0.041354216586767
0	0.160513532346011
0	0.041354216586767
0	0.041354216586767
0	0.041354216586767
0	0.041354216586767
0	0.041354216586767
0	0.041354216586767
0	0.041354216586767
0	0.041354216586767
0	0.041354216586767
0	0.041354216586767
0	0.041354216586767
0	0.041354216586767
0	0.041354216586767
0	0.041354216586767
0	0.041354216586767
0	0.041354216586767
0	0.041354216586767
0	0.041354216586767
0	0.041354216586767
0	0.041354216586767
0	0.041354216586767
0	0.041354216586767
0	0.041354216586767
0	0.041354216586767
0	0.0432421630879206
0	0.041354216586767
0	0.041354216586767
0	0.041354216586767
0	0.041354216586767
0	0.041354216586767
0	0.041354216586767
0	0.041354216586767
0	0.041354216586767
0	0.041354216586767
0	0.041354216586767
0	0.041354216586767
0	0.041354216586767
0	0.041354216586767
0	0.041354216586767
0	0.041354216586767
0	0.041354216586767
0	0.041354216586767
0	0.041354216586767
0	0.041354216586767
0	0.041354216586767
0	0.041354216586767
0	0.041354216586767
0	0.041354216586767
0	0.041354216586767
0	0.041354216586767
0	0.041354216586767
0	0.041354216586767
0	0.041354216586767
0	0.041354216586767
0	0.041354216586767
0	0.041354216586767
0	0.041354216586767
0	0.041354216586767
0	0.041354216586767
0	0.0416281617273697
0	0.041354216586767
0	0.041354216586767
0	0.041354216586767
0	0.041354216586767
0	0.041354216586767
0	0.041354216586767
0	0.041354216586767
0	0.0502809874591906
0	0.041354216586767
0	0.041354216586767
0	0.041354216586767
0	0.041354216586767
0	0.041354216586767
0	0.041354216586767
0	0.041354216586767
0	0.041354216586767
0	0.041354216586767
0	0.041354216586767
0	0.041354216586767
0	0.041354216586767
0	0.041354216586767
0	0.041354216586767
0	0.041354216586767
0	0.041354216586767
0	0.041354216586767
0	0.041354216586767
0	0.041354216586767
0	0.041354216586767
0	0.041354216586767
0	0.041354216586767
0	0.041354216586767
0	0.041354216586767
0	0.041354216586767
0	0.0597901376045371
0	0.041354216586767
0	0.041354216586767
0	0.041354216586767
0	0.041354216586767
0	0.041354216586767
0	0.041354216586767
0	0.048145369258976
0	0.041354216586767
0	0.041354216586767
0	0.041354216586767
0	0.041354216586767
0	0.041354216586767
0	0.041354216586767
0	0.041354216586767
0	0.041354216586767
0	0.041354216586767
0	0.041354216586767
0	0.041354216586767
0	0.041354216586767
0	0.041354216586767
0	0.041354216586767
0	0.041354216586767
0	0.041354216586767
0	0.041354216586767
0	0.041354216586767
0	0.041354216586767
0	0.041354216586767
0	0.041354216586767
0	0.041354216586767
0	0.041354216586767
0	0.041354216586767
0	0.041354216586767
0	0.041354216586767
0	0.041354216586767
0	0.041354216586767
0	0.041354216586767
0	0.041354216586767
0	0.041354216586767
0	0.041354216586767
0	0.041354216586767
0	0.041354216586767
0	0.041354216586767
0	0.041354216586767
0	0.041354216586767
0	0.041354216586767
0	0.041354216586767
0	0.041354216586767
0	0.041354216586767
0	0.041354216586767
0	0.041354216586767
0	0.041354216586767
0	0.041354216586767
0	0.121034072806978
0	0.041354216586767
0	0.041354216586767
0	0.041354216586767
0	0.041354216586767
0	0.041354216586767
0	0.041354216586767
0	0.041354216586767
0	0.041354216586767
0	0.041354216586767
0	0.041354216586767
0	0.041354216586767
0	0.041354216586767
0	0.041354216586767
0	0.041354216586767
0	0.0638879932715027
0	0.041354216586767
0	0.041354216586767
0	0.041354216586767
0	0.041354216586767
0	0.041354216586767
0	0.041354216586767
0	0.041354216586767
0	0.041354216586767
0	0.041354216586767
0	0.041354216586767
0	0.041354216586767
0	0.041354216586767
0	0.041354216586767
0	0.041354216586767
0	0.041354216586767
0	0.041354216586767
0	0.041354216586767
0	0.0416281617273697
0	0.041354216586767
0	0.041354216586767
0	0.041354216586767
0	0.041354216586767
0	0.041354216586767
0	0.041354216586767
0	0.041354216586767
0	0.041354216586767
0	0.041354216586767
0	0.041354216586767
0	0.041354216586767
0	0.041354216586767
0	0.041354216586767
0	0.041354216586767
0	0.041354216586767
0	0.041354216586767
0	0.041354216586767
0	0.041354216586767
0	0.041354216586767
0	0.041354216586767
0	0.041354216586767
0	0.041354216586767
0	0.041354216586767
0	0.041354216586767
0	0.041354216586767
0	0.0416281617273697
0	0.041354216586767
0	0.041354216586767
0	0.041354216586767
0	0.041354216586767
0	0.041354216586767
0	0.041354216586767
0	0.041354216586767
0	0.041354216586767
0	0.103670616011909
0	0.041354216586767
0	0.041354216586767
0	0.041354216586767
0	0.041354216586767
0	0.041354216586767
0	0.041354216586767
0	0.041354216586767
0	0.041354216586767
0	0.041354216586767
0	0.041354216586767
0	0.041354216586767
0	0.041354216586767
0	0.041354216586767
0	0.041354216586767
0	0.0647115546953013
0	0.0432421630879206
0	0.041354216586767
0	0.041354216586767
0	0.041354216586767
0	0.041354216586767
0	0.041354216586767
0	0.041354216586767
0	0.102511732588578
0	0.041354216586767
0	0.041354216586767
0	0.041354216586767
0	0.041354216586767
0	0.041354216586767
0	0.0432421630879206
0	0.041354216586767
0	0.041354216586767
0	0.041354216586767
0	0.041354216586767
0	0.041354216586767
0	0.041354216586767
0	0.041354216586767
0	0.041354216586767
0	0.041354216586767
0	0.041354216586767
0	0.060446314673489
0	0.041354216586767
0	0.041354216586767
0	0.041354216586767
0	0.041354216586767
0	0.041354216586767
0	0.041354216586767
0	0.041354216586767
0	0.041354216586767
0	0.041354216586767
0	0.041354216586767
0	0.041354216586767
0	0.041354216586767
0	0.041354216586767
0	0.041354216586767
0	0.041354216586767
0	0.041354216586767
0	0.041354216586767
0	0.041354216586767
0	0.041354216586767
0	0.041354216586767
0	0.041354216586767
0	0.041354216586767
0	0.041354216586767
0	0.0432421630879206
0	0.041354216586767
0	0.041354216586767
0	0.0597901376045371
0	0.041354216586767
0	0.041354216586767
0	0.041354216586767
0	0.041354216586767
0	0.041354216586767
0	0.0416281617273697
0	0.0597901376045371
0	0.0481011771880753
0	0.041354216586767
0	0.041354216586767
0	0.041354216586767
0	0.041354216586767
0	0.0578526563569569
0	0.041354216586767
0	0.041354216586767
0	0.041354216586767
0	0.041354216586767
0	0.041354216586767
0	0.0578526563569569
0	0.041354216586767
0	0.041354216586767
0	0.0416281617273697
0	0.041354216586767
0	0.041354216586767
0	0.041354216586767
0	0.224108121588967
0	0.041354216586767
0	0.041354216586767
0	0.041354216586767
0	0.041354216586767
0	0.041354216586767
0	0.041354216586767
0	0.041354216586767
0	0.041354216586767
0	0.041354216586767
0	0.041354216586767
0	0.041354216586767
0	0.041354216586767
0	0.041354216586767
0	0.041354216586767
0	0.041354216586767
0	0.041354216586767
0	0.0492895303386997
0	0.041354216586767
0	0.041354216586767
0	0.041354216586767
0	0.041354216586767
0	0.041354216586767
0	0.041354216586767
0	0.041354216586767
0	0.041354216586767
0	0.041354216586767
0	0.041354216586767
0	0.041354216586767
0	0.041354216586767
0	0.041354216586767
0	0.041354216586767
0	0.041354216586767
0	0.041354216586767
0	0.041354216586767
0	0.041354216586767
0	0.041354216586767
0	0.041354216586767
0	0.041354216586767
0	0.041354216586767
0	0.041354216586767
0	0.041354216586767
0	0.041354216586767
0	0.041354216586767
0	0.041354216586767
0	0.0432421630879206
0	0.041354216586767
0	0.115051665923375
0	0.041354216586767
0	0.041354216586767
0	0.041354216586767
0	0.041354216586767
0	0.041354216586767
0	0.041354216586767
0	0.041354216586767
0	0.041354216586767
0	0.041354216586767
0	0.041354216586767
0	0.041354216586767
0	0.041354216586767
0	0.0416281617273697
0	0.0489677436099776
0	0.041354216586767
0	0.041354216586767
0	0.041354216586767
0	0.041354216586767
0	0.041354216586767
0	0.041354216586767
0	0.041354216586767
0	0.0597901376045371
0	0.041354216586767
0	0.041354216586767
0	0.041354216586767
0	0.041354216586767
0	0.041354216586767
0	0.041354216586767
0	0.041354216586767
0	0.041354216586767
0	0.041354216586767
0	0.041354216586767
0	0.041354216586767
0	0.041354216586767
0	0.041354216586767
0	0.041354216586767
0	0.041354216586767
0	0.041354216586767
0	0.083006806863536
0	0.041354216586767
0	0.041354216586767
0	0.041354216586767
0	0.041354216586767
0	0.041354216586767
0	0.041354216586767
0	0.041354216586767
0	0.041354216586767
0	0.041354216586767
0	0.041354216586767
0	0.041354216586767
0	0.041354216586767
0	0.041354216586767
0	0.041354216586767
0	0.041354216586767
0	0.041354216586767
0	0.041354216586767
0	0.041354216586767
0	0.041354216586767
0	0.041354216586767
0	0.041354216586767
0	0.041354216586767
0	0.041354216586767
0	0.041354216586767
0	0.041354216586767
0	0.041354216586767
0	0.041354216586767
0	0.041354216586767
0	0.041354216586767
0	0.041354216586767
0	0.041354216586767
0	0.041354216586767
0	0.041354216586767
0	0.041354216586767
0	0.041354216586767
0	0.041354216586767
0	0.041354216586767
0	0.041354216586767
0	0.041354216586767
0	0.041354216586767
0	0.041354216586767
0	0.041354216586767
0	0.041354216586767
0	0.041354216586767
0	0.041354216586767
0	0.0505062617642733
0	0.041354216586767
0	0.041354216586767
0	0.041354216586767
0	0.041354216586767
0	0.041354216586767
0	0.041354216586767
0	0.041354216586767
0	0.041354216586767
0	0.041354216586767
0	0.041354216586767
0	0.041354216586767
0	0.041354216586767
0	0.041354216586767
0	0.041354216586767
0	0.041354216586767
0	0.041354216586767
0	0.041354216586767
0	0.041354216586767
0	0.041354216586767
0	0.041354216586767
0	0.041354216586767
0	0.041354216586767
0	0.041354216586767
0	0.041354216586767
0	0.041354216586767
0	0.0555730209219203
0	0.041354216586767
0	0.041354216586767
0	0.041354216586767
0	0.041354216586767
0	0.041354216586767
0	0.041354216586767
0	0.041354216586767
0	0.041354216586767
0	0.041354216586767
0	0.313241794614067
0	0.0520744144250148
0	0.041354216586767
0	0.041354216586767
0	0.041354216586767
0	0.041354216586767
0	0.041354216586767
0	0.041354216586767
0	0.0432421630879206
0	0.041354216586767
0	0.041354216586767
0	0.041354216586767
0	0.041354216586767
0	0.041354216586767
0	0.041354216586767
0	0.041354216586767
0	0.041354216586767
0	0.0568831493847737
0	0.041354216586767
0	0.041354216586767
0	0.041354216586767
0	0.041354216586767
0	0.041354216586767
0	0.041354216586767
0	0.056972817095384
0	0.041354216586767
0	0.041354216586767
0	0.041354216586767
0	0.041354216586767
0	0.041354216586767
0	0.041354216586767
0	0.041354216586767
0	0.041354216586767
0	0.041354216586767
0	0.041354216586767
0	0.041354216586767
0	0.041354216586767
0	0.041354216586767
0	0.041354216586767
0	0.041354216586767
0	0.041354216586767
0	0.041354216586767
0	0.041354216586767
0	0.041354216586767
0	0.041354216586767
0	0.041354216586767
0	0.041354216586767
0	0.041354216586767
0	0.041354216586767
0	0.0492895303386997
0	0.041354216586767
0	0.041354216586767
0	0.041354216586767
0	0.041354216586767
0	0.041354216586767
0	0.041354216586767
0	0.041354216586767
0	0.041354216586767
0	0.041354216586767
0	0.041354216586767
0	0.041354216586767
0	0.041354216586767
0	0.041354216586767
0	0.041354216586767
0	0.041354216586767
0	0.041354216586767
0	0.041354216586767
0	0.041354216586767
0	0.041354216586767
0	0.041354216586767
0	0.041354216586767
0	0.041354216586767
0	0.041354216586767
0	0.041354216586767
0	0.041354216586767
0	0.041354216586767
0	0.041354216586767
0	0.041354216586767
0	0.041354216586767
0	0.041354216586767
0	0.041354216586767
0	0.041354216586767
0	0.0505062617642733
0	0.041354216586767
0	0.041354216586767
0	0.041354216586767
0	0.041354216586767
0	0.041354216586767
0	0.10009564219811
0	0.041354216586767
0	0.056972817095384
0	0.0834432829043059
0	0.0624648983876744
0	0.041354216586767
0	0.041354216586767
0	0.041354216586767
0	0.041354216586767
0	0.0951590789038455
0	0.041354216586767
0	0.041354216586767
0	0.041354216586767
0	0.041354216586767
0	0.041354216586767
0	0.041354216586767
0	0.041354216586767
0	0.041354216586767
0	0.041354216586767
0	0.041354216586767
0	0.041354216586767
0	0.041354216586767
0	0.041354216586767
0	0.0705480338570424
0	0.041354216586767
0	0.041354216586767
0	0.041354216586767
0	0.0797019293487237
0	0.0462624309144283
0	0.041354216586767
0	0.041354216586767
0	0.058165253763288
0	0.041354216586767
0	0.041354216586767
0	0.041354216586767
0	0.041354216586767
0	0.041354216586767
0	0.041354216586767
0	0.041354216586767
0	0.041354216586767
0	0.041354216586767
0	0.041354216586767
0	0.041354216586767
0	0.041354216586767
0	0.041354216586767
0	0.041354216586767
0	0.041354216586767
0	0.041354216586767
0	0.041354216586767
0	0.0432421630879206
0	0.041354216586767
0	0.041354216586767
0	0.041354216586767
0	0.041354216586767
0	0.041354216586767
0	0.041354216586767
0	0.041354216586767
0	0.041354216586767
0	0.041354216586767
0	0.041354216586767
0	0.041354216586767
0	0.041354216586767
0	0.041354216586767
0	0.041354216586767
0	0.041354216586767
0	0.0432421630879206
0	0.041354216586767
0	0.0432421630879206
0	0.041354216586767
0	0.041354216586767
0	0.041354216586767
0	0.041354216586767
0	0.041354216586767
0	0.041354216586767
0	0.041354216586767
0	0.041354216586767
0	0.041354216586767
0	0.041354216586767
0	0.041354216586767
0	0.041354216586767
0	0.0555730209219203
0	0.0416281617273697
0	0.041354216586767
0	0.041354216586767
0	0.041354216586767
0	0.041354216586767
0	0.041354216586767
0	0.041354216586767
0	0.041354216586767
0	0.041354216586767
0	0.041354216586767
0	0.041354216586767
0	0.041354216586767
0	0.041354216586767
0	0.041354216586767
0	0.243431558637155
0	0.041354216586767
0	0.041354216586767
0	0.041354216586767
0	0.041354216586767
0	0.041354216586767
0	0.041354216586767
0	0.041354216586767
0	0.041354216586767
0	0.041354216586767
0	0.041354216586767
0	0.041354216586767
0	0.041354216586767
0	0.041354216586767
0	0.041354216586767
0	0.041354216586767
0	0.041354216586767
0	0.041354216586767
0	0.041354216586767
0	0.041354216586767
0	0.041354216586767
0	0.041354216586767
0	0.041354216586767
0	0.041354216586767
0	0.0502809874591906
0	0.041354216586767
0	0.041354216586767
0	0.041354216586767
0	0.041354216586767
0	0.041354216586767
0	0.041354216586767
0	0.041354216586767
0	0.149285417376315
0	0.041354216586767
0	0.0511542956955876
0	0.041354216586767
0	0.041354216586767
0	0.0647683111006784
0	0.041354216586767
0	0.041354216586767
0	0.041354216586767
0	0.041354216586767
0	0.182311082703201
0	0.041354216586767
0	0.0432421630879206
0	0.041354216586767
0	0.041354216586767
0	0.041354216586767
0	0.041354216586767
0	0.041354216586767
0	0.041354216586767
0	0.041354216586767
0	0.0833203721247755
0	0.041354216586767
0	0.041354216586767
0	0.041354216586767
0	0.041354216586767
0	0.041354216586767
0	0.041354216586767
0	0.041354216586767
0	0.041354216586767
0	0.041354216586767
0	0.0416281617273697
0	0.041354216586767
0	0.0489677436099776
0	0.041354216586767
0	0.041354216586767
0	0.041354216586767
0	0.041354216586767
0	0.041354216586767
0	0.041354216586767
0	0.0478306763847491
0	0.041354216586767
0	0.041354216586767
0	0.041354216586767
0	0.041354216586767
0	0.0432421630879206
0	0.041354216586767
0	0.041354216586767
0	0.041354216586767
0	0.041354216586767
0	0.041354216586767
0	0.041354216586767
0	0.041354216586767
0	0.041354216586767
0	0.041354216586767
0	0.041354216586767
0	0.0457519759904193
0	0.041354216586767
0	0.041354216586767
0	0.041354216586767
0	0.041354216586767
0	0.041354216586767
0	0.041354216586767
0	0.041354216586767
0	0.041354216586767
0	0.041354216586767
0	0.041354216586767
0	0.041354216586767
0	0.041354216586767
0	0.041354216586767
0	0.316627246057656
0	0.041354216586767
0	0.041354216586767
0	0.146497577122718
0	0.041354216586767
0	0.041354216586767
0	0.041354216586767
0	0.0556922166281384
0	0.041354216586767
0	0.041354216586767
0	0.041354216586767
0	0.041354216586767
0	0.041354216586767
0	0.041354216586767
0	0.041354216586767
0	0.041354216586767
0	0.041354216586767
0	0.041354216586767
0	0.041354216586767
0	0.041354216586767
0	0.041354216586767
0	0.041354216586767
0	0.041354216586767
0	0.041354216586767
0	0.041354216586767
0	0.041354216586767
0	0.041354216586767
0	0.041354216586767
0	0.041354216586767
0	0.041354216586767
0	0.041354216586767
0	0.041354216586767
0	0.041354216586767
0	0.041354216586767
0	0.041354216586767
0	0.041354216586767
0	0.041354216586767
0	0.041354216586767
0	0.041354216586767
0	0.041354216586767
0	0.041354216586767
0	0.041354216586767
0	0.041354216586767
0	0.0502225267967659
0	0.041354216586767
0	0.041354216586767
0	0.041354216586767
0	0.501289284322593
0	0.041354216586767
0	0.041354216586767
0	0.041354216586767
0	0.0449637172385194
0	0.041354216586767
0	0.041354216586767
0	0.041354216586767
0	0.041354216586767
0	0.041354216586767
0	0.041354216586767
0	0.041354216586767
0	0.0432421630879206
0	0.041354216586767
0	0.041354216586767
0	0.041354216586767
0	0.041354216586767
0	0.041354216586767
0	0.041354216586767
0	0.041354216586767
0	0.041354216586767
0	0.041354216586767
0	0.041354216586767
0	0.041354216586767
0	0.041354216586767
0	0.041354216586767
0	0.041354216586767
0	0.041354216586767
0	0.041354216586767
0	0.041354216586767
0	0.041354216586767
0	0.041354216586767
0	0.041354216586767
0	0.041354216586767
0	0.041354216586767
0	0.041354216586767
0	0.056972817095384
0	0.041354216586767
0	0.041354216586767
0	0.041354216586767
0	0.041354216586767
0	0.041354216586767
0	0.041354216586767
0	0.041354216586767
0	0.041354216586767
0	0.041354216586767
0	0.0432421630879206
0	0.041354216586767
0	0.041354216586767
0	0.041354216586767
0	0.041354216586767
0	0.041354216586767
0	0.164945925172417
0	0.041354216586767
0	0.041354216586767
0	0.041354216586767
0	0.041354216586767
0	0.041354216586767
0	0.041354216586767
0	0.041354216586767
0	0.041354216586767
0	0.041354216586767
0	0.041354216586767
0	0.0506109447875395
0	0.041354216586767
0	0.041354216586767
0	0.041354216586767
0	0.041354216586767
0	0.041354216586767
0	0.041354216586767
0	0.041354216586767
0	0.041354216586767
0	0.041354216586767
0	0.041354216586767
0	0.141156326482892
0	0.041354216586767
0	0.041354216586767
0	0.041354216586767
0	0.041354216586767
0	0.041354216586767
0	0.041354216586767
0	0.041354216586767
0	0.041354216586767
0	0.0563750442569213
0	0.041354216586767
0	0.041354216586767
0	0.041354216586767
0	0.041354216586767
0	0.041354216586767
0	0.041354216586767
0	0.041354216586767
0	0.041354216586767
0	0.041354216586767
0	0.041354216586767
0	0.041354216586767
0	0.041354216586767
0	0.041354216586767
0	0.041354216586767
0	0.041354216586767
0	0.041354216586767
0	0.041354216586767
0	0.041354216586767
0	0.041354216586767
0	0.041354216586767
0	0.041354216586767
0	0.041354216586767
0	0.041354216586767
0	0.041354216586767
0	0.041354216586767
0	0.041354216586767
0	0.041354216586767
0	0.041354216586767
0	0.041354216586767
0	0.041354216586767
0	0.041354216586767
0	0.041354216586767
0	0.041354216586767
0	0.041354216586767
0	0.041354216586767
0	0.041354216586767
0	0.041354216586767
0	0.041354216586767
0	0.041354216586767
0	0.0416281617273697
0	0.041354216586767
0	0.041354216586767
0	0.041354216586767
0	0.041354216586767
0	0.041354216586767
0	0.041354216586767
0	0.041354216586767
0	0.041354216586767
0	0.041354216586767
0	0.041354216586767
0	0.041354216586767
0	0.041354216586767
0	0.041354216586767
0	0.041354216586767
0	0.041354216586767
0	0.5596841918089
0	0.385444105041713
0	0.0457519759904193
0	0.041354216586767
0	0.041354216586767
0	0.041354216586767
0	0.041354216586767
0	0.0416281617273697
0	0.041354216586767
0	0.041354216586767
0	0.041354216586767
0	0.041354216586767
0	0.041354216586767
0	0.041354216586767
0	0.041354216586767
0	0.041354216586767
0	0.041354216586767
0	0.041354216586767
0	0.041354216586767
0	0.0661534556236992
0	0.041354216586767
0	0.041354216586767
0	0.041354216586767
0	0.041354216586767
0	0.041354216586767
0	0.0481011771880753
0	0.041354216586767
0	0.041354216586767
0	0.041354216586767
0	0.041354216586767
0	0.041354216586767
0	0.041354216586767
0	0.224183848629704
0	0.041354216586767
0	0.041354216586767
0	0.0432421630879206
0	0.041354216586767
0	0.041354216586767
0	0.041354216586767
0	0.041354216586767
0	0.041354216586767
0	0.041354216586767
0	0.041354216586767
0	0.041354216586767
0	0.041354216586767
0	0.041354216586767
0	0.041354216586767
0	0.041354216586767
0	0.041354216586767
0	0.041354216586767
0	0.041354216586767
0	0.041354216586767
0	0.041354216586767
0	0.041354216586767
0	0.0432421630879206
0	0.041354216586767
0	0.041354216586767
0	0.041354216586767
0	0.041354216586767
0	0.041354216586767
0	0.041354216586767
0	0.041354216586767
0	0.041354216586767
0	0.041354216586767
0	0.041354216586767
0	0.041354216586767
0	0.041354216586767
0	0.041354216586767
0	0.041354216586767
0	0.041354216586767
0	0.041354216586767
0	0.041354216586767
0	0.041354216586767
0	0.041354216586767
0	0.041354216586767
0	0.041354216586767
0	0.0416281617273697
0	0.041354216586767
0	0.041354216586767
0	0.041354216586767
0	0.041354216586767
0	0.041354216586767
0	0.041354216586767
0	0.041354216586767
0	0.041354216586767
0	0.041354216586767
0	0.041354216586767
0	0.041354216586767
0	0.041354216586767
0	0.041354216586767
0	0.041354216586767
0	0.357988005691258
0	0.041354216586767
0	0.041354216586767
0	0.041354216586767
0	0.041354216586767
0	0.041354216586767
0	0.041354216586767
0	0.0432421630879206
0	0.041354216586767
0	0.041354216586767
0	0.041354216586767
0	0.0432421630879206
0	0.041354216586767
0	0.041354216586767
0	0.041354216586767
0	0.041354216586767
0	0.041354216586767
0	0.041354216586767
0	0.041354216586767
0	0.041354216586767
0	0.041354216586767
0	0.041354216586767
0	0.041354216586767
0	0.041354216586767
0	0.041354216586767
0	0.041354216586767
0	0.041354216586767
0	0.041354216586767
0	0.041354216586767
0	0.041354216586767
0	0.041354216586767
0	0.041354216586767
0	0.041354216586767
0	0.257919954935671
0	0.041354216586767
0	0.041354216586767
0	0.0432421630879206
0	0.041354216586767
0	0.041354216586767
0	0.041354216586767
0	0.041354216586767
0	0.041354216586767
0	0.041354216586767
0	0.041354216586767
0	0.041354216586767
0	0.041354216586767
0	0.041354216586767
0	0.041354216586767
0	0.041354216586767
0	0.041354216586767
0	0.041354216586767
0	0.041354216586767
0	0.041354216586767
0	0.041354216586767
0	0.041354216586767
0	0.041354216586767
0	0.041354216586767
0	0.041354216586767
0	0.041354216586767
0	0.041354216586767
0	0.041354216586767
0	0.041354216586767
0	0.041354216586767
0	0.041354216586767
0	0.041354216586767
0	0.041354216586767
0	0.041354216586767
0	0.041354216586767
0	0.041354216586767
0	0.041354216586767
0	0.041354216586767
0	0.041354216586767
0	0.041354216586767
0	0.041354216586767
0	0.041354216586767
0	0.041354216586767
0	0.041354216586767
0	0.041354216586767
0	0.041354216586767
0	0.041354216586767
0	0.041354216586767
0	0.041354216586767
0	0.041354216586767
0	0.041354216586767
0	0.348090979451239
0	0.041354216586767
0	0.184766254052589
0	0.041354216586767
0	0.041354216586767
0	0.041354216586767
0	0.041354216586767
0	0.041354216586767
0	0.041354216586767
0	0.0416281617273697
0	0.041354216586767
0	0.041354216586767
0	0.041354216586767
0	0.041354216586767
0	0.041354216586767
0	0.041354216586767
0	0.041354216586767
0	0.041354216586767
0	0.041354216586767
0	0.041354216586767
0	0.041354216586767
0	0.041354216586767
0	0.041354216586767
0	0.0432421630879206
0	0.041354216586767
0	0.041354216586767
0	0.041354216586767
0	0.041354216586767
0	0.041354216586767
0	0.041354216586767
0	0.041354216586767
0	0.041354216586767
0	0.041354216586767
0	0.041354216586767
0	0.041354216586767
0	0.041354216586767
0	0.041354216586767
0	0.041354216586767
0	0.041354216586767
0	0.041354216586767
0	0.041354216586767
0	0.041354216586767
0	0.600496715766386
0	0.041354216586767
0	0.041354216586767
0	0.041354216586767
0	0.041354216586767
0	0.041354216586767
0	0.041354216586767
0	0.041354216586767
0	0.041354216586767
0	0.041354216586767
0	0.0535792365536532
0	0.041354216586767
0	0.0458511297149594
0	0.041354216586767
0	0.041354216586767
0	0.041354216586767
0	0.041354216586767
0	0.041354216586767
0	0.041354216586767
0	0.0432421630879206
0	0.041354216586767
0	0.041354216586767
0	0.041354216586767
0	0.041354216586767
0	0.041354216586767
0	0.041354216586767
0	0.041354216586767
0	0.041354216586767
0	0.041354216586767
0	0.041354216586767
0	0.041354216586767
0	0.041354216586767
0	0.041354216586767
0	0.041354216586767
0	0.041354216586767
0	0.041354216586767
0	0.041354216586767
0	0.041354216586767
0	0.041354216586767
0	0.041354216586767
0	0.041354216586767
0	0.041354216586767
0	0.041354216586767
0	0.041354216586767
0	0.041354216586767
0	0.041354216586767
0	0.041354216586767
0	0.041354216586767
0	0.041354216586767
0	0.041354216586767
0	0.060446314673489
0	0.041354216586767
0	0.041354216586767
0	0.041354216586767
0	0.041354216586767
0	0.041354216586767
0	0.041354216586767
0	0.041354216586767
0	0.041354216586767
0	0.041354216586767
0	0.041354216586767
0	0.041354216586767
0	0.041354216586767
0	0.041354216586767
0	0.041354216586767
0	0.117459841954988
0	0.041354216586767
0	0.041354216586767
0	0.041354216586767
0	0.041354216586767
0	0.041354216586767
0	0.041354216586767
0	0.041354216586767
0	0.041354216586767
0	0.041354216586767
0	0.041354216586767
0	0.041354216586767
0	0.041354216586767
0	0.041354216586767
0	0.041354216586767
0	0.041354216586767
0	0.041354216586767
0	0.041354216586767
0	0.041354216586767
0	0.041354216586767
0	0.041354216586767
0	0.041354216586767
0	0.041354216586767
0	0.041354216586767
0	0.041354216586767
0	0.041354216586767
0	0.041354216586767
0	0.041354216586767
0	0.041354216586767
0	0.041354216586767
0	0.041354216586767
0	0.353545441808308
0	0.041354216586767
0	0.041354216586767
0	0.041354216586767
0	0.041354216586767
0	0.041354216586767
0	0.041354216586767
0	0.041354216586767
0	0.22720260420219
0	0.041354216586767
0	0.041354216586767
0	0.041354216586767
0	0.041354216586767
0	0.041354216586767
0	0.041354216586767
0	0.041354216586767
0	0.0578526563569569
0	0.041354216586767
0	0.041354216586767
0	0.0484175592733707
0	0.041354216586767
0	0.041354216586767
0	0.0740274559995492
0	0.041354216586767
0	0.041354216586767
0	0.041354216586767
0	0.041354216586767
0	0.041354216586767
0	0.041354216586767
0	0.041354216586767
0	0.041354216586767
0	0.041354216586767
0	0.041354216586767
0	0.041354216586767
0	0.041354216586767
0	0.041354216586767
0	0.041354216586767
0	0.041354216586767
0	0.041354216586767
0	0.041354216586767
0	0.041354216586767
0	0.041354216586767
0	0.0597901376045371
0	0.041354216586767
0	0.041354216586767
0	0.041354216586767
0	0.0457519759904193
0	0.041354216586767
0	0.041354216586767
0	0.041354216586767
0	0.041354216586767
0	0.041354216586767
0	0.041354216586767
0	0.041354216586767
0	0.21093480070052
0	0.056972817095384
0	0.041354216586767
0	0.0520744144250148
0	0.041354216586767
0	0.041354216586767
0	0.041354216586767
0	0.041354216586767
0	0.041354216586767
0	0.0416281617273697
0	0.041354216586767
0	0.041354216586767
0	0.041354216586767
0	0.041354216586767
0	0.041354216586767
0	0.041354216586767
0	0.0432421630879206
0	0.056972817095384
0	0.0416281617273697
0	0.041354216586767
0	0.041354216586767
0	0.041354216586767
0	0.041354216586767
0	0.041354216586767
0	0.041354216586767
0	0.041354216586767
0	0.041354216586767
0	0.041354216586767
0	0.041354216586767
0	0.041354216586767
0	0.041354216586767
0	0.0565919661503656
0	0.056972817095384
0	0.041354216586767
0	0.041354216586767
0	0.041354216586767
0	0.041354216586767
0	0.041354216586767
0	0.041354216586767
0	0.041354216586767
0	0.041354216586767
0	0.041354216586767
0	0.041354216586767
0	0.0481011771880753
0	0.041354216586767
0	0.041354216586767
0	0.041354216586767
0	0.041354216586767
0	0.041354216586767
0	0.041354216586767
0	0.041354216586767
0	0.041354216586767
0	0.041354216586767
0	0.041354216586767
0	0.0597901376045371
0	0.041354216586767
0	0.041354216586767
0	0.041354216586767
0	0.041354216586767
0	0.041354216586767
0	0.0520744144250148
0	0.041354216586767
0	0.041354216586767
0	0.041354216586767
0	0.041354216586767
0	0.041354216586767
0	0.041354216586767
0	0.041354216586767
0	0.041354216586767
0	0.041354216586767
0	0.041354216586767
0	0.052366206618329
0	0.041354216586767
0	0.041354216586767
0	0.041354216586767
0	0.041354216586767
0	0.041354216586767
0	0.041354216586767
0	0.041354216586767
0	0.041354216586767
0	0.041354216586767
0	0.041354216586767
0	0.041354216586767
0	0.041354216586767
0	0.041354216586767
0	0.041354216586767
0	0.041354216586767
0	0.041354216586767
0	0.041354216586767
0	0.041354216586767
0	0.041354216586767
0	0.041354216586767
0	0.0615168871577878
0	0.041354216586767
0	0.041354216586767
0	0.041354216586767
0	0.041354216586767
0	0.041354216586767
0	0.041354216586767
0	0.041354216586767
0	0.041354216586767
0	0.041354216586767
0	0.0901193301870572
0	0.041354216586767
0	0.041354216586767
0	0.041354216586767
0	0.041354216586767
0	0.041354216586767
0	0.041354216586767
0	0.041354216586767
0	0.041354216586767
0	0.041354216586767
0	0.041354216586767
0	0.041354216586767
0	0.041354216586767
0	0.041354216586767
0	0.041354216586767
0	0.041354216586767
0	0.041354216586767
0	0.041354216586767
0	0.041354216586767
0	0.041354216586767
0	0.041354216586767
0	0.041354216586767
0	0.041354216586767
0	0.041354216586767
0	0.041354216586767
0	0.041354216586767
0	0.041354216586767
0	0.041354216586767
0	0.041354216586767
0	0.041354216586767
0	0.041354216586767
0	0.041354216586767
0	0.041354216586767
0	0.041354216586767
0	0.041354216586767
0	0.0563052004211853
0	0.041354216586767
0	0.041354216586767
0	0.041354216586767
0	0.041354216586767
0	0.041354216586767
0	0.041354216586767
0	0.041354216586767
0	0.0457519759904193
0	0.041354216586767
0	0.041354216586767
0	0.041354216586767
0	0.041354216586767
0	0.041354216586767
0	0.041354216586767
0	0.041354216586767
0	0.041354216586767
0	0.041354216586767
0	0.041354216586767
0	0.041354216586767
0	0.041354216586767
0	0.041354216586767
0	0.041354216586767
0	0.041354216586767
0	0.041354216586767
0	0.041354216586767
0	0.041354216586767
0	0.0749712543919326
0	0.041354216586767
0	0.041354216586767
0	0.041354216586767
0	0.0515202787235785
0	0.041354216586767
0	0.041354216586767
0	0.041354216586767
0	0.041354216586767
0	0.041354216586767
0	0.041354216586767
0	0.041354216586767
0	0.041354216586767
0	0.041354216586767
0	0.041354216586767
0	0.041354216586767
0	0.041354216586767
0	0.041354216586767
0	0.041354216586767
0	0.041354216586767
0	0.041354216586767
0	0.041354216586767
0	0.0416281617273697
0	0.041354216586767
0	0.041354216586767
0	0.041354216586767
0	0.041354216586767
0	0.041354216586767
0	0.041354216586767
0	0.041354216586767
0	0.041354216586767
0	0.041354216586767
0	0.041354216586767
0	0.041354216586767
0	0.041354216586767
0	0.041354216586767
0	0.041354216586767
0	0.041354216586767
0	0.0432421630879206
0	0.38608792985928
0	0.0432421630879206
0	0.041354216586767
0	0.041354216586767
0	0.041354216586767
0	0.041354216586767
0	0.041354216586767
0	0.041354216586767
0	0.041354216586767
0	0.041354216586767
0	0.041354216586767
0	0.041354216586767
0	0.041354216586767
0	0.041354216586767
0	0.041354216586767
0	0.041354216586767
0	0.041354216586767
0	0.041354216586767
0	0.041354216586767
0	0.041354216586767
0	0.041354216586767
0	0.041354216586767
0	0.041354216586767
0	0.0432421630879206
0	0.0432421630879206
0	0.041354216586767
0	0.041354216586767
0	0.041354216586767
0	0.041354216586767
0	0.041354216586767
0	0.041354216586767
0	0.041354216586767
0	0.041354216586767
0	0.041354216586767
0	0.041354216586767
0	0.041354216586767
0	0.041354216586767
0	0.041354216586767
0	0.041354216586767
0	0.0505062617642733
0	0.041354216586767
0	0.041354216586767
0	0.041354216586767
0	0.041354216586767
0	0.041354216586767
0	0.041354216586767
0	0.041354216586767
0	0.041354216586767
0	0.041354216586767
0	0.041354216586767
0	0.0432421630879206
0	0.041354216586767
0	0.041354216586767
0	0.041354216586767
0	0.041354216586767
0	0.0462112975489126
0	0.041354216586767
0	0.041354216586767
0	0.041354216586767
0	0.041354216586767
0	0.041354216586767
0	0.041354216586767
0	0.0458511297149594
0	0.041354216586767
0	0.041354216586767
0	0.041354216586767
0	0.041354216586767
0	0.041354216586767
0	0.041354216586767
0	0.041354216586767
0	0.0457519759904193
0	0.041354216586767
0	0.056972817095384
0	0.041354216586767
0	0.041354216586767
0	0.041354216586767
0	0.041354216586767
0	0.041354216586767
0	0.041354216586767
0	0.041354216586767
0	0.041354216586767
0	0.041354216586767
0	0.041354216586767
0	0.041354216586767
0	0.041354216586767
0	0.041354216586767
0	0.041354216586767
0	0.041354216586767
0	0.041354216586767
0	0.041354216586767
0	0.041354216586767
0	0.041354216586767
0	0.041354216586767
0	0.041354216586767
0	0.041354216586767
0	0.041354216586767
0	0.041354216586767
0	0.041354216586767
0	0.041354216586767
0	0.041354216586767
0	0.041354216586767
0	0.041354216586767
0	0.041354216586767
0	0.041354216586767
0	0.041354216586767
0	0.0588801709906295
0	0.417618318349361
0	0.041354216586767
0	0.041354216586767
0	0.041354216586767
0	0.041354216586767
0	0.0492895303386997
0	0.041354216586767
0	0.0629224970460511
0	0.041354216586767
0	0.041354216586767
0	0.041354216586767
0	0.041354216586767
0	0.041354216586767
0	0.041354216586767
0	0.041354216586767
0	0.0449637172385194
0	0.041354216586767
0	0.041354216586767
0	0.041354216586767
0	0.041354216586767
0	0.041354216586767
0	0.041354216586767
0	0.041354216586767
0	0.041354216586767
0	0.165114043467724
0	0.041354216586767
0	0.041354216586767
0	0.041354216586767
0	0.0432421630879206
0	0.041354216586767
0	0.041354216586767
0	0.041354216586767
0	0.041354216586767
0	0.041354216586767
0	0.041354216586767
0	0.041354216586767
0	0.041354216586767
0	0.041354216586767
0	0.041354216586767
0	0.041354216586767
0	0.041354216586767
0	0.041354216586767
0	0.041354216586767
0	0.041354216586767
0	0.041354216586767
0	0.041354216586767
0	0.041354216586767
0	0.041354216586767
0	0.041354216586767
0	0.041354216586767
0	0.041354216586767
0	0.0457519759904193
0	0.041354216586767
0	0.0432421630879206
0	0.041354216586767
0	0.041354216586767
0	0.041354216586767
0	0.041354216586767
0	0.041354216586767
0	0.041354216586767
0	0.0432421630879206
0	0.041354216586767
0	0.041354216586767
0	0.041354216586767
0	0.041354216586767
0	0.0432421630879206
0	0.041354216586767
0	0.041354216586767
0	0.041354216586767
0	0.041354216586767
0	0.041354216586767
0	0.0578526563569569
0	0.041354216586767
0	0.041354216586767
0	0.041354216586767
0	0.041354216586767
0	0.041354216586767
0	0.041354216586767
0	0.041354216586767
0	0.041354216586767
0	0.041354216586767
0	0.041354216586767
0	0.041354216586767
0	0.041354216586767
0	0.041354216586767
0	0.041354216586767
0	0.041354216586767
0	0.041354216586767
0	0.041354216586767
0	0.041354216586767
0	0.041354216586767
0	0.041354216586767
0	0.0489677436099776
0	0.041354216586767
0	0.041354216586767
0	0.041354216586767
0	0.041354216586767
0	0.041354216586767
0	0.041354216586767
0	0.041354216586767
0	0.041354216586767
0	0.041354216586767
0	0.041354216586767
0	0.041354216586767
0	0.041354216586767
0	0.041354216586767
0	0.041354216586767
0	0.041354216586767
0	0.041354216586767
0	0.041354216586767
0	0.041354216586767
0	0.041354216586767
0	0.041354216586767
0	0.041354216586767
0	0.041354216586767
0	0.041354216586767
0	0.041354216586767
0	0.0458511297149594
0	0.041354216586767
0	0.041354216586767
0	0.041354216586767
0	0.041354216586767
0	0.0596997982270962
0	0.041354216586767
0	0.041354216586767
0	0.041354216586767
0	0.041354216586767
0	0.041354216586767
0	0.041354216586767
0	0.041354216586767
0	0.041354216586767
0	0.041354216586767
0	0.041354216586767
0	0.041354216586767
0	0.041354216586767
0	0.041354216586767
0	0.041354216586767
0	0.041354216586767
0	0.041354216586767
0	0.041354216586767
0	0.041354216586767
0	0.041354216586767
0	0.041354216586767
0	0.041354216586767
0	0.041354216586767
0	0.041354216586767
0	0.041354216586767
0	0.041354216586767
0	0.041354216586767
0	0.041354216586767
0	0.041354216586767
0	0.041354216586767
0	0.041354216586767
0	0.041354216586767
0	0.041354216586767
0	0.041354216586767
0	0.041354216586767
0	0.041354216586767
0	0.041354216586767
0	0.041354216586767
0	0.041354216586767
0	0.0432421630879206
0	0.041354216586767
0	0.041354216586767
0	0.041354216586767
0	0.041354216586767
0	0.041354216586767
0	0.0416281617273697
0	0.041354216586767
0	0.041354216586767
0	0.427569560483212
0	0.041354216586767
0	0.041354216586767
0	0.041354216586767
0	0.041354216586767
0	0.041354216586767
0	0.041354216586767
0	0.041354216586767
0	0.0481011771880753
0	0.041354216586767
0	0.041354216586767
0	0.041354216586767
0	0.041354216586767
0	0.041354216586767
0	0.041354216586767
0	0.0505062617642733
0	0.041354216586767
0	0.041354216586767
0	0.041354216586767
0	0.0416281617273697
0	0.041354216586767
0	0.041354216586767
0	0.041354216586767
0	0.041354216586767
0	0.041354216586767
0	0.041354216586767
0	0.041354216586767
0	0.041354216586767
0	0.041354216586767
0	0.041354216586767
0	0.041354216586767
0	0.0458511297149594
0	0.041354216586767
0	0.041354216586767
0	0.041354216586767
0	0.041354216586767
0	0.041354216586767
0	0.041354216586767
0	0.041354216586767
0	0.118539978223137
0	0.041354216586767
0	0.041354216586767
0	0.041354216586767
0	0.041354216586767
0	0.041354216586767
0	0.041354216586767
0	0.041354216586767
0	0.041354216586767
0	0.041354216586767
0	0.041354216586767
0	0.0457519759904193
0	0.041354216586767
0	0.041354216586767
