1	0.820976522696976
1	0.0134341155834147
1	0.99696265799531
1	0.991074034137959
1	0.987129440639128
1	0.988988300881226
1	0.0125361894259554
1	0.909731018380128
1	0.930750370879556
1	0.988824237306186
1	0.974514532017167
1	0.978622758501397
1	0.804149950234311
1	0.97783976599963
1	0.870848167209243
1	0.992509632900113
1	0.780986339047264
1	0.983344073084834
1	0.954686372655289
1	0.960161621224417
1	0.980701647970752
1	0.991803267972747
1	0.992215257772894
1	0.956505919276238
1	0.0118011022692189
1	0.709087279098507
1	0.98339622072669
1	0.992408892086511
1	0.928010673020169
1	0.987677894632197
1	0.0134341155834147
1	0.978849231040466
1	0.964425690536049
1	0.975126375805504
1	0.98814783388918
1	0.983940027368024
1	0.986181329790442
1	0.961879339266456
1	0.988285984649379
1	0.577017692476553
1	0.978429539867595
1	0.995435541474761
1	0.325322335147773
1	0.996440432448124
1	0.986095921448977
1	0.0134341155834147
1	0.038655302703488
1	0.898329686509374
1	0.0228325830579375
1	0.995169082830005
1	0.875943841826939
1	0.981376355230075
1	0.983028327456948
1	0.998263622582913
1	0.517386503899604
1	0.909515108829657
1	0.61870672065948
1	0.95492425145275
1	0.0134341155834147
1	0.380042718879945
1	0.988538591853755
1	0.952191611826911
1	0.920121531360021
1	0.00949846691508432
1	0.996907521457265
1	0.978685231171749
1	0.952817086172217
1	0.993834365207037
1	0.969762951201409
1	0.972640616394211
1	0.992816122875968
1	0.994707672694933
1	0.996142266166954
1	0.853986890612688
1	0.926154645162613
1	0.995075733288264
1	0.988990647547957
1	0.991567090962877
1	0.996411780008956
1	0.944257526553983
1	0.0184810735840416
1	0.92997524855101
1	0.916916037772202
1	0.990057422628443
1	0.326347804232759
1	0.936537453642698
1	0.997678940216428
1	0.981468739369767
1	0.987276119892752
1	0.986213590141051
1	0.997930855782037
1	0.966032035671668
1	0.938551450957232
1	0.948415321863674
1	0.60635582988699
1	0.990386890392018
1	0.985290299904387
1	0.0652693872612216
1	0.992923271129189
1	0.730944556736195
1	0.994871892216564
1	0.98096978793069
1	0.58955901482088
1	0.960394655313396
1	0.922718580141335
1	0.965823575364576
1	0.272705664009803
1	0.0507411807265336
1	0.99364794429675
1	0.588183540866763
1	0.362020186671385
1	0.993470670154716
1	0.947163684747694
1	0.679681658820608
1	0.801128168348772
1	0.951133980339377
1	0.988756041722929
1	0.943924278937097
1	0.964805477978172
1	0.826636458657276
1	0.994060362381235
1	0.983017150890696
1	0.993805371780004
1	0.283442729678917
1	0.98617265765558
1	0.65819194560916
1	0.24614113838052
1	0.945037210698995
1	0.516909741340708
1	0.908750177675095
1	0.0134341155834147
1	0.982949018977706
1	0.98686386706003
1	0.941329282898543
1	0.99714300620676
1	0.980195436661423
1	0.999606563885222
1	0.967405656969147
1	0.998813485064574
1	0.978391242055831
1	0.0304386860737462
1	0.986022158260178
1	0.0206641147392934
1	0.978715304054091
1	0.977248267782881
1	0.987593638636605
1	0.989554744030608
1	0.865813325511576
1	0.982249674438143
1	0.990570069076803
1	0.992393267686547
1	0.985511531406584
1	0.720331255164393
1	0.985022874972211
1	0.0134341155834147
1	0.952598838314493
1	0.0134341155834147
1	0.989269724533648
1	0.96080490023734
1	0.988986796206113
1	0.99307805194096
1	0.951331300260265
1	0.995545217814585
1	0.936726711712682
1	0.988994695991414
1	0.15280545432974
1	0.996902009163214
1	0.0155566232910034
1	0.281302052268136
1	0.880624482958297
1	0.937752660800157
1	0.905935599115012
1	0.0119208681316787
1	0.932382340452305
1	0.991177085487708
1	0.997430225761769
1	0.995429946865893
1	0.990273178268536
1	0.947008722152989
1	0.991844401471927
1	0.937022645543359
1	0.996476062510341
1	0.995396565266489
1	0.989561629051105
1	0.98591941481186
1	0.902377634505949
1	0.993204398359697
1	0.997369263297414
1	0.962426820106668
1	0.980734291038427
1	0.978076709686776
1	0.977208570172337
1	0.922874487644091
1	0.994578123772629
1	0.321700138769487
1	0.989522097102928
1	0.987898585412457
1	0.850992762953736
1	0.0134341155834147
1	0.0157124910811844
0	0.0134341155834147
0	0.0443932712974944
0	0.0149358784777142
0	0.0134341155834147
0	0.00877470160294627
0	0.00660232524265355
0	0.0134341155834147
0	0.0146688188021771
0	0.00958839375392688
0	0.0134341155834147
0	0.0134341155834147
0	0.0134341155834147
0	0.0113599251096378
0	0.0134341155834147
0	0.0137629890090563
0	0.0134341155834147
0	0.0134341155834147
0	0.0134341155834147
0	0.0101094952179555
0	0.018524184748136
0	0.0134341155834147
0	0.0134341155834147
0	0.0134341155834147
0	0.0118871191104596
0	0.0134341155834147
0	0.0134341155834147
0	0.0134341155834147
0	0.0134341155834147
0	0.627361380013869
0	0.0134341155834147
0	0.0500804675757654
0	0.68180644855492
0	0.0138173391063836
0	0.0134341155834147
0	0.0138173391063836
0	0.0134341155834147
0	0.0134341155834147
0	0.0134341155834147
0	0.0134341155834147
0	0.0384782597657134
0	0.0134341155834147
0	0.00959128147934214
0	0.0134341155834147
0	0.0134341155834147
0	0.0134341155834147
0	0.0200834644873036
0	0.0134341155834147
0	0.0134341155834147
0	0.0124695400439551
0	0.0134341155834147
0	0.0157170668990499
0	0.0134341155834147
0	0.0134341155834147
0	0.0121648841693792
0	0.0134341155834147
0	0.0134341155834147
0	0.0134341155834147
0	0.0517950088787904
0	0.0134341155834147
0	0.0134341155834147
0	0.0134341155834147
0	0.0117510778887895
0	0.0134341155834147
0	0.0134341155834147
0	0.0134341155834147
0	0.0134341155834147
0	0.0134341155834147
0	0.0134341155834147
0	0.0134341155834147
0	0.0170737123978417
0	0.0137629890090563
0	0.0134341155834147
0	0.0134341155834147
0	0.0134341155834147
0	0.0134341155834147
0	0.0230041560299068
0	0.0134341155834147
0	0.0102043684150131
0	0.0109185999101957
0	0.00959128147934214
0	0.0134341155834147
0	0.0134341155834147
0	0.0134341155834147
0	0.0134341155834147
0	0.00959128147934214
0	0.0163124731354414
0	0.0118011022692189
0	0.0134341155834147
0	0.0134341155834147
0	0.0146060645314499
0	0.00986705039773194
0	0.0124074198120508
0	0.0134341155834147
0	0.0134341155834147
0	0.0134341155834147
0	0.0134341155834147
0	0.0157170668990499
0	0.0134341155834147
0	0.0134341155834147
0	0.0126415147347934
0	0.0134341155834147
0	0.0132290253744833
0	0.294009568588219
0	0.0134341155834147
0	0.0383240418439628
0	0.0118871191104596
0	0.00771452674176548
0	0.0121596642696589
0	0.011367920756367
0	0.00980152279449921
0	0.0168140057148521
0	0.0149358784777142
0	0.0134341155834147
0	0.0177197051084295
0	0.0135702268256551
0	0.0134341155834147
0	0.0134341155834147
0	0.0178175124577178
0	0.0134341155834147
0	0.0106681097101186
0	0.0155177159793782
0	0.00959128147934214
0	0.0134341155834147
0	0.0134341155834147
0	0.0134341155834147
0	0.00959128147934214
0	0.0134341155834147
0	0.0134341155834147
0	0.0134341155834147
0	0.0134341155834147
0	0.0137809526329011
0	0.0170737123978417
0	0.0134341155834147
0	0.0134341155834147
0	0.0134341155834147
0	0.0134341155834147
0	0.0134341155834147
0	0.0134341155834147
0	0.0134341155834147
0	0.0134341155834147
0	0.0134341155834147
0	0.0134341155834147
0	0.0149107814615747
0	0.0134341155834147
0	0.0134341155834147
0	0.0157124910811844
0	0.0134341155834147
0	0.0134341155834147
0	0.0131937652626214
0	0.0134341155834147
0	0.0131937652626214
0	0.0156498993734284
0	0.0134341155834147
0	0.0101202364939732
0	0.0125970868582862
0	0.0252428989910361
0	0.0134341155834147
0	0.0134341155834147
0	0.0144533252071779
0	0.00849052823937863
0	0.0134341155834147
0	0.0134341155834147
0	0.0172554468287737
0	0.0134341155834147
0	0.0115896250406837
0	0.00959128147934214
0	0.0134341155834147
0	0.00936621360431926
0	0.0134341155834147
0	0.0134341155834147
0	0.0169341623293111
0	0.0124540171862337
0	0.00849052823937863
0	0.0134341155834147
0	0.0134341155834147
0	0.0134341155834147
0	0.0134341155834147
0	0.0295340580254705
0	0.0134341155834147
0	0.0219223275941819
0	0.0134341155834147
0	0.0132290253744833
0	0.0194791332788102
0	0.0118976335422792
0	0.0134341155834147
0	0.0134341155834147
0	0.0134341155834147
0	0.0134341155834147
0	0.0245675922810248
0	0.0136064791522701
0	0.0134341155834147
0	0.0134341155834147
0	0.0134341155834147
0	0.0134341155834147
0	0.0134341155834147
0	0.0134341155834147
0	0.0134341155834147
0	0.0134341155834147
0	0.0134341155834147
0	0.0134341155834147
0	0.0134341155834147
0	0.0134341155834147
0	0.0134341155834147
0	0.0134341155834147
0	0.0134341155834147
0	0.0134341155834147
0	0.0134341155834147
0	0.0134341155834147
0	0.0124695400439551
0	0.00655156501332544
0	0.00959128147934214
0	0.0193827232148295
0	0.0134341155834147
0	0.0134341155834147
0	0.0134341155834147
0	0.0134341155834147
0	0.0103385968135935
0	0.0125970868582862
0	0.0134341155834147
0	0.0138173391063836
0	0.0131937652626214
0	0.0134341155834147
0	0.0328538810115576
0	0.0134341155834147
0	0.0134341155834147
0	0.0134341155834147
0	0.0134341155834147
0	0.0134341155834147
0	0.0131937652626214
0	0.00959128147934214
0	0.0134341155834147
0	0.0149358784777142
0	0.0134341155834147
0	0.00902333075707161
0	0.0129748356699041
0	0.0125970868582862
0	0.00959128147934214
0	0.0134341155834147
0	0.0134341155834147
0	0.0134341155834147
0	0.0134341155834147
0	0.0134341155834147
0	0.0134341155834147
0	0.0134341155834147
0	0.0134341155834147
0	0.0161637150790905
0	0.0134341155834147
0	0.0134341155834147
0	0.0134341155834147
0	0.0134341155834147
0	0.0252408570888738
0	0.0134341155834147
0	0.0131157611241769
0	0.0134341155834147
0	0.0134341155834147
0	0.0123117034606713
0	0.0134341155834147
0	0.0134341155834147
0	0.0180930548071552
0	0.0134341155834147
0	0.0277222635842436
0	0.0134341155834147
0	0.089559118835764
0	0.0170737123978417
0	0.00959128147934214
0	0.0170882970955629
0	0.0134341155834147
0	0.0134341155834147
0	0.0172554468287737
0	0.0134341155834147
0	0.0125970868582862
0	0.0134341155834147
0	0.0138173391063836
0	0.0134341155834147
0	0.0138173391063836
0	0.0134341155834147
0	0.0134341155834147
0	0.0134341155834147
0	0.0134341155834147
0	0.0134341155834147
0	0.0134341155834147
0	0.0134341155834147
0	0.0134341155834147
0	0.0134341155834147
0	0.078620652096634
0	0.0172554468287737
0	0.0134341155834147
0	0.0134341155834147
0	0.0134341155834147
0	0.0134341155834147
0	0.0134341155834147
0	0.0134341155834147
0	0.0134341155834147
0	0.0134341155834147
0	0.00987728363143716
0	0.0109185999101957
0	0.0134341155834147
0	0.00782997964358917
0	0.0134341155834147
0	0.0134341155834147
0	0.0186369094730322
0	0.0134341155834147
0	0.0134341155834147
0	0.00986705039773194
0	0.0134341155834147
0	0.00986705039773194
0	0.0134341155834147
0	0.00919696527354031
0	0.0134341155834147
0	0.0134341155834147
0	0.0134341155834147
0	0.0134341155834147
0	0.00986705039773194
0	0.0134341155834147
0	0.0134341155834147
0	0.249236702484434
0	0.0134341155834147
0	0.0118011022692189
0	0.0134341155834147
0	0.0134341155834147
0	0.0134341155834147
0	0.0134341155834147
0	0.0134341155834147
0	0.0134341155834147
0	0.0138173391063836
0	0.0134341155834147
0	0.0134341155834147
0	0.0097158800396486
0	0.0134341155834147
0	0.0123331842998026
0	0.0134341155834147
0	0.0134341155834147
0	0.0157170668990499
0	0.0134341155834147
0	0.0134341155834147
0	0.0134341155834147
0	0.188368216697983
0	0.0134341155834147
0	0.00936519703330963
0	0.0134341155834147
0	0.0406255614928539
0	0.007380166859097
0	0.0116848682756876
0	0.0134341155834147
0	0.0134341155834147
0	0.0134341155834147
0	0.0134341155834147
0	0.0384782597657134
0	0.0134341155834147
0	0.0134341155834147
0	0.0134341155834147
0	0.0134341155834147
0	0.01355294706791
0	0.0154365112814551
0	0.0128262241908494
0	0.0134341155834147
0	0.012202647447917
0	0.0134341155834147
0	0.0134341155834147
0	0.0134341155834147
0	0.0124540171862337
0	0.0134341155834147
0	0.0123331842998026
0	0.0134341155834147
0	0.0134341155834147
0	0.0134341155834147
0	0.0486965081901147
0	0.00849029928386571
0	0.0131186481807522
0	0.00986705039773194
0	0.0134341155834147
0	0.00718920842007444
0	0.0131937652626214
0	0.0134341155834147
0	0.0134341155834147
0	0.0134341155834147
0	0.0134341155834147
0	0.0149358784777142
0	0.0134341155834147
0	0.0134341155834147
0	0.0134341155834147
0	0.0131937652626214
0	0.0134341155834147
0	0.0134341155834147
0	0.0134341155834147
0	0.0106137568347256
0	0.0137849738228274
0	0.0125060101790365
0	0.0118871191104596
0	0.0138173391063836
0	0.0163124731354414
0	0.0134341155834147
0	0.0134341155834147
0	0.0134341155834147
0	0.0117269695681158
0	0.0120786519410918
0	0.0134341155834147
0	0.0106457559878334
0	0.0134341155834147
0	0.011779306288281
0	0.00944429580121324
0	0.0134341155834147
0	0.0134341155834147
0	0.0134341155834147
0	0.0124540171862337
0	0.0134341155834147
0	0.0138173391063836
0	0.0125970868582862
0	0.0134341155834147
0	0.0101810543042898
0	0.00959128147934214
0	0.0134341155834147
0	0.0134341155834147
0	0.0134341155834147
0	0.0106137568347256
0	0.0134341155834147
0	0.011384375403746
0	0.0134341155834147
0	0.0134341155834147
0	0.0158323450408314
0	0.00986705039773194
0	0.0134341155834147
0	0.0132817773105728
0	0.0134341155834147
0	0.0134341155834147
0	0.0134341155834147
0	0.0110871498807506
0	0.0118011022692189
0	0.0134341155834147
0	0.00490371506820671
0	0.0134341155834147
0	0.053987741593646
0	0.0197278412291794
0	0.0134341155834147
0	0.0138173391063836
0	0.0134341155834147
0	0.0157170668990499
0	0.0134341155834147
0	0.0134341155834147
0	0.0134341155834147
0	0.0134341155834147
0	0.0134341155834147
0	0.0134341155834147
0	0.0134341155834147
0	0.0160133926329019
0	0.0134341155834147
0	0.01312205168079
0	0.0134341155834147
0	0.0134341155834147
0	0.00840508795573441
0	0.0134341155834147
0	0.0134341155834147
0	0.0134341155834147
0	0.0134341155834147
0	0.0112562774425628
0	0.0134341155834147
0	0.0134341155834147
0	0.0134341155834147
0	0.0134341155834147
0	0.0134341155834147
0	0.0134341155834147
0	0.237657929937961
0	0.0116445823425701
0	0.0134341155834147
0	0.0134341155834147
0	0.0134341155834147
0	0.0134341155834147
0	0.0134341155834147
0	0.0134341155834147
0	0.0134341155834147
0	0.00986705039773194
0	0.038655302703488
0	0.0115282465281143
0	0.0112562774425628
0	0.0134341155834147
0	0.0125361894259554
0	0.0185206518854177
0	0.00825774547606396
0	0.0134341155834147
0	0.00693057889430645
0	0.108215398432062
0	0.0134341155834147
0	0.0134341155834147
0	0.016579072907254
0	0.0134341155834147
0	0.0184443596125449
0	0.0134341155834147
0	0.0134341155834147
0	0.0134341155834147
0	0.0134341155834147
0	0.0106137568347256
0	0.0169294965389467
0	0.0134341155834147
0	0.0134341155834147
0	0.0141339676409964
0	0.0134341155834147
0	0.0134341155834147
0	0.0134341155834147
0	0.00894787787889923
0	0.0652693872612216
0	0.00997747391349304
0	0.0134341155834147
0	0.0134341155834147
0	0.0134341155834147
0	0.0134341155834147
0	0.0138477554263612
0	0.0121432759195473
0	0.011237814186296
0	0.0134341155834147
0	0.0134341155834147
0	0.0118976335422792
0	0.0134341155834147
0	0.0134341155834147
0	0.00959128147934214
0	0.0125021503210137
0	0.00725150844788062
0	0.0134341155834147
0	0.0134341155834147
0	0.0134341155834147
0	0.0134341155834147
0	0.0134341155834147
0	0.0252408570888738
0	0.0134341155834147
0	0.0134341155834147
0	0.0134341155834147
0	0.0134341155834147
0	0.0170737123978417
0	0.0134341155834147
0	0.0134341155834147
0	0.0134341155834147
0	0.0134341155834147
0	0.011779306288281
0	0.0134341155834147
0	0.0122669804265624
0	0.0134341155834147
0	0.0307671555149911
0	0.00959128147934214
0	0.0134341155834147
0	0.0134341155834147
0	0.0134341155834147
0	0.0134341155834147
0	0.0134341155834147
0	0.0134341155834147
0	0.0134341155834147
0	0.0134341155834147
0	0.0106457559878334
0	0.0134341155834147
0	0.0134341155834147
0	0.0134341155834147
0	0.0126023670392255
0	0.0111946551388006
0	0.0134341155834147
0	0.0134341155834147
0	0.0134341155834147
0	0.0134341155834147
0	0.0134341155834147
0	0.0134341155834147
0	0.0134341155834147
0	0.0134341155834147
0	0.0134341155834147
0	0.0134341155834147
0	0.0134341155834147
0	0.0134341155834147
0	0.0134341155834147
0	0.0134341155834147
0	0.0134341155834147
0	0.0134341155834147
0	0.0134341155834147
0	0.0107514939900879
0	0.125804669038256
0	0.0134341155834147
0	0.0134341155834147
0	0.0134341155834147
0	0.0134341155834147
0	0.0134341155834147
0	0.0134341155834147
0	0.0134341155834147
0	0.0157170668990499
0	0.561907680885939
0	0.0134341155834147
0	0.0172554468287737
0	0.0134341155834147
0	0.0134341155834147
0	0.00936621360431926
0	0.0134341155834147
0	0.0134341155834147
0	0.0125970868582862
0	0.0313709828726699
0	0.0134341155834147
0	0.0134341155834147
0	0.0134341155834147
0	0.00914095260862482
0	0.038655302703488
0	0.00959128147934214
0	0.0134341155834147
0	0.00973232984712732
0	0.0134341155834147
0	0.0101648340127894
0	0.00959128147934214
0	0.0109640522402853
0	0.0134341155834147
0	0.0134341155834147
0	0.0134341155834147
0	0.0134341155834147
0	0.0134341155834147
0	0.0127545522086647
0	0.0134341155834147
0	0.0125361894259554
0	0.0134341155834147
0	0.0134341155834147
0	0.0134341155834147
0	0.0134341155834147
0	0.0134341155834147
0	0.0134341155834147
0	0.0191628881700176
0	0.0134341155834147
0	0.0155177159793782
0	0.0134341155834147
0	0.023111817658641
0	0.0134341155834147
0	0.0134341155834147
0	0.0134341155834147
0	0.0134341155834147
0	0.0134341155834147
0	0.0134341155834147
0	0.0124540171862337
0	0.0135168354146555
0	0.00986705039773194
0	0.0118011022692189
0	0.0103384787136455
0	0.0134341155834147
0	0.0134341155834147
0	0.0134341155834147
0	0.0186519768899281
0	0.0134341155834147
0	0.0134341155834147
0	0.0134341155834147
0	0.0112562774425628
0	0.0134341155834147
0	0.0134341155834147
0	0.00959128147934214
0	0.011779306288281
0	0.0134341155834147
0	0.0134341155834147
0	0.0134341155834147
0	0.0134341155834147
0	0.0188940897605206
0	0.0138064006389449
0	0.00910431359711376
0	0.0134341155834147
0	0.0137629890090563
0	0.0162440833629106
0	0.01245238122627
0	0.00959128147934214
0	0.0134341155834147
0	0.0118976335422792
0	0.0127545522086647
0	0.0134341155834147
0	0.0134341155834147
0	0.0149358784777142
0	0.038655302703488
0	0.0134341155834147
0	0.0127545522086647
0	0.010700106020938
0	0.0165721312314248
0	0.0134341155834147
0	0.0169103621906507
0	0.0157170668990499
0	0.0134341155834147
0	0.00959128147934214
0	0.0134341155834147
0	0.0131937652626214
0	0.0163124731354414
0	0.019241341179845
0	0.0134341155834147
0	0.0134341155834147
0	0.0252408570888738
0	0.0134341155834147
0	0.0134341155834147
0	0.0134341155834147
0	0.0104547636693368
0	0.0134341155834147
0	0.0134341155834147
0	0.0131937652626214
0	0.0134341155834147
0	0.0134341155834147
0	0.0134341155834147
0	0.00807493733438276
0	0.0134341155834147
0	0.0134341155834147
0	0.0134341155834147
0	0.0138173391063836
0	0.00959128147934214
0	0.0134341155834147
0	0.0134341155834147
0	0.0134341155834147
0	0.0134341155834147
0	0.0134341155834147
0	0.0131937652626214
0	0.0121432759195473
0	0.0134341155834147
0	0.0134341155834147
0	0.0134341155834147
0	0.0134341155834147
0	0.0134341155834147
0	0.00959128147934214
0	0.0112562774425628
0	0.0250766100466146
0	0.00885027182706089
0	0.05831866012655
0	0.0112562774425628
0	0.00986705039773194
0	0.0134341155834147
0	0.0134341155834147
0	0.0134341155834147
0	0.0134341155834147
0	0.0134341155834147
0	0.0129565903294125
0	0.0134341155834147
0	0.0147082035964285
0	0.0134341155834147
0	0.00968889599324177
0	0.0134341155834147
0	0.0134341155834147
0	0.0134341155834147
0	0.0134341155834147
0	0.00959128147934214
0	0.0134341155834147
0	0.0131937652626214
0	0.0137629890090563
0	0.0134341155834147
0	0.0134341155834147
0	0.0134341155834147
0	0.0134341155834147
0	0.0187628322566653
0	0.0147399213333751
0	0.0134341155834147
0	0.0134341155834147
0	0.0134341155834147
0	0.0134341155834147
0	0.0134341155834147
0	0.0134341155834147
0	0.0134341155834147
0	0.011779306288281
0	0.0108029474906598
0	0.0134341155834147
0	0.0134341155834147
0	0.0134341155834147
0	0.0134341155834147
0	0.0134341155834147
0	0.0134341155834147
0	0.0125970868582862
0	0.012927520179002
0	0.0183366113139749
0	0.0134341155834147
0	0.0307671555149911
0	0.0171785483882712
0	0.00959128147934214
0	0.0134341155834147
0	0.00986705039773194
0	0.0134341155834147
0	0.0138173391063836
0	0.00926214536326316
0	0.0134341155834147
0	0.0118011022692189
0	0.0134341155834147
0	0.0111552547174735
0	0.0125970868582862
0	0.0134341155834147
0	0.0124492339178638
0	0.0134341155834147
0	0.0134341155834147
0	0.00959128147934214
0	0.012361602334944
0	0.0131937652626214
0	0.0131937652626214
0	0.00986705039773194
0	0.0134341155834147
0	0.0141896618796289
0	0.0152406637517139
0	0.00877793521118815
0	0.0134341155834147
0	0.0134341155834147
0	0.00985546459139575
0	0.00798908131934607
0	0.018391795875817
0	0.0134341155834147
0	0.0134341155834147
0	0.0134341155834147
0	0.0202869086583888
0	0.0134341155834147
0	0.0113111426311921
0	0.0134341155834147
0	0.0154731638682486
0	0.0134341155834147
0	0.0134341155834147
0	0.0151650634846548
0	0.0129565903294125
0	0.0134341155834147
0	0.00167029109021169
0	0.0127545522086647
0	0.0159129687352194
0	0.0134341155834147
0	0.0134341155834147
0	0.0137629890090563
0	0.0107497754511841
0	0.0276218674425183
0	0.0134341155834147
0	0.0134341155834147
0	0.0134341155834147
0	0.0124046143719523
0	0.0118976335422792
0	0.00785116106893865
0	0.0727157081878951
0	0.0157170668990499
0	0.0134341155834147
0	0.0134341155834147
0	0.0265674893547195
0	0.0214118356568638
0	0.0134341155834147
0	0.0134341155834147
0	0.0134341155834147
0	0.00515391759628953
0	0.0137629890090563
0	0.0134341155834147
0	0.0134341155834147
0	0.0134341155834147
0	0.0134341155834147
0	0.0134341155834147
0	0.0134341155834147
0	0.0134341155834147
0	0.00959128147934214
0	0.0118608367112692
0	0.0134341155834147
0	0.0169294965389467
0	0.00986705039773194
0	0.0134341155834147
0	0.0134341155834147
0	0.0134341155834147
0	0.0134341155834147
0	0.0134341155834147
0	0.0131937652626214
0	0.0134341155834147
0	0.0134341155834147
0	0.0134341155834147
0	0.0134341155834147
0	0.0134341155834147
0	0.0134341155834147
0	0.0138080342011502
0	0.0134341155834147
0	0.0134341155834147
0	0.0111946551388006
0	0.0134341155834147
0	0.0134341155834147
0	0.0134341155834147
0	0.0134341155834147
0	0.0125970868582862
0	0.0157170668990499
0	0.00986705039773194
0	0.0134341155834147
0	0.0134341155834147
0	0.0169479033770123
0	0.0134341155834147
0	0.0134341155834147
0	0.00959128147934214
0	0.0134341155834147
0	0.0124540171862337
0	0.0124695400439551
0	0.0134341155834147
0	0.0134341155834147
0	0.00959128147934214
0	0.0157170668990499
0	0.0134341155834147
0	0.0134341155834147
0	0.0134341155834147
0	0.0122508310666225
0	0.0298683574554444
0	0.0134341155834147
0	0.0134341155834147
0	0.0163124731354414
0	0.0134341155834147
0	0.0125970868582862
0	0.0134341155834147
0	0.509984309438359
0	0.0134341155834147
0	0.0134341155834147
0	0.0110240676370469
0	0.0134341155834147
0	0.0127545522086647
0	0.0130599676417941
0	0.0134341155834147
0	0.0134341155834147
0	0.0134341155834147
0	0.0134341155834147
0	0.0125262056158566
0	0.0131937652626214
0	0.0134341155834147
0	0.0134341155834147
0	0.0230553341859853
0	0.00959128147934214
0	0.0134341155834147
0	0.0111642435025797
0	0.0134341155834147
0	0.00596481335659551
0	0.0134341155834147
0	0.0134341155834147
0	0.0134341155834147
0	0.0134341155834147
0	0.0104259337400438
0	0.0134341155834147
0	0.0142311674142448
0	0.0134341155834147
0	0.0134341155834147
0	0.0134341155834147
0	0.0190881252094537
0	0.0319754864394551
0	0.0134341155834147
0	0.0125361894259554
0	0.0134341155834147
0	0.0134341155834147
0	0.0134341155834147
0	0.0134341155834147
0	0.0134341155834147
0	0.0131937652626214
0	0.0134341155834147
0	0.00910431359711376
0	0.018130086677215
0	0.0134341155834147
0	0.0134341155834147
0	0.0134341155834147
0	0.0134341155834147
0	0.0118011022692189
0	0.00682833882450998
0	0.0170737123978417
0	0.0134341155834147
0	0.0134341155834147
0	0.0134341155834147
0	0.0134341155834147
0	0.0187359565244765
0	0.0134341155834147
0	0.0134341155834147
0	0.0124540171862337
0	0.0134341155834147
0	0.0134341155834147
0	0.0134341155834147
0	0.0134341155834147
0	0.0134341155834147
0	0.0134341155834147
0	0.0134341155834147
0	0.0134341155834147
0	0.0102947041001491
0	0.0134341155834147
0	0.00958055233303663
0	0.0134341155834147
0	0.0055877901097709
0	0.0134341155834147
0	0.0134341155834147
0	0.0112890404264779
0	0.0134341155834147
0	0.0134341155834147
0	0.0134341155834147
0	0.0127545522086647
0	0.00959128147934214
0	0.0097158800396486
0	0.0129565903294125
0	0.0163124731354414
0	0.0125970868582862
0	0.0134341155834147
0	0.0348695917447266
0	0.0134341155834147
0	0.0134341155834147
0	0.00986705039773194
0	0.00959128147934214
0	0.00552074024189636
0	0.0134341155834147
0	0.0134341155834147
0	0.0112562774425628
0	0.0134341155834147
0	0.0179605387389033
0	0.0134341155834147
0	0.801081943742088
0	0.00958839375392688
0	0.0125361894259554
0	0.0134341155834147
0	0.0217550741742672
0	0.0134341155834147
0	0.0134341155834147
0	0.0134341155834147
0	0.0163124731354414
0	0.0134341155834147
0	0.0131937652626214
0	0.00959128147934214
0	0.0119056632495778
0	0.0468295126703326
0	0.012390407004783
0	0.0134341155834147
0	0.0137629890090563
0	0.00986705039773194
0	0.0134341155834147
0	0.0088146840375254
0	0.0197278412291794
0	0.0134341155834147
0	0.0124151664187329
0	0.0134341155834147
0	0.0170737123978417
0	0.0170737123978417
0	0.0108210792939939
0	0.020421291128804
0	0.640606284789148
0	0.0123331842998026
0	0.0134341155834147
0	0.0134341155834147
0	0.0134341155834147
0	0.0124540171862337
0	0.0134341155834147
0	0.0134341155834147
0	0.0134341155834147
0	0.0134341155834147
0	0.0134341155834147
0	0.0161596433033394
0	0.0147082035964285
0	0.0162411023424734
0	0.0229522769991195
0	0.0134341155834147
0	0.0134341155834147
0	0.0134341155834147
0	0.0134341155834147
0	0.00986705039773194
0	0.0134341155834147
0	0.0134341155834147
0	0.0134341155834147
0	0.0134341155834147
0	0.0134341155834147
0	0.0134341155834147
0	0.0172554468287737
0	0.0132290253744833
0	0.0134341155834147
0	0.0755312865724674
0	0.0134341155834147
0	0.0210295314336331
0	0.0134341155834147
0	0.0134401642308342
0	0.0134341155834147
0	0.0134341155834147
0	0.0134341155834147
0	0.0298245900514867
0	0.00986705039773194
0	0.0134341155834147
0	0.0134341155834147
0	0.0134341155834147
0	0.0134341155834147
0	0.0134341155834147
0	0.0134341155834147
0	0.0134341155834147
0	0.0134341155834147
0	0.0137629890090563
0	0.0119257408958743
0	0.0124540171862337
0	0.0112562774425628
0	0.00959128147934214
0	0.0134341155834147
0	0.0125361894259554
0	0.0134341155834147
0	0.0149358784777142
0	0.920117911771329
0	0.0134341155834147
0	0.0134341155834147
0	0.00765141496866292
0	0.0134341155834147
0	0.0101541130026771
0	0.0134341155834147
0	0.0134341155834147
0	0.0137629890090563
0	0.0134341155834147
0	0.0134341155834147
0	0.0134341155834147
0	0.0129565903294125
0	0.00571542500794133
0	0.038655302703488
0	0.0134341155834147
0	0.0134341155834147
0	0.0138173391063836
0	0.0134341155834147
0	0.0134341155834147
0	0.0134341155834147
0	0.0134341155834147
0	0.0134341155834147
0	0.0134341155834147
0	0.0134341155834147
0	0.00658675335094422
0	0.0134341155834147
0	0.0134341155834147
0	0.0134341155834147
0	0.0134341155834147
0	0.0134341155834147
0	0.0134341155834147
0	0.0134341155834147
0	0.0134341155834147
0	0.0114038021878938
0	0.0134341155834147
0	0.0134341155834147
0	0.00906386435211418
0	0.0134341155834147
0	0.00959128147934214
0	0.0134341155834147
0	0.0134341155834147
0	0.0134341155834147
0	0.0134341155834147
0	0.0117110898186781
0	0.0134341155834147
0	0.0141554594152541
0	0.0134341155834147
0	0.0134341155834147
0	0.00986705039773194
0	0.0124151664187329
0	0.117788046098804
0	0.0134341155834147
0	0.0134341155834147
0	0.00699885783553465
0	0.0134341155834147
0	0.0134341155834147
0	0.00959128147934214
0	0.0134341155834147
0	0.0131937652626214
0	0.00969156669424387
0	0.0134341155834147
0	0.0112562774425628
0	0.0134341155834147
0	0.010346352422952
0	0.016640585830544
0	0.0134341155834147
0	0.0097158800396486
0	0.0131937652626214
0	0.0125970868582862
0	0.0134341155834147
0	0.0134341155834147
0	0.0134341155834147
0	0.0129748356699041
0	0.0134341155834147
0	0.0134341155834147
0	0.0134341155834147
0	0.0134341155834147
0	0.00986705039773194
0	0.0122508310666225
0	0.0252408570888738
0	0.0134341155834147
0	0.0204554221879297
0	0.0134341155834147
0	0.0106681097101186
0	0.0252408570888738
0	0.0134341155834147
0	0.0110111072692896
0	0.0134341155834147
0	0.00918967348547377
0	0.0134341155834147
0	0.0123446357664836
0	0.0132057795536378
0	0.0134341155834147
0	0.0131937652626214
0	0.01355294706791
0	0.00579536861946857
0	0.0126867786687147
0	0.0134341155834147
0	0.0134341155834147
0	0.0134341155834147
0	0.0134341155834147
0	0.0134341155834147
0	0.00986705039773194
0	0.00959128147934214
0	0.00873492738353509
0	0.0162440833629106
0	0.0134341155834147
0	0.00809116420539609
0	0.0134341155834147
0	0.0134341155834147
0	0.0134341155834147
0	0.0134341155834147
0	0.0112562774425628
0	0.0112562774425628
0	0.0126234019245645
0	0.0134341155834147
0	0.0134341155834147
0	0.0134341155834147
0	0.0134341155834147
0	0.0134341155834147
0	0.0134341155834147
0	0.0134341155834147
0	0.014312309367995
0	0.0222699737101695
0	0.0124540171862337
0	0.0134341155834147
0	0.0139395124993298
0	0.0134341155834147
0	0.0113273780526248
0	0.0134341155834147
0	0.0134341155834147
0	0.0134341155834147
0	0.0132290253744833
0	0.00986705039773194
0	0.0373870996615149
0	0.0134341155834147
0	0.0134341155834147
0	0.0374792631904389
0	0.0134341155834147
0	0.0134341155834147
0	0.0134341155834147
0	0.0134341155834147
0	0.00986705039773194
0	0.0134341155834147
0	0.0127545522086647
0	0.0134341155834147
0	0.00787924411006691
0	0.0134341155834147
0	0.0134341155834147
0	0.0134341155834147
0	0.0134341155834147
0	0.0122989414656729
0	0.0134341155834147
0	0.00959128147934214
0	0.0134341155834147
0	0.0147823818726724
0	0.0118976335422792
0	0.0172594490386492
0	0.0134341155834147
0	0.0134341155834147
0	0.0278578698154509
0	0.0134341155834147
0	0.0134341155834147
0	0.0117185544178445
0	0.0134341155834147
0	0.0134341155834147
0	0.661029545198559
0	0.0134341155834147
0	0.0134341155834147
0	0.0162411023424734
0	0.0134341155834147
0	0.0132562272815606
0	0.0134341155834147
0	0.0134341155834147
0	0.0170737123978417
0	0.0134341155834147
0	0.0106457559878334
0	0.0134341155834147
0	0.0134341155834147
0	0.0134341155834147
0	0.0307671555149911
0	0.0134341155834147
0	0.0134341155834147
0	0.0132290253744833
0	0.0134341155834147
0	0.0134341155834147
0	0.00959128147934214
0	0.0134341155834147
0	0.0252408570888738
0	0.00959128147934214
0	0.0131937652626214
0	0.979321921956136
0	0.0106137568347256
0	0.0134341155834147
0	0.0134341155834147
0	0.985281775434966
0	0.0108210792939939
0	0.0134341155834147
0	0.0109185999101957
0	0.00959128147934214
0	0.0134341155834147
0	0.0134341155834147
0	0.0134341155834147
0	0.0134341155834147
0	0.0099388256068261
0	0.904316741225657
0	0.0134341155834147
0	0.0131937652626214
0	0.0134341155834147
0	0.0134341155834147
0	0.0122309844561068
0	0.0134341155834147
0	0.0134341155834147
0	0.0134341155834147
0	0.0134341155834147
0	0.0134341155834147
0	0.0134341155834147
0	0.0134341155834147
0	0.0134341155834147
0	0.0134341155834147
0	0.0134341155834147
0	0.0134341155834147
0	0.0134341155834147
0	0.0134341155834147
0	0.0160010813228992
0	0.0112702889801255
0	0.0134341155834147
0	0.0157170668990499
0	0.0134341155834147
0	0.0134341155834147
0	0.0132290253744833
0	0.0134341155834147
0	0.0134341155834147
0	0.0134341155834147
0	0.0134341155834147
0	0.0134341155834147
0	0.0157170668990499
0	0.0138173391063836
0	0.0161596433033394
0	0.0127545522086647
0	0.0134341155834147
0	0.0141554594152541
0	0.0134341155834147
0	0.0127545522086647
0	0.0134341155834147
0	0.0134341155834147
0	0.0134341155834147
0	0.0134341155834147
0	0.0145280388822115
0	0.0134341155834147
0	0.0131937652626214
0	0.0307671555149911
0	0.0118378247220791
0	0.0134341155834147
0	0.00849052823937863
0	0.0134341155834147
0	0.0123331842998026
0	0.0123117034606713
0	0.0134341155834147
0	0.710132521233358
0	0.0131937652626214
0	0.0134341155834147
0	0.0134341155834147
0	0.0149358784777142
0	0.0134341155834147
0	0.0720948540277402
0	0.0126863719535666
0	0.0134341155834147
0	0.00941902706542982
0	0.0120904886882951
0	0.0170737123978417
0	0.0134341155834147
0	0.0134341155834147
0	0.0134341155834147
0	0.00959128147934214
0	0.0131937652626214
0	0.0201619138853066
0	0.0123715240629612
0	0.0107539296118175
0	0.0130599676417941
0	0.0102947041001491
0	0.00911422860504598
0	0.0134341155834147
0	0.0134341155834147
0	0.0134341155834147
0	0.0134341155834147
0	0.0134341155834147
0	0.0134341155834147
0	0.0134341155834147
0	0.0134341155834147
0	0.0134341155834147
0	0.0134341155834147
0	0.00875493648098465
0	0.0276724802716545
0	0.0134341155834147
0	0.0134341155834147
0	0.0354566364746924
0	0.0109424987058098
0	0.0131937652626214
0	0.0097158800396486
0	0.0134341155834147
0	0.00959128147934214
0	0.00782013399085451
0	0.0127013959366766
0	0.0134341155834147
0	0.0134341155834147
0	0.0202548092064528
0	0.0130599676417941
0	0.0134341155834147
0	0.0124129132253175
0	0.0134341155834147
0	0.0134341155834147
0	0.0138173391063836
0	0.0157170668990499
0	0.0134341155834147
0	0.0109966533199509
0	0.0134341155834147
0	0.0134341155834147
0	0.0131937652626214
0	0.0131937652626214
0	0.0131937652626214
0	0.0102432168465379
0	0.0110535942201279
0	0.0134341155834147
0	0.0134341155834147
0	0.0134341155834147
0	0.0165762912171954
0	0.0134341155834147
0	0.0134341155834147
0	0.0157124910811844
0	0.0134341155834147
0	0.0134341155834147
0	0.012603735595562
0	0.0134341155834147
0	0.0125970868582862
0	0.0134341155834147
0	0.0134341155834147
0	0.0159542727866938
0	0.0134341155834147
0	0.0134341155834147
0	0.0112477608304766
0	0.0134341155834147
0	0.00986705039773194
0	0.0125970868582862
0	0.0134341155834147
0	0.0134341155834147
0	0.0134341155834147
0	0.0134341155834147
0	0.0134341155834147
0	0.0134341155834147
0	0.0134341155834147
0	0.0107241719935198
0	0.0134341155834147
0	0.0134341155834147
0	0.0134341155834147
0	0.0120904886882951
0	0.0134341155834147
0	0.0134341155834147
0	0.00986705039773194
0	0.0134341155834147
0	0.0109421108404486
0	0.0134341155834147
0	0.0134341155834147
0	0.0216934835494487
0	0.0133251011780458
0	0.0131937652626214
0	0.0134341155834147
0	0.0134341155834147
0	0.0134341155834147
0	0.0134341155834147
0	0.0138173391063836
0	0.0134341155834147
0	0.0134341155834147
0	0.0134341155834147
0	0.0134341155834147
0	0.0170737123978417
0	0.0134341155834147
0	0.0134341155834147
0	0.0134341155834147
0	0.00986705039773194
0	0.0134341155834147
0	0.0116761211546757
0	0.0134341155834147
0	0.0134341155834147
0	0.0286000467443958
0	0.0134341155834147
0	0.0134341155834147
0	0.0134341155834147
0	0.0246698122136942
0	0.0121432759195473
0	0.339709830924973
0	0.0128334819834804
0	0.0125361894259554
0	0.0125970868582862
0	0.0134341155834147
0	0.0134341155834147
0	0.0134341155834147
0	0.0134341155834147
0	0.00986705039773194
0	0.0134341155834147
0	0.0134341155834147
0	0.0134341155834147
0	0.0134341155834147
0	0.0134341155834147
0	0.0170737123978417
0	0.0470946974015325
0	0.0134341155834147
0	0.0134341155834147
0	0.0134341155834147
0	0.0134341155834147
0	0.00959128147934214
0	0.0134341155834147
0	0.0134341155834147
0	0.0125970868582862
0	0.0120026713203235
0	0.00662332630166172
0	0.00927504370114282
0	0.0134341155834147
0	0.0131937652626214
0	0.0134341155834147
0	0.0134341155834147
0	0.0134341155834147
0	0.0134341155834147
0	0.0134341155834147
0	0.0134341155834147
0	0.0299403549968457
0	0.0238228408652681
0	0.00959128147934214
0	0.01355294706791
0	0.0134341155834147
0	0.0116847810632975
0	0.0124540171862337
0	0.0149358784777142
0	0.0134341155834147
0	0.0134341155834147
0	0.0243329361370581
0	0.0134341155834147
0	0.0134341155834147
0	0.0134341155834147
0	0.0134341155834147
0	0.0134341155834147
0	0.0304382603772435
0	0.0134341155834147
0	0.0134341155834147
0	0.0134341155834147
0	0.0134341155834147
0	0.0134341155834147
0	0.0136604757273393
0	0.0134341155834147
0	0.0134341155834147
0	0.0134341155834147
0	0.0170737123978417
0	0.0134341155834147
0	0.0134341155834147
0	0.010346352422952
0	0.0117128445414158
0	0.0121489480023029
0	0.0134341155834147
0	0.0134341155834147
0	0.0134341155834147
0	0.0134341155834147
0	0.0131937652626214
0	0.0134341155834147
0	0.0134341155834147
0	0.0134341155834147
0	0.0134341155834147
0	0.00926214536326316
0	0.0134341155834147
0	0.0131937652626214
0	0.0111012490933895
0	0.0307671555149911
0	0.0134341155834147
0	0.0134341155834147
0	0.0065011094648965
0	0.028024970954791
0	0.0134341155834147
0	0.0134341155834147
0	0.0134341155834147
0	0.00986705039773194
0	0.0134341155834147
0	0.0131937652626214
0	0.0134341155834147
0	0.0134341155834147
0	0.0132290253744833
0	0.0129922960096548
0	0.0134341155834147
0	0.0134341155834147
0	0.0134341155834147
0	0.00959128147934214
0	0.00959128147934214
0	0.0131937652626214
0	0.0121918148811065
0	0.0134341155834147
0	0.0134341155834147
0	0.0156942436138496
0	0.0134341155834147
0	0.0134341155834147
0	0.0134341155834147
0	0.0134341155834147
0	0.0125262056158566
0	0.0134341155834147
0	0.0161596433033394
0	0.0134341155834147
0	0.105244739818514
0	0.0136064791522701
0	0.0134341155834147
0	0.0197335629600717
0	0.0134341155834147
0	0.0130599676417941
0	0.0131937652626214
0	0.00982701758990791
0	0.0437032188352774
0	0.0134341155834147
0	0.0134341155834147
0	0.0134341155834147
0	0.0131937652626214
0	0.0134341155834147
0	0.0134341155834147
0	0.0134341155834147
0	0.00841371548881124
0	0.0134341155834147
0	0.0134341155834147
0	0.0134341155834147
0	0.0157124910811844
0	0.0134341155834147
0	0.0134341155834147
0	0.0134341155834147
0	0.0134341155834147
0	0.0134341155834147
0	0.0134341155834147
0	0.00959128147934214
0	0.0123331842998026
0	0.0134341155834147
0	0.0134341155834147
0	0.0134341155834147
0	0.0114507108294262
0	0.013696870498025
0	0.0134341155834147
0	0.0134341155834147
0	0.00849052823937863
0	0.0134341155834147
0	0.00959128147934214
0	0.0117402718507195
0	0.0134341155834147
0	0.0134341155834147
0	0.0134341155834147
0	0.0134341155834147
0	0.0134341155834147
0	0.0134341155834147
0	0.0134341155834147
0	0.0116166770110373
0	0.0093484760574391
0	0.0134341155834147
0	0.0137629890090563
0	0.0134341155834147
0	0.0134341155834147
0	0.0134341155834147
0	0.038655302703488
0	0.0134341155834147
0	0.0302882099052925
0	0.0134341155834147
0	0.0704089381736847
0	0.0131937652626214
0	0.0134341155834147
0	0.00986705039773194
0	0.0134341155834147
0	0.0119257408958743
0	0.00959128147934214
0	0.00791853000108385
0	0.0125361894259554
0	0.0131937652626214
0	0.0134341155834147
0	0.00920531957045091
0	0.00959128147934214
0	0.0124540171862337
0	0.0134341155834147
0	0.0134341155834147
0	0.00959128147934214
0	0.0135702268256551
0	0.0134341155834147
0	0.0157458045277828
0	0.0134341155834147
0	0.0157124910811844
0	0.0134341155834147
0	0.00959128147934214
0	0.0134341155834147
0	0.0124540171862337
0	0.00963685514660669
0	0.0131937652626214
0	0.0109421108404486
0	0.016776408859894
0	0.0134341155834147
0	0.0134341155834147
0	0.0134341155834147
0	0.0134341155834147
0	0.038655302703488
0	0.0134341155834147
0	0.0134341155834147
0	0.0132290253744833
0	0.0134341155834147
0	0.0299272894330595
0	0.0134341155834147
0	0.0134341155834147
0	0.010293252853728
0	0.0134341155834147
0	0.0134341155834147
0	0.00959128147934214
0	0.0134341155834147
0	0.0134341155834147
0	0.0140201592106113
0	0.0138173391063836
0	0.0134341155834147
0	0.0134341155834147
0	0.0134341155834147
0	0.0134341155834147
0	0.0134341155834147
0	0.0319754864394551
0	0.0101231409393202
0	0.0134341155834147
0	0.0134341155834147
0	0.0381774420065195
0	0.0134341155834147
0	0.00959128147934214
0	0.0134341155834147
0	0.0122989414656729
0	0.0134341155834147
0	0.0134341155834147
0	0.00905797709977615
0	0.0134341155834147
0	0.039680619834593
0	0.0134341155834147
0	0.0134341155834147
0	0.0134341155834147
0	0.0134341155834147
0	0.0134341155834147
0	0.00959128147934214
0	0.0134341155834147
0	0.0134341155834147
0	0.0228782012108553
0	0.0134341155834147
0	0.00968784473025408
0	0.0172554468287737
0	0.0134341155834147
0	0.0388581181087275
0	0.0125970868582862
0	0.0132290253744833
0	0.0134341155834147
0	0.0134341155834147
0	0.0123117034606713
0	0.0134341155834147
0	0.0134341155834147
0	0.0134341155834147
0	0.0134341155834147
0	0.0138173391063836
0	0.00849052823937863
0	0.0134341155834147
0	0.0124540171862337
0	0.0155177159793782
0	0.0134341155834147
0	0.0134341155834147
0	0.0134341155834147
0	0.0141345601665068
0	0.0111825024585077
0	0.0119313125960043
0	0.0134341155834147
0	0.00734321567520517
0	0.0134341155834147
0	0.0123715240629612
0	0.0134341155834147
0	0.0123331842998026
0	0.0822092164005958
0	0.0134341155834147
0	0.0134341155834147
0	0.0157124910811844
0	0.0252408570888738
0	0.0131937652626214
0	0.0134341155834147
0	0.0125970868582862
0	0.0137629890090563
0	0.0211016253992204
0	0.0134341155834147
0	0.0118011022692189
0	0.017676192139819
0	0.0118011022692189
0	0.0134341155834147
0	0.0134341155834147
0	0.0134341155834147
0	0.0134341155834147
0	0.0134341155834147
0	0.0134341155834147
0	0.0134341155834147
0	0.0134341155834147
0	0.0134341155834147
0	0.0134341155834147
0	0.0131937652626214
0	0.0134341155834147
0	0.0134341155834147
0	0.0118011022692189
0	0.0192431751637551
0	0.0134341155834147
0	0.0137629890090563
0	0.0134341155834147
0	0.0219073370410258
0	0.0134341155834147
0	0.0134341155834147
0	0.0134341155834147
0	0.0134341155834147
0	0.0134341155834147
0	0.0157998816383449
0	0.00902333075707161
0	0.0129565903294125
0	0.0134341155834147
0	0.0134341155834147
0	0.0134341155834147
0	0.0134341155834147
0	0.0161062755721569
0	0.0134341155834147
0	0.0134341155834147
0	0.0153443537269292
0	0.00986705039773194
0	0.0134341155834147
0	0.569689935612716
0	0.00849052823937863
0	0.0134341155834147
0	0.0134341155834147
0	0.0120786519410918
0	0.0134341155834147
0	0.0134341155834147
0	0.0126125896465863
0	0.0151612273754166
0	0.0307671555149911
0	0.0134341155834147
0	0.0134341155834147
0	0.0134341155834147
0	0.0134341155834147
0	0.0110978609571453
0	0.0157124910811844
0	0.0134341155834147
0	0.0132290253744833
0	0.0134341155834147
0	0.0134341155834147
0	0.0134341155834147
0	0.0163124731354414
0	0.0134341155834147
0	0.0134341155834147
0	0.00945167942975602
0	0.0134341155834147
0	0.0134341155834147
0	0.0134341155834147
0	0.0112253422757391
0	0.0134341155834147
0	0.0139443558487814
0	0.0134341155834147
0	0.0101606764486561
0	0.0131937652626214
0	0.0134341155834147
0	0.0134341155834147
0	0.0134341155834147
0	0.0134341155834147
0	0.0134341155834147
0	0.0134341155834147
0	0.0134341155834147
0	0.0134341155834147
0	0.0138173391063836
0	0.0134341155834147
0	0.0134341155834147
0	0.0307671555149911
0	0.0134341155834147
0	0.0119208681316787
0	0.0134341155834147
0	0.0125970868582862
0	0.014624920688772
0	0.00959128147934214
0	0.0134341155834147
0	0.0111946551388006
0	0.0134341155834147
0	0.0134341155834147
0	0.0132290253744833
0	0.0134341155834147
0	0.0180826022771114
0	0.0118976335422792
0	0.0134341155834147
0	0.0134341155834147
0	0.0122274743263724
0	0.0156501347117438
0	0.0134341155834147
0	0.0134341155834147
0	0.0134341155834147
0	0.0134341155834147
0	0.0126415147347934
0	0.0134341155834147
0	0.0127592076489567
0	0.0134341155834147
0	0.0134341155834147
0	0.0115896250406837
0	0.0134341155834147
0	0.00986705039773194
0	0.0134341155834147
0	0.0134341155834147
0	0.0134341155834147
0	0.00959128147934214
0	0.0134341155834147
0	0.00900322603666151
0	0.0134341155834147
0	0.0130538168485611
0	0.0134341155834147
0	0.0132290253744833
0	0.0134341155834147
0	0.77993219838648
0	0.0804616467833326
0	0.0112114862051118
0	0.0109185999101957
0	0.0134341155834147
0	0.0134341155834147
0	0.0149358784777142
0	0.0159552833814438
0	0.0157124910811844
0	0.0137629890090563
0	0.00936763598198338
0	0.0134341155834147
0	0.0134341155834147
0	0.0134341155834147
0	0.0134341155834147
0	0.0127696994777364
0	0.0131937652626214
0	0.0172554468287737
0	0.012448371987304
0	0.0134341155834147
0	0.00986705039773194
0	0.0132825707143391
0	0.0134341155834147
0	0.0134341155834147
0	0.0149107814615747
0	0.0134341155834147
0	0.0125361894259554
0	0.00886693607727335
0	0.0134341155834147
0	0.0118540861414697
0	0.0134341155834147
0	0.0172554468287737
0	0.0134341155834147
0	0.0131937652626214
0	0.0134341155834147
0	0.010549332251844
0	0.0134341155834147
0	0.0994513878960771
0	0.0134341155834147
0	0.0134341155834147
0	0.0134341155834147
0	0.0138173391063836
0	0.0134341155834147
0	0.0124540171862337
0	0.0134341155834147
0	0.0134341155834147
0	0.0170737123978417
0	0.013125059964084
0	0.0134341155834147
0	0.580652408944753
0	0.0134341155834147
0	0.00681683000273258
0	0.0131937652626214
0	0.0134341155834147
0	0.00840084965297945
0	0.00986705039773194
0	0.0134341155834147
0	0.00986705039773194
0	0.0149358784777142
0	0.0134341155834147
0	0.0134341155834147
0	0.0134341155834147
0	0.0134341155834147
0	0.0138173391063836
0	0.0134341155834147
0	0.0138173391063836
0	0.0127248269092255
0	0.0134341155834147
0	0.0134341155834147
0	0.0134341155834147
0	0.0134341155834147
0	0.0131937652626214
0	0.0134341155834147
0	0.0675309365635645
0	0.00959128147934214
0	0.0136667038929895
0	0.00986705039773194
0	0.0145140283950417
0	0.0134341155834147
0	0.0108210792939939
0	0.00987203621602264
0	0.012927520179002
0	0.00968989177339549
0	0.0134341155834147
0	0.0134341155834147
0	0.0134341155834147
0	0.0134341155834147
0	0.370407407222289
0	0.0134341155834147
0	0.0134341155834147
0	0.00896472311636163
0	0.0134341155834147
0	0.0121235378454241
0	0.00873492738353509
0	0.0201781930868018
0	0.0134341155834147
0	0.0134341155834147
0	0.0134341155834147
0	0.0106681097101186
0	0.00802580753078961
0	0.0172554468287737
0	0.0134341155834147
0	0.0134341155834147
0	0.0134341155834147
0	0.0134341155834147
0	0.0134341155834147
0	0.0134341155834147
0	0.0307671555149911
0	0.0131937652626214
0	0.0134341155834147
0	0.0131937652626214
0	0.0134341155834147
0	0.0134341155834147
0	0.0134341155834147
0	0.020658942610556
0	0.00926214536326316
0	0.0134341155834147
0	0.0134341155834147
0	0.0134341155834147
0	0.00959128147934214
0	0.0112166033807302
0	0.0134341155834147
0	0.0134341155834147
0	0.0134341155834147
0	0.016995113813527
0	0.0134341155834147
0	0.0134341155834147
