1	0.978336338564698
1	0.946477576297905
1	0.549820990738124
1	0.722934607767198
1	0.981061664900325
1	0.48084959072529
1	0.411827944560183
1	0.766789432951538
1	0.0146851056475649
1	0.788886038445411
1	0.499685297793872
1	0.922398811236824
1	0.862307803695499
1	0.931974242059023
1	0.880823205151993
1	0.446468975416201
1	0.327361615831332
1	0.95303224458054
1	0.937530655940157
1	0.0260517380646733
1	0.852912783777161
1	0.551185600171554
1	0.016031481322001
1	0.912662904572213
1	0.929929268105123
1	0.798725154045948
1	0.021660968087655
1	0.951918743005827
1	0.0623317328674144
1	0.862768638248763
1	0.0390318103175683
1	0.739116073288159
1	0.324234572337664
1	0.909975116161589
1	0.911363900810271
1	0.831267368594451
1	0.953800878991308
1	0.821674102015715
1	0.0835438501747274
1	0.0522777048624393
1	0.0237961492174989
1	0.972300516116726
1	0.0250684854303023
1	0.685201166566483
1	0.949428495399501
1	0.611381653228711
1	0.903755855029213
1	0.93761824056446
1	0.251183615301026
1	0.901124996986648
1	0.891472063512421
1	0.763669537172688
1	0.0359686163408599
1	0.016031481322001
1	0.0909395492155424
1	0.679037756282753
1	0.899525957260479
1	0.845490099165504
1	0.96074723134638
1	0.959111252271714
1	0.979710636999569
1	0.654633620269936
1	0.0141080167942782
1	0.961862851505886
1	0.818240303829946
1	0.0165185471891248
1	0.016031481322001
1	0.749828671053528
1	0.480298436325886
1	0.340988751907865
1	0.849064663994785
1	0.97879474448092
1	0.885555727197826
1	0.0165185471891248
1	0.844481249453271
1	0.788749448322064
1	0.867922065828317
1	0.972774981895195
1	0.83290278056047
1	0.800547095028788
1	0.882406119657809
1	0.82043995920876
1	0.974640099552586
1	0.936883327494246
1	0.787427024576906
1	0.848919107054308
1	0.380306515425888
1	0.86899653872415
1	0.954742177948296
1	0.683490646547813
1	0.016031481322001
1	0.861151783154585
1	0.89435925094055
1	0.103663910534999
1	0.0598471862979406
1	0.826677089067297
1	0.937738471462944
1	0.24415389298769
1	0.89335654204884
1	0.814053787705964
1	0.583763090169819
1	0.830760324147448
1	0.907336280066136
1	0.0423662951792762
1	0.861880684546204
1	0.0236204362317732
1	0.960448502856596
1	0.024613270217844
1	0.83290278056047
1	0.0215053900926485
1	0.663768060331962
1	0.0165185471891248
1	0.859749210946875
1	0.848575015332864
1	0.848723828649697
1	0.48084959072529
1	0.875507924245198
1	0.016031481322001
1	0.943549953874341
1	0.451543499056367
1	0.792012646126529
1	0.980919748748818
1	0.116741043680803
1	0.782150267258058
1	0.408762440121599
1	0.772289765341199
1	0.310536804194873
1	0.0533456794530571
1	0.626776607858659
1	0.016031481322001
1	0.0558702241899994
1	0.932711444727746
1	0.969919145903676
1	0.924339543319792
1	0.79456160313478
1	0.914479547524698
1	0.903181754868508
1	0.982457678021357
1	0.886475453232911
1	0.939057259733749
1	0.877907151026153
1	0.386567721135016
1	0.661437552169142
1	0.943186551074591
1	0.891237482498895
1	0.016031481322001
1	0.950870938266458
1	0.87571712127505
1	0.642788083692546
1	0.869585762763594
1	0.660231772933119
1	0.868520282049414
1	0.870064700949468
1	0.952765025494436
1	0.665576696072413
1	0.779585000192724
1	0.798024246452556
1	0.341420318897661
1	0.880969320688831
1	0.825833965833588
1	0.540221708831344
1	0.0281489128286336
1	0.0264082453012733
1	0.760445231397522
1	0.935431754212525
1	0.379847138460729
1	0.808356552255671
1	0.016031481322001
1	0.768261293625093
1	0.893595051514316
1	0.76625999202924
1	0.352002561440291
1	0.98000595604891
1	0.815388419973276
1	0.613722311041007
1	0.879179229064895
1	0.93169114613098
1	0.0664730702747535
1	0.416040917010638
1	0.479094926285438
1	0.352002561440291
1	0.967897477793404
1	0.0409839379783249
1	0.749828671053528
1	0.923428356655808
1	0.723171101390603
1	0.0522777048624393
1	0.0160139217129919
1	0.884153116481943
1	0.941392676539824
1	0.933896102552519
1	0.888720326185896
1	0.255859450479135
1	0.749828671053528
1	0.774286061195919
1	0.812624686205263
1	0.0233860565034259
1	0.610146790741043
1	0.824874417277399
1	0.928374876659612
0	0.0140650657875216
0	0.022445169155401
0	0.016031481322001
0	0.0146851056475649
0	0.016031481322001
0	0.0145108140931198
0	0.016031481322001
0	0.014774780439511
0	0.016031481322001
0	0.016031481322001
0	0.016031481322001
0	0.016031481322001
0	0.0130587364195154
0	0.016031481322001
0	0.016031481322001
0	0.016031481322001
0	0.0268450907822578
0	0.016031481322001
0	0.016031481322001
0	0.0158414670943976
0	0.016031481322001
0	0.016031481322001
0	0.016031481322001
0	0.0211723349445037
0	0.016031481322001
0	0.016031481322001
0	0.0268450907822578
0	0.0130587364195154
0	0.016031481322001
0	0.016031481322001
0	0.0234178848808608
0	0.236476448301262
0	0.362939894848323
0	0.016031481322001
0	0.0193471401287487
0	0.0146851056475649
0	0.016031481322001
0	0.016031481322001
0	0.016031481322001
0	0.016031481322001
0	0.0155813772855845
0	0.016031481322001
0	0.0186516812879028
0	0.016031481322001
0	0.016031481322001
0	0.0159602970409447
0	0.016031481322001
0	0.016031481322001
0	0.0130587364195154
0	0.0229257844706545
0	0.016031481322001
0	0.016031481322001
0	0.0340445158742446
0	0.016031481322001
0	0.0114990960496254
0	0.0156164598891611
0	0.016031481322001
0	0.016031481322001
0	0.016031481322001
0	0.022445169155401
0	0.016031481322001
0	0.016031481322001
0	0.0166696367995824
0	0.016031481322001
0	0.016031481322001
0	0.0169902042213158
0	0.016031481322001
0	0.016031481322001
0	0.016031481322001
0	0.0392806750243886
0	0.016031481322001
0	0.022445169155401
0	0.016031481322001
0	0.016031481322001
0	0.016031481322001
0	0.0137335636710747
0	0.016031481322001
0	0.016031481322001
0	0.0268450907822578
0	0.0408065526413094
0	0.0144514527408319
0	0.016031481322001
0	0.0261243365353646
0	0.0182124879351412
0	0.016031481322001
0	0.016031481322001
0	0.016031481322001
0	0.0155993476548978
0	0.016031481322001
0	0.016031481322001
0	0.0214647073664015
0	0.010528862096749
0	0.016031481322001
0	0.0146851056475649
0	0.016031481322001
0	0.016031481322001
0	0.016031481322001
0	0.0169923987385515
0	0.0390162386294063
0	0.016031481322001
0	0.0180876825507999
0	0.016031481322001
0	0.0196406350461807
0	0.016031481322001
0	0.016031481322001
0	0.0270000809754557
0	0.0114990960496254
0	0.0237781778924558
0	0.35097168337856
0	0.0146851056475649
0	0.016031481322001
0	0.016031481322001
0	0.0138600407924835
0	0.022224672420275
0	0.016031481322001
0	0.016031481322001
0	0.016031481322001
0	0.016031481322001
0	0.0647445355151022
0	0.393876893974093
0	0.016031481322001
0	0.0570887241549041
0	0.016031481322001
0	0.0177037050246816
0	0.016031481322001
0	0.016031481322001
0	0.0217219168551652
0	0.0184653586677784
0	0.015752941694465
0	0.016031481322001
0	0.0165185471891248
0	0.016031481322001
0	0.475256773085141
0	0.0146851056475649
0	0.016031481322001
0	0.0165185471891248
0	0.0218037224232505
0	0.016031481322001
0	0.0169902042213158
0	0.231496669754359
0	0.016031481322001
0	0.016031481322001
0	0.016031481322001
0	0.016031481322001
0	0.016031481322001
0	0.016031481322001
0	0.0196406350461807
0	0.016031481322001
0	0.016031481322001
0	0.0130587364195154
0	0.016031481322001
0	0.0165185471891248
0	0.016031481322001
0	0.016031481322001
0	0.0219277477196955
0	0.0114990960496254
0	0.016031481322001
0	0.0137335636710747
0	0.0138421826215593
0	0.016031481322001
0	0.0188474416982283
0	0.016031481322001
0	0.016031481322001
0	0.0119766281029535
0	0.016031481322001
0	0.016031481322001
0	0.0170681064376078
0	0.016031481322001
0	0.016031481322001
0	0.0156825864634259
0	0.015752941694465
0	0.016031481322001
0	0.016031481322001
0	0.016031481322001
0	0.016031481322001
0	0.016031481322001
0	0.016031481322001
0	0.016031481322001
0	0.016031481322001
0	0.0178352354374267
0	0.0406059786381369
0	0.00715888739938741
0	0.0169902042213158
0	0.0141663763268737
0	0.016031481322001
0	0.016031481322001
0	0.0130717579180696
0	0.0159602970409447
0	0.016031481322001
0	0.016031481322001
0	0.016031481322001
0	0.016031481322001
0	0.016031481322001
0	0.016031481322001
0	0.016031481322001
0	0.0146851056475649
0	0.0148623097208527
0	0.0119232303377353
0	0.016031481322001
0	0.016031481322001
0	0.0329553464966625
0	0.249411669047415
0	0.0159602970409447
0	0.0230995361078582
0	0.016031481322001
0	0.016031481322001
0	0.016031481322001
0	0.0130587364195154
0	0.016031481322001
0	0.016031481322001
0	0.0228437194397307
0	0.0282345168928439
0	0.016031481322001
0	0.016031481322001
0	0.0150646825000283
0	0.0230995361078582
0	0.016031481322001
0	0.0230334574001752
0	0.016031481322001
0	0.016031481322001
0	0.0177037050246816
0	0.016031481322001
0	0.0226234017021001
0	0.016031481322001
0	0.0148623097208527
0	0.016031481322001
0	0.016031481322001
0	0.0196406350461807
0	0.016031481322001
0	0.016031481322001
0	0.317371076687414
0	0.0231943378309137
0	0.0194859877938346
0	0.0156164598891611
0	0.0165185471891248
0	0.0146851056475649
0	0.016031481322001
0	0.016031481322001
0	0.0130005775597813
0	0.016031481322001
0	0.0165185471891248
0	0.016031481322001
0	0.016031481322001
0	0.016031481322001
0	0.016031481322001
0	0.016031481322001
0	0.016031481322001
0	0.016031481322001
0	0.016031481322001
0	0.0216584159271238
0	0.0151319336892547
0	0.016031481322001
0	0.016031481322001
0	0.016031481322001
0	0.016031481322001
0	0.016031481322001
0	0.016031481322001
0	0.016031481322001
0	0.0249982793447361
0	0.016031481322001
0	0.016031481322001
0	0.016031481322001
0	0.016031481322001
0	0.016031481322001
0	0.016031481322001
0	0.0184696188747094
0	0.016031481322001
0	0.0452691567502339
0	0.016031481322001
0	0.642729338734003
0	0.016031481322001
0	0.016031481322001
0	0.016031481322001
0	0.0188412462124516
0	0.016031481322001
0	0.0268450907822578
0	0.016031481322001
0	0.016031481322001
0	0.0421118329843241
0	0.0234178848808608
0	0.0169716126159368
0	0.016031481322001
0	0.0298298905318388
0	0.016031481322001
0	0.01938736225036
0	0.016031481322001
0	0.016031481322001
0	0.016031481322001
0	0.0268450907822578
0	0.016031481322001
0	0.016031481322001
0	0.016031481322001
0	0.0146851056475649
0	0.016031481322001
0	0.0165185471891248
0	0.016031481322001
0	0.016031481322001
0	0.016031481322001
0	0.016031481322001
0	0.0376744806920597
0	0.016031481322001
0	0.0234178848808608
0	0.0114990960496254
0	0.0260314363817553
0	0.022445169155401
0	0.016031481322001
0	0.016031481322001
0	0.016031481322001
0	0.016031481322001
0	0.0185423893030171
0	0.016031481322001
0	0.0160139217129919
0	0.0146851056475649
0	0.016031481322001
0	0.016031481322001
0	0.0137184859268196
0	0.0196406350461807
0	0.016031481322001
0	0.016031481322001
0	0.0146581916338046
0	0.016031481322001
0	0.016031481322001
0	0.016031481322001
0	0.016031481322001
0	0.016031481322001
0	0.0156164598891611
0	0.016031481322001
0	0.016031481322001
0	0.016031481322001
0	0.016031481322001
0	0.016031481322001
0	0.0190516446732082
0	0.0217127360583983
0	0.0098443409455609
0	0.016031481322001
0	0.0165185471891248
0	0.0110999420764784
0	0.016031481322001
0	0.016031481322001
0	0.016031481322001
0	0.016031481322001
0	0.016031481322001
0	0.016031481322001
0	0.016031481322001
0	0.0382063414249523
0	0.016031481322001
0	0.0234178848808608
0	0.0138559743645863
0	0.016031481322001
0	0.016031481322001
0	0.0392498042497311
0	0.016031481322001
0	0.0174102139243413
0	0.016031481322001
0	0.016031481322001
0	0.0112124142754463
0	0.016031481322001
0	0.016031481322001
0	0.016031481322001
0	0.016031481322001
0	0.0268450907822578
0	0.016031481322001
0	0.016031481322001
0	0.016031481322001
0	0.016031481322001
0	0.016031481322001
0	0.016031481322001
0	0.016031481322001
0	0.016031481322001
0	0.218032765732923
0	0.016031481322001
0	0.0328075333289654
0	0.016031481322001
0	0.016031481322001
0	0.016031481322001
0	0.0153862270623498
0	0.016031481322001
0	0.016031481322001
0	0.0127544575704277
0	0.016031481322001
0	0.0219352465784839
0	0.016031481322001
0	0.01939976695439
0	0.016031481322001
0	0.016031481322001
0	0.0159602970409447
0	0.016031481322001
0	0.0170442185936775
0	0.0276514614305807
0	0.016031481322001
0	0.016031481322001
0	0.016031481322001
0	0.0146851056475649
0	0.0151319336892547
0	0.016031481322001
0	0.0160139217129919
0	0.016031481322001
0	0.0115117629730128
0	0.0144254227922576
0	0.016031481322001
0	0.0166207970123575
0	0.016031481322001
0	0.016031481322001
0	0.0247648120381405
0	0.0196406350461807
0	0.016031481322001
0	0.0234178848808608
0	0.0159602970409447
0	0.0449226097697722
0	0.016031481322001
0	0.036792856675533
0	0.0109852327122502
0	0.0226114328351199
0	0.0169902042213158
0	0.022445169155401
0	0.016031481322001
0	0.016031481322001
0	0.016031481322001
0	0.016031481322001
0	0.016031481322001
0	0.016031481322001
0	0.016031481322001
0	0.016031481322001
0	0.0127046565383275
0	0.016031481322001
0	0.016031481322001
0	0.0268087321956228
0	0.0115117629730128
0	0.016031481322001
0	0.016031481322001
0	0.016031481322001
0	0.0217546630985873
0	0.749679582724548
0	0.016031481322001
0	0.016031481322001
0	0.016031481322001
0	0.0160498273201214
0	0.016031481322001
0	0.016031481322001
0	0.016031481322001
0	0.0116630971639761
0	0.016031481322001
0	0.016031481322001
0	0.0218678008132309
0	0.016031481322001
0	0.0160911228428798
0	0.0130717579180696
0	0.0170681064376078
0	0.016031481322001
0	0.0172936002971509
0	0.0160139217129919
0	0.0170681064376078
0	0.0230995361078582
0	0.016031481322001
0	0.0213521161878044
0	0.016031481322001
0	0.016031481322001
0	0.016031481322001
0	0.016031481322001
0	0.016031481322001
0	0.016031481322001
0	0.0159602970409447
0	0.016031481322001
0	0.016031481322001
0	0.016031481322001
0	0.016031481322001
0	0.646510696807031
0	0.016031481322001
0	0.0948776477823127
0	0.016031481322001
0	0.016031481322001
0	0.013044389752771
0	0.016031481322001
0	0.0160911228428798
0	0.016031481322001
0	0.0164355222635703
0	0.016031481322001
0	0.0347340915955874
0	0.016031481322001
0	0.016031481322001
0	0.00897103580645628
0	0.0130587364195154
0	0.016031481322001
0	0.016031481322001
0	0.0272471487779117
0	0.016031481322001
0	0.016031481322001
0	0.0115117629730128
0	0.0192706475046414
0	0.016031481322001
0	0.0146851056475649
0	0.117012710817994
0	0.0156360550717237
0	0.0130717579180696
0	0.016031481322001
0	0.016031481322001
0	0.016031481322001
0	0.016031481322001
0	0.00986030261952631
0	0.016031481322001
0	0.016031481322001
0	0.016031481322001
0	0.016031481322001
0	0.016031481322001
0	0.0165185471891248
0	0.0165185471891248
0	0.016031481322001
0	0.016031481322001
0	0.016031481322001
0	0.0269175560392433
0	0.0242297172659658
0	0.016031481322001
0	0.016031481322001
0	0.043791319088245
0	0.016031481322001
0	0.016031481322001
0	0.016031481322001
0	0.016031481322001
0	0.0130717579180696
0	0.016031481322001
0	0.0136193655783262
0	0.0160139217129919
0	0.016031481322001
0	0.016031481322001
0	0.0130587364195154
0	0.016031481322001
0	0.016031481322001
0	0.0234178848808608
0	0.0270293562340766
0	0.016031481322001
0	0.016031481322001
0	0.016031481322001
0	0.0146851056475649
0	0.016031481322001
0	0.0284623595423621
0	0.016031481322001
0	0.0177284598794443
0	0.016031481322001
0	0.0188171065998983
0	0.016031481322001
0	0.0390162386294063
0	0.0103795378578512
0	0.0160911228428798
0	0.016031481322001
0	0.016031481322001
0	0.0146851056475649
0	0.016031481322001
0	0.015752941694465
0	0.016031481322001
0	0.0217411296902976
0	0.016031481322001
0	0.016031481322001
0	0.0165185471891248
0	0.016031481322001
0	0.016031481322001
0	0.016031481322001
0	0.016031481322001
0	0.016031481322001
0	0.022445169155401
0	0.016031481322001
0	0.0216786396201134
0	0.016031481322001
0	0.016031481322001
0	0.016031481322001
0	0.0160139217129919
0	0.016031481322001
0	0.0130587364195154
0	0.016031481322001
0	0.0180876825507999
0	0.0169902042213158
0	0.016031481322001
0	0.016031481322001
0	0.0160911228428798
0	0.0328075333289654
0	0.0265766349064633
0	0.016031481322001
0	0.016031481322001
0	0.0196406350461807
0	0.016031481322001
0	0.0165185471891248
0	0.016031481322001
0	0.0701672838455683
0	0.016031481322001
0	0.016031481322001
0	0.016031481322001
0	0.0177037050246816
0	0.016031481322001
0	0.016031481322001
0	0.0268450907822578
0	0.0130717579180696
0	0.016031481322001
0	0.0234178848808608
0	0.0131074658344263
0	0.0268450907822578
0	0.016031481322001
0	0.016031481322001
0	0.016031481322001
0	0.0160139217129919
0	0.016031481322001
0	0.016031481322001
0	0.016031481322001
0	0.016031481322001
0	0.421377176616836
0	0.0298298905318388
0	0.0150697621920598
0	0.280857087458221
0	0.016031481322001
0	0.013855116703919
0	0.350560498798342
0	0.016031481322001
0	0.016031481322001
0	0.0180876825507999
0	0.016031481322001
0	0.0156164598891611
0	0.016031481322001
0	0.016031481322001
0	0.0192510548526276
0	0.0254761360061955
0	0.016031481322001
0	0.016031481322001
0	0.0130587364195154
0	0.0317299745005424
0	0.0130717579180696
0	0.0165185471891248
0	0.016031481322001
0	0.016031481322001
0	0.0234178848808608
0	0.016031481322001
0	0.016031481322001
0	0.016031481322001
0	0.0296103032919509
0	0.016031481322001
0	0.0156164598891611
0	0.016031481322001
0	0.016031481322001
0	0.016031481322001
0	0.016031481322001
0	0.016031481322001
0	0.016031481322001
0	0.016031481322001
0	0.0148623097208527
0	0.016031481322001
0	0.0160139217129919
0	0.016031481322001
0	0.016031481322001
0	0.016031481322001
0	0.016031481322001
0	0.0159602970409447
0	0.0368759818334269
0	0.304980910787979
0	0.016031481322001
0	0.016031481322001
0	0.016031481322001
0	0.0159602970409447
0	0.016031481322001
0	0.0159602970409447
0	0.016031481322001
0	0.016031481322001
0	0.016031481322001
0	0.0268450907822578
0	0.0160911228428798
0	0.016031481322001
0	0.016031481322001
0	0.0110687090210386
0	0.0116630971639761
0	0.016031481322001
0	0.024613270217844
0	0.016031481322001
0	0.016031481322001
0	0.0148771408094468
0	0.016031481322001
0	0.016031481322001
0	0.0146851056475649
0	0.016031481322001
0	0.016031481322001
0	0.0193882172973224
0	0.0136193655783262
0	0.016031481322001
0	0.016031481322001
0	0.016031481322001
0	0.0238864475346922
0	0.016031481322001
0	0.0426386849381842
0	0.0170681064376078
0	0.0280574441535605
0	0.0376220991982733
0	0.016031481322001
0	0.0148623097208527
0	0.493160359082749
0	0.016031481322001
0	0.016031481322001
0	0.0177037050246816
0	0.016031481322001
0	0.0196406350461807
0	0.016031481322001
0	0.0169902042213158
0	0.016031481322001
0	0.016031481322001
0	0.0137335636710747
0	0.016031481322001
0	0.0267761163589947
0	0.016031481322001
0	0.0268450907822578
0	0.0169902042213158
0	0.016031481322001
0	0.016031481322001
0	0.0137335636710747
0	0.0137335636710747
0	0.0128998737549805
0	0.016031481322001
0	0.016031481322001
0	0.016031481322001
0	0.016031481322001
0	0.016031481322001
0	0.016031481322001
0	0.049309871066716
0	0.016031481322001
0	0.016031481322001
0	0.016031481322001
0	0.022445169155401
0	0.020571412389124
0	0.034711735429765
0	0.0147540364918463
0	0.0137487345202939
0	0.0522777048624393
0	0.0137184859268196
0	0.0165185471891248
0	0.016031481322001
0	0.016031481322001
0	0.016031481322001
0	0.0286415295079669
0	0.022445169155401
0	0.0130717579180696
0	0.0574891321288117
0	0.016031481322001
0	0.016031481322001
0	0.016031481322001
0	0.016031481322001
0	0.0130717579180696
0	0.016031481322001
0	0.0338288929374202
0	0.016031481322001
0	0.0224444511255832
0	0.016031481322001
0	0.016031481322001
0	0.016031481322001
0	0.0376220991982733
0	0.016031481322001
0	0.016031481322001
0	0.0234178848808608
0	0.0130587364195154
0	0.016031481322001
0	0.016031481322001
0	0.186255518468796
0	0.0138421826215593
0	0.0196406350461807
0	0.016031481322001
0	0.016031481322001
0	0.0146851056475649
0	0.016031481322001
0	0.016031481322001
0	0.0270293562340766
0	0.00863079781356453
0	0.016031481322001
0	0.380655938126052
0	0.016031481322001
0	0.0170681064376078
0	0.016031481322001
0	0.0286415295079669
0	0.016031481322001
0	0.0130587364195154
0	0.016031481322001
0	0.014933631008756
0	0.016031481322001
0	0.0201415000935927
0	0.0196406350461807
0	0.016031481322001
0	0.016031481322001
0	0.016031481322001
0	0.016031481322001
0	0.016031481322001
0	0.016031481322001
0	0.016031481322001
0	0.0159602970409447
0	0.0137184859268196
0	0.016031481322001
0	0.0160139217129919
0	0.0112000730071044
0	0.016031481322001
0	0.016031481322001
0	0.016031481322001
0	0.016031481322001
0	0.016031481322001
0	0.016031481322001
0	0.0156164598891611
0	0.016031481322001
0	0.016031481322001
0	0.016031481322001
0	0.016031481322001
0	0.016031481322001
0	0.016031481322001
0	0.025007304271723
0	0.016031481322001
0	0.016031481322001
0	0.016031481322001
0	0.0156164598891611
0	0.016031481322001
0	0.0122462963103976
0	0.016031481322001
0	0.016031481322001
0	0.15874459445725
0	0.016031481322001
0	0.016031481322001
0	0.0353238401474977
0	0.0130717579180696
0	0.016031481322001
0	0.016031481322001
0	0.0159602970409447
0	0.016031481322001
0	0.016031481322001
0	0.016031481322001
0	0.0234178848808608
0	0.016031481322001
0	0.0115117629730128
0	0.016031481322001
0	0.016031481322001
0	0.0218037224232505
0	0.016031481322001
0	0.0156164598891611
0	0.016031481322001
0	0.016031481322001
0	0.0480041142574819
0	0.016031481322001
0	0.016031481322001
0	0.41498051452192
0	0.0177694553305502
0	0.016031481322001
0	0.678072935203432
0	0.0165185471891248
0	0.0196451848470961
0	0.016031481322001
0	0.0817032056884833
0	0.016031481322001
0	0.016031481322001
0	0.0456216069744863
0	0.016031481322001
0	0.0159602970409447
0	0.0196406350461807
0	0.016031481322001
0	0.016031481322001
0	0.016031481322001
0	0.0165185471891248
0	0.016031481322001
0	0.016031481322001
0	0.016031481322001
0	0.016031481322001
0	0.016031481322001
0	0.016031481322001
0	0.0895077373797366
0	0.016031481322001
0	0.0136193655783262
0	0.0349786507807325
0	0.016031481322001
0	0.0268450907822578
0	0.016031481322001
0	0.016031481322001
0	0.016031481322001
0	0.016031481322001
0	0.016488240254022
0	0.0165185471891248
0	0.0235700305251977
0	0.144586057044303
0	0.016031481322001
0	0.016031481322001
0	0.016031481322001
0	0.016031481322001
0	0.0224146324986542
0	0.016031481322001
0	0.016031481322001
0	0.016031481322001
0	0.0409228979053943
0	0.016031481322001
0	0.016031481322001
0	0.0158115636228897
0	0.016031481322001
0	0.0153450186157251
0	0.016031481322001
0	0.116750228945792
0	0.016031481322001
0	0.0119589871464856
0	0.016031481322001
0	0.0159602970409447
0	0.016031481322001
0	0.016031481322001
0	0.016031481322001
0	0.016031481322001
0	0.016031481322001
0	0.0270293562340766
0	0.0177037050246816
0	0.0283071476406698
0	0.016031481322001
0	0.016031481322001
0	0.016031481322001
0	0.0191020564318167
0	0.016031481322001
0	0.0190017717180867
0	0.0130587364195154
0	0.851729069947502
0	0.0159602970409447
0	0.0177037050246816
0	0.016031481322001
0	0.016031481322001
0	0.016031481322001
0	0.016031481322001
0	0.016031481322001
0	0.016031481322001
0	0.0177037050246816
0	0.016031481322001
0	0.016031481322001
0	0.016031481322001
0	0.016031481322001
0	0.0153253673387406
0	0.0146851056475649
0	0.016031481322001
0	0.016031481322001
0	0.016031481322001
0	0.016031481322001
0	0.0270293562340766
0	0.0114990960496254
0	0.016031481322001
0	0.0233924271325519
0	0.0160911228428798
0	0.016031481322001
0	0.016031481322001
0	0.0196406350461807
0	0.016031481322001
0	0.016031481322001
0	0.016031481322001
0	0.0196406350461807
0	0.0268450907822578
0	0.016031481322001
0	0.016031481322001
0	0.0185865606251736
0	0.0156825864634259
0	0.016031481322001
0	0.0130717579180696
0	0.016031481322001
0	0.016031481322001
0	0.0268450907822578
0	0.016031481322001
0	0.0285606480329779
0	0.0146851056475649
0	0.016031481322001
0	0.0162316846151304
0	0.016031481322001
0	0.016031481322001
0	0.016031481322001
0	0.016031481322001
0	0.016031481322001
0	0.016031481322001
0	0.016031481322001
0	0.016031481322001
0	0.0103631817566201
0	0.016031481322001
0	0.016031481322001
0	0.0164756560673648
0	0.016031481322001
0	0.016031481322001
0	0.016031481322001
0	0.016031481322001
0	0.0165185471891248
0	0.016031481322001
0	0.0158022961614007
0	0.0326643314854185
0	0.016031481322001
0	0.016031481322001
0	0.016031481322001
0	0.016031481322001
0	0.016031481322001
0	0.197884286671811
0	0.0620011667178918
0	0.042979162551335
0	0.016031481322001
0	0.016031481322001
0	0.016031481322001
0	0.016031481322001
0	0.016031481322001
0	0.016031481322001
0	0.016031481322001
0	0.016031481322001
0	0.0149937011823669
0	0.429147736583066
0	0.0234178848808608
0	0.0159602970409447
0	0.016031481322001
0	0.016031481322001
0	0.016031481322001
0	0.016031481322001
0	0.0177037050246816
0	0.016031481322001
0	0.0155762980171887
0	0.016031481322001
0	0.016031481322001
0	0.0177037050246816
0	0.016031481322001
0	0.016031481322001
0	0.016031481322001
0	0.016031481322001
0	0.016031481322001
0	0.016031481322001
0	0.0172392781854169
0	0.016031481322001
0	0.0169987806745509
0	0.0339510441187737
0	0.016031481322001
0	0.0319416043412527
0	0.016031481322001
0	0.0165185471891248
0	0.016031481322001
0	0.0146581916338046
0	0.016031481322001
0	0.407872249784361
0	0.0147067081027287
0	0.016031481322001
0	0.016031481322001
0	0.016031481322001
0	0.016031481322001
0	0.0146851056475649
0	0.0156164598891611
0	0.0160139217129919
0	0.370989504794932
0	0.016031481322001
0	0.0169902042213158
0	0.016031481322001
0	0.016031481322001
0	0.016031481322001
0	0.0271880210026078
0	0.0214647073664015
0	0.0115117629730128
0	0.016031481322001
0	0.016031481322001
0	0.0146851056475649
0	0.0268450907822578
0	0.0268087321956228
0	0.0221131907451034
0	0.016031481322001
0	0.016031481322001
0	0.016031481322001
0	0.016031481322001
0	0.038392555415831
0	0.0158115636228897
0	0.016031481322001
0	0.016031481322001
0	0.016031481322001
0	0.016031481322001
0	0.016031481322001
0	0.016031481322001
0	0.016031481322001
0	0.016031481322001
0	0.016031481322001
0	0.016031481322001
0	0.0156164598891611
0	0.0196406350461807
0	0.0147302152307083
0	0.0214647073664015
0	0.016031481322001
0	0.016031481322001
0	0.016031481322001
0	0.0130587364195154
0	0.016031481322001
0	0.0148623097208527
0	0.0331725741595849
0	0.0437614281721146
0	0.016031481322001
0	0.016031481322001
0	0.016031481322001
0	0.016031481322001
0	0.016031481322001
0	0.0152334331546708
0	0.016031481322001
0	0.016031481322001
0	0.0114990960496254
0	0.34166190864702
0	0.016031481322001
0	0.016031481322001
0	0.016031481322001
0	0.016031481322001
0	0.016031481322001
0	0.0169902042213158
0	0.0149937011823669
0	0.0268450907822578
0	0.016031481322001
0	0.016031481322001
0	0.0230995361078582
0	0.0268450907822578
0	0.0368773783491086
0	0.016031481322001
0	0.0146851056475649
0	0.0213521161878044
0	0.0165185471891248
0	0.147210021128121
0	0.0146851056475649
0	0.0193609033469295
0	0.016031481322001
0	0.016031481322001
0	0.0165185471891248
0	0.016031481322001
0	0.253144222869714
0	0.0167711691253077
0	0.0379331198133381
0	0.016031481322001
0	0.016031481322001
0	0.016031481322001
0	0.016031481322001
0	0.042403525164862
0	0.016031481322001
0	0.016031481322001
0	0.016031481322001
0	0.016031481322001
0	0.016031481322001
0	0.0125006281252315
0	0.016031481322001
0	0.0174562415287218
0	0.0282542236499481
0	0.0374204359865583
0	0.016031481322001
0	0.016031481322001
0	0.016031481322001
0	0.0409292353428462
0	0.016031481322001
0	0.0772224249224016
0	0.0230995361078582
0	0.016031481322001
0	0.0114990960496254
0	0.016031481322001
0	0.016031481322001
0	0.016031481322001
0	0.016031481322001
0	0.016031481322001
0	0.400465157662945
0	0.0372389850962828
0	0.016031481322001
0	0.365190721123199
0	0.016031481322001
0	0.0157942410277211
0	0.016031481322001
0	0.016031481322001
0	0.0294250093029612
0	0.0405500920338782
0	0.00582751617321878
0	0.016031481322001
0	0.016031481322001
0	0.0165185471891248
0	0.016031481322001
0	0.016031481322001
0	0.016031481322001
0	0.016031481322001
0	0.016031481322001
0	0.016031481322001
0	0.016031481322001
0	0.016031481322001
0	0.0158115636228897
0	0.016031481322001
0	0.016031481322001
0	0.016031481322001
0	0.0165185471891248
0	0.016031481322001
0	0.016031481322001
0	0.016031481322001
0	0.016031481322001
0	0.016031481322001
0	0.016031481322001
0	0.0367775378816311
0	0.384580787056444
0	0.016031481322001
0	0.016031481322001
0	0.016031481322001
0	0.016031481322001
0	0.0146851056475649
0	0.016031481322001
0	0.0213230341922968
0	0.016031481322001
0	0.016031481322001
0	0.0113715454648819
0	0.016031481322001
0	0.0382648807051471
0	0.0719787813256242
0	0.016031481322001
0	0.0238864475346922
0	0.016031481322001
0	0.016031481322001
0	0.016031481322001
0	0.016031481322001
0	0.016031481322001
0	0.0159602970409447
0	0.016031481322001
0	0.016031481322001
0	0.0376220991982733
0	0.0186174006235358
0	0.016031481322001
0	0.016031481322001
0	0.016031481322001
0	0.0159602970409447
0	0.0912630390152085
0	0.016031481322001
0	0.016031481322001
0	0.016031481322001
0	0.016031481322001
0	0.016031481322001
0	0.0146851056475649
0	0.016031481322001
0	0.016031481322001
0	0.0130587364195154
0	0.016031481322001
0	0.016031481322001
0	0.022445169155401
0	0.0177037050246816
0	0.016031481322001
0	0.016031481322001
0	0.016031481322001
0	0.016031481322001
0	0.016031481322001
0	0.016031481322001
0	0.016031481322001
0	0.0137335636710747
0	0.016031481322001
0	0.016031481322001
0	0.016031481322001
0	0.0638768193477064
0	0.0311428261655933
0	0.016031481322001
0	0.016031481322001
0	0.0142251867880166
0	0.016031481322001
0	0.016031481322001
0	0.165560960573828
0	0.016031481322001
0	0.0138559743645863
0	0.016031481322001
0	0.016031481322001
0	0.016031481322001
0	0.0128208631256772
0	0.0137335636710747
0	0.016031481322001
0	0.0328075333289654
0	0.016031481322001
0	0.016031481322001
0	0.650702832883339
0	0.016031481322001
0	0.016031481322001
0	0.016031481322001
0	0.016031481322001
0	0.016031481322001
0	0.016031481322001
0	0.0298298905318388
0	0.016031481322001
0	0.016031481322001
0	0.0177531843943662
0	0.016031481322001
0	0.0146851056475649
0	0.016031481322001
0	0.016031481322001
0	0.016031481322001
0	0.0158115636228897
0	0.0256057801762341
0	0.016031481322001
0	0.016031481322001
0	0.016686050414743
0	0.016031481322001
0	0.016031481322001
0	0.016031481322001
0	0.0196406350461807
0	0.016031481322001
0	0.0365957769778267
0	0.016031481322001
0	0.0146851056475649
0	0.016031481322001
0	0.016031481322001
0	0.016031481322001
0	0.016031481322001
0	0.0268450907822578
0	0.0177037050246816
0	0.138827842871449
0	0.016031481322001
0	0.0130587364195154
0	0.016031481322001
0	0.016031481322001
0	0.016031481322001
0	0.214240996165145
0	0.016031481322001
0	0.0163161736711027
0	0.0359686163408599
0	0.016031481322001
0	0.0130587364195154
0	0.016031481322001
0	0.016031481322001
0	0.0247826065156483
0	0.016031481322001
0	0.016031481322001
0	0.016031481322001
0	0.016031481322001
0	0.0234178848808608
0	0.00874530772822525
0	0.016031481322001
0	0.022445169155401
0	0.0114990960496254
0	0.021895065567332
0	0.0180876825507999
0	0.130557386323418
0	0.016031481322001
0	0.016031481322001
0	0.00937851432813096
0	0.016031481322001
0	0.0169902042213158
0	0.024613270217844
0	0.0109800436962082
0	0.016031481322001
0	0.0196406350461807
0	0.0165185471891248
0	0.016031481322001
0	0.0169902042213158
0	0.0177037050246816
0	0.0232368700197302
0	0.0210607729602504
0	0.0265766349064633
0	0.016031481322001
0	0.0169902042213158
0	0.0169902042213158
0	0.0114990960496254
0	0.0236186863256808
0	0.016031481322001
0	0.016031481322001
0	0.016031481322001
0	0.016031481322001
0	0.0156164598891611
0	0.016031481322001
0	0.016031481322001
0	0.0160447456341043
0	0.016031481322001
0	0.0165185471891248
0	0.0218037224232505
0	0.656648747431488
0	0.016031481322001
0	0.0238864475346922
0	0.016031481322001
0	0.053119428161656
0	0.016031481322001
0	0.016031481322001
0	0.106331838671531
0	0.016031481322001
0	0.016031481322001
0	0.0177037050246816
0	0.0165185471891248
0	0.016031481322001
0	0.016031481322001
0	0.016031481322001
0	0.016031481322001
0	0.016031481322001
0	0.022445169155401
0	0.016031481322001
0	0.016031481322001
0	0.024613270217844
0	0.0169902042213158
0	0.016031481322001
0	0.016031481322001
0	0.0271066459129771
0	0.016031481322001
0	0.0559558926667651
0	0.0170681064376078
0	0.0130587364195154
0	0.016031481322001
0	0.016031481322001
0	0.0122597761101313
0	0.016031481322001
0	0.0231225155930277
0	0.016031481322001
0	0.016031481322001
0	0.016031481322001
0	0.00947748177007308
0	0.016031481322001
0	0.016031481322001
0	0.016031481322001
0	0.016031481322001
0	0.016031481322001
0	0.016031481322001
0	0.143973280300182
0	0.016031481322001
0	0.0401014719607413
0	0.016031481322001
0	0.016031481322001
0	0.016031481322001
0	0.016031481322001
0	0.016031481322001
0	0.016031481322001
0	0.016031481322001
0	0.016031481322001
0	0.016031481322001
0	0.0158414670943976
0	0.016031481322001
0	0.026816009599416
0	0.016031481322001
0	0.0181695327224111
0	0.016031481322001
0	0.016031481322001
0	0.016031481322001
0	0.0155813772855845
0	0.0219972189213933
0	0.038494200163426
0	0.0159602970409447
0	0.015049664532882
0	0.016031481322001
0	0.016031481322001
0	0.016031481322001
0	0.0279435643492674
0	0.016031481322001
0	0.0480250102822982
0	0.016031481322001
0	0.0108233857569777
0	0.016031481322001
0	0.016031481322001
0	0.863167997073835
0	0.016031481322001
0	0.0222327479838722
0	0.016031481322001
0	0.0169902042213158
0	0.106957576297024
0	0.011132187960272
0	0.016031481322001
0	0.0159602970409447
0	0.016031481322001
0	0.0130587364195154
0	0.0347641114901713
0	0.0328075333289654
0	0.15691067046758
0	0.0268450907822578
0	0.016031481322001
0	0.0169902042213158
0	0.0155573938906995
0	0.0160911228428798
0	0.016031481322001
0	0.0175058796372974
0	0.0489914031298423
0	0.016031481322001
0	0.016031481322001
0	0.0144514527408319
0	0.016031481322001
0	0.016031481322001
0	0.016031481322001
0	0.016031481322001
0	0.0138691832863621
0	0.016031481322001
0	0.00936817247043716
0	0.0165185471891248
0	0.509118696209956
0	0.21640609361225
0	0.016031481322001
0	0.016031481322001
0	0.016031481322001
0	0.0196406350461807
0	0.016031481322001
0	0.0268450907822578
0	0.016031481322001
0	0.016031481322001
0	0.0253174553656999
0	0.016031481322001
0	0.016031481322001
0	0.016031481322001
0	0.031921563026751
0	0.016031481322001
0	0.016031481322001
0	0.016031481322001
0	0.0157071664374975
0	0.016031481322001
0	0.016031481322001
0	0.0224621561861574
0	0.016031481322001
0	0.0144181777840768
0	0.016031481322001
0	0.016031481322001
0	0.016031481322001
0	0.016031481322001
0	0.016031481322001
0	0.016031481322001
0	0.0130717579180696
0	0.016031481322001
0	0.016031481322001
0	0.0165185471891248
0	0.0169902042213158
0	0.342116067841785
0	0.016031481322001
0	0.016031481322001
0	0.016031481322001
0	0.0221263953991155
0	0.016031481322001
0	0.016031481322001
0	0.0247695556791073
0	0.016031481322001
0	0.0177037050246816
0	0.016031481322001
0	0.846871441987463
0	0.016031481322001
0	0.0219940063341091
0	0.132948198712908
0	0.0268450907822578
0	0.016031481322001
0	0.016031481322001
0	0.016031481322001
0	0.0196406350461807
0	0.0226893239943223
0	0.0136044114799611
0	0.0268450907822578
0	0.0159602970409447
0	0.022445169155401
0	0.016031481322001
0	0.016031481322001
0	0.0320897495683548
0	0.016031481322001
0	0.016031481322001
0	0.016031481322001
0	0.016031481322001
0	0.016031481322001
0	0.016031481322001
0	0.016031481322001
0	0.0196406350461807
0	0.0201415000935927
0	0.016031481322001
0	0.0182124879351412
0	0.016031481322001
0	0.016031481322001
0	0.016031481322001
0	0.016031481322001
0	0.0130717579180696
0	0.016031481322001
0	0.016031481322001
0	0.016031481322001
0	0.0130587364195154
0	0.016031481322001
0	0.016031481322001
0	0.0238864475346922
0	0.016031481322001
0	0.016031481322001
0	0.016031481322001
0	0.0242166785489298
0	0.014457800225142
0	0.0130587364195154
0	0.0152323793047612
0	0.016031481322001
0	0.016031481322001
0	0.016031481322001
0	0.0368759818334269
0	0.016031481322001
0	0.016031481322001
0	0.0310705016326202
0	0.016031481322001
0	0.016031481322001
0	0.0162316846151304
0	0.016031481322001
0	0.016031481322001
0	0.548532904815487
0	0.0169902042213158
0	0.0263560664499903
0	0.016031481322001
0	0.016031481322001
0	0.0118631670495596
0	0.0170681064376078
0	0.016031481322001
0	0.0114990960496254
0	0.0315873031332932
0	0.016031481322001
0	0.0254291104136263
0	0.016031481322001
0	0.0158115636228897
0	0.0151111928873529
0	0.0356246821900401
0	0.0144289651859359
0	0.016031481322001
0	0.016031481322001
0	0.016031481322001
0	0.0160139217129919
0	0.0112000730071044
0	0.016031481322001
0	0.0268450907822578
0	0.016031481322001
0	0.016031481322001
0	0.0151318952076767
0	0.0114990960496254
0	0.016031481322001
0	0.016031481322001
0	0.016031481322001
0	0.016031481322001
0	0.016031481322001
0	0.016031481322001
0	0.016031481322001
0	0.016031481322001
0	0.0977170431152353
0	0.016031481322001
0	0.016031481322001
0	0.016031481322001
0	0.016031481322001
0	0.016031481322001
0	0.016031481322001
0	0.17156726594256
0	0.016031481322001
0	0.0130587364195154
0	0.016031481322001
0	0.016031481322001
0	0.016031481322001
0	0.016031481322001
0	0.0177037050246816
0	0.016031481322001
0	0.0160095275849144
0	0.016031481322001
0	0.0115117629730128
0	0.016031481322001
0	0.00678259255568306
0	0.016031481322001
0	0.0130587364195154
0	0.016031481322001
0	0.0196406350461807
0	0.016031481322001
0	0.016031481322001
0	0.016031481322001
0	0.016031481322001
0	0.016031481322001
0	0.0187605244277126
0	0.016031481322001
0	0.016031481322001
0	0.0231141557043962
0	0.016031481322001
0	0.0134790932398992
0	0.0165185471891248
0	0.016031481322001
0	0.0214261176755066
0	0.016031481322001
0	0.016031481322001
0	0.016031481322001
0	0.178644356790095
0	0.016031481322001
0	0.016031481322001
0	0.016031481322001
0	0.016031481322001
0	0.016031481322001
0	0.016031481322001
0	0.0159602970409447
0	0.0394537233302815
0	0.016031481322001
0	0.016031481322001
0	0.016031481322001
0	0.0169902042213158
0	0.00943266459657144
0	0.016031481322001
0	0.016031481322001
0	0.0130587364195154
0	0.0298586351104826
0	0.0136127664343627
0	0.016031481322001
0	0.016031481322001
0	0.0130717579180696
0	0.016031481322001
0	0.0828817376308157
0	0.016031481322001
0	0.016031481322001
0	0.016031481322001
0	0.024613270217844
0	0.0230995361078582
0	0.016031481322001
0	0.016031481322001
0	0.016031481322001
0	0.0169716126159368
0	0.016031481322001
0	0.016031481322001
0	0.0160139217129919
0	0.016031481322001
0	0.016031481322001
0	0.016031481322001
0	0.016031481322001
0	0.0159444006900369
0	0.0196406350461807
0	0.016031481322001
0	0.016031481322001
0	0.016031481322001
0	0.016031481322001
0	0.016031481322001
0	0.0156360550717237
0	0.016031481322001
0	0.0165185471891248
0	0.016031481322001
0	0.0222327479838722
0	0.016031481322001
0	0.016031481322001
0	0.016031481322001
0	0.0146851056475649
0	0.016031481322001
0	0.016031481322001
0	0.0178324306186781
0	0.0234178848808608
0	0.016031481322001
0	0.0300118673925765
0	0.016031481322001
0	0.016031481322001
0	0.016031481322001
0	0.016031481322001
0	0.016031481322001
0	0.0480844310404253
0	0.016031481322001
0	0.016031481322001
0	0.016031481322001
0	0.016031481322001
0	0.0522489967975573
0	0.0130587364195154
0	0.0620802574809633
0	0.016031481322001
0	0.0179629497234153
0	0.016031481322001
0	0.016031481322001
0	0.016031481322001
0	0.0270293562340766
0	0.0191644569023864
0	0.016031481322001
0	0.016031481322001
0	0.0118009124373625
0	0.016031481322001
0	0.016031481322001
0	0.016031481322001
0	0.0234178848808608
0	0.0253802046140814
0	0.0234597213245281
0	0.0130717579180696
0	0.0115117629730128
0	0.016031481322001
0	0.0298298905318388
0	0.016031481322001
0	0.016031481322001
0	0.016031481322001
0	0.016031481322001
0	0.0372700315494042
0	0.016031481322001
0	0.0130717579180696
0	0.016031481322001
0	0.016031481322001
0	0.016031481322001
0	0.024613270217844
0	0.016031481322001
0	0.016031481322001
0	0.264810116132498
0	0.016031481322001
0	0.0213999280606717
0	0.016031481322001
0	0.0268450907822578
0	0.016031481322001
0	0.0169902042213158
0	0.016031481322001
0	0.0270293562340766
0	0.016031481322001
0	0.016031481322001
0	0.016031481322001
0	0.016031481322001
0	0.016031481322001
0	0.016031481322001
0	0.021911812965817
0	0.0130005775597813
0	0.0165185471891248
0	0.0177640757008696
0	0.016031481322001
0	0.016031481322001
0	0.016031481322001
0	0.016031481322001
0	0.0293378550113638
0	0.016031481322001
0	0.016031481322001
0	0.016031481322001
0	0.016031481322001
0	0.016031481322001
0	0.016031481322001
0	0.016031481322001
0	0.016031481322001
0	0.016031481322001
0	0.016031481322001
0	0.016031481322001
0	0.016031481322001
0	0.016031481322001
0	0.016031481322001
0	0.620549037047503
0	0.016031481322001
0	0.016031481322001
0	0.016031481322001
0	0.354157578310454
0	0.022445169155401
0	0.016031481322001
0	0.016031481322001
0	0.0169902042213158
0	0.0156164598891611
0	0.016031481322001
0	0.042492728436075
0	0.016031481322001
0	0.016031481322001
0	0.016031481322001
0	0.016031481322001
0	0.016031481322001
0	0.016031481322001
0	0.0147067081027287
0	0.016031481322001
0	0.0359300165877552
0	0.016031481322001
0	0.016031481322001
0	0.888027561448006
0	0.016031481322001
0	0.016031481322001
0	0.016031481322001
0	0.016031481322001
0	0.016031481322001
0	0.016031481322001
0	0.0273481776475168
0	0.0144514527408319
0	0.016031481322001
0	0.016031481322001
0	0.0118009124373625
0	0.0159602970409447
0	0.01938736225036
0	0.0138421826215593
0	0.016031481322001
0	0.016031481322001
0	0.453501426245939
0	0.0234104217851027
0	0.0160139217129919
0	0.0165185471891248
0	0.016031481322001
0	0.0225057226845846
0	0.0160095275849144
0	0.013044389752771
0	0.016031481322001
0	0.016031481322001
0	0.016031481322001
0	0.016031481322001
0	0.0157071664374975
0	0.016031481322001
0	0.016031481322001
0	0.17156726594256
0	0.016031481322001
0	0.016031481322001
0	0.016031481322001
0	0.0218037224232505
0	0.016031481322001
0	0.0130587364195154
0	0.016031481322001
0	0.0136193655783262
0	0.0438661024728559
0	0.010540901559547
0	0.0347163516680013
0	0.0183052483380031
0	0.016031481322001
0	0.00592562568617502
0	0.0169902042213158
0	0.0247342501735399
0	0.016031481322001
0	0.016031481322001
0	0.016031481322001
0	0.016031481322001
0	0.0348636028484318
0	0.016031481322001
0	0.0175058796372974
0	0.016031481322001
0	0.016031481322001
0	0.0415710177884735
0	0.0218037224232505
0	0.016031481322001
0	0.0177037050246816
0	0.016031481322001
0	0.016031481322001
0	0.0214647073664015
0	0.016031481322001
0	0.0234178848808608
0	0.0269186598951399
0	0.016031481322001
0	0.016031481322001
0	0.016031481322001
0	0.016031481322001
0	0.0160139217129919
0	0.0268450907822578
0	0.016031481322001
0	0.016031481322001
0	0.0156164598891611
0	0.0274163831447599
0	0.0270293562340766
0	0.142401813309772
0	0.016031481322001
0	0.016031481322001
0	0.0174102139243413
0	0.0895077373797366
0	0.0169716126159368
0	0.016031481322001
0	0.0158115636228897
0	0.0130587364195154
0	0.0214960653450074
0	0.0133968719434306
0	0.016031481322001
0	0.0359686163408599
0	0.016031481322001
0	0.016031481322001
0	0.0156164598891611
0	0.016031481322001
0	0.016031481322001
0	0.0268450907822578
0	0.016031481322001
0	0.0159602970409447
0	0.016031481322001
0	0.016031481322001
0	0.0216037180548902
0	0.0303871104775067
0	0.016031481322001
0	0.016031481322001
0	0.0218037224232505
0	0.0268450907822578
0	0.0160302907668757
0	0.016031481322001
0	0.0216786396201134
0	0.016031481322001
0	0.0159602970409447
0	0.016031481322001
0	0.016031481322001
0	0.49792782357706
0	0.016031481322001
0	0.016031481322001
0	0.016031481322001
0	0.0137335636710747
0	0.0196406350461807
0	0.0189604311731672
0	0.016031481322001
0	0.016031481322001
0	0.0247376510061543
0	0.0142669407215659
0	0.016031481322001
0	0.016031481322001
0	0.0585731730424643
0	0.016031481322001
0	0.0278304467332731
0	0.016031481322001
0	0.0115117629730128
0	0.016031481322001
0	0.016031481322001
0	0.0130587364195154
0	0.016031481322001
0	0.0230995361078582
0	0.016031481322001
0	0.217117871109897
0	0.016031481322001
0	0.022445169155401
0	0.0137184859268196
0	0.016031481322001
0	0.016031481322001
0	0.016031481322001
0	0.0234178848808608
0	0.0182131209049867
0	0.0236413558133956
0	0.016031481322001
0	0.0193236899983097
0	0.016031481322001
0	0.016031481322001
0	0.016031481322001
0	0.016031481322001
0	0.016031481322001
0	0.016031481322001
0	0.016031481322001
0	0.016031481322001
0	0.016031481322001
0	0.016031481322001
0	0.014169026278191
0	0.0229977012005454
0	0.016031481322001
0	0.016031481322001
0	0.016031481322001
0	0.0165185471891248
0	0.016031481322001
0	0.323104840732501
0	0.016031481322001
0	0.016031481322001
0	0.0391104760388366
0	0.0161677763954514
0	0.016031481322001
0	0.016031481322001
0	0.016031481322001
0	0.0213521161878044
0	0.016031481322001
0	0.015501023842688
0	0.294055125952741
0	0.016031481322001
0	0.016031481322001
0	0.0230995361078582
0	0.016031481322001
0	0.016031481322001
0	0.016031481322001
0	0.00786620008964567
0	0.016031481322001
0	0.016031481322001
0	0.016031481322001
0	0.0211458652258196
0	0.0146851056475649
0	0.0304559331906613
0	0.0213521161878044
0	0.016031481322001
