46.905
190.203
339.102
137.055
153.906
170.119
37.929
118.447
106.636
195.457
95.345
148.9
246.592
99.539
130.479
100.45
76.519
68.663
140.176
269.362
39.07
244.442
229.587
64.637
55.906
126.754
427.626
167.076
26.169
144.459
196.68
71.069
165.457
101.456
215.405
60.039
88.63
98.476
366.076
291.139
3.482
97.728
120.193
93.552
387.621
185.139
181.506
26.53
42.406
286.974
473.894
287.093
172.463
151.84
85.005
57.497
32.422
69.867
550.771
174.582
101.629
123.061
463.221
35.359
97.276
32.718
128.693
232.19
286.871
143.19
48.156
170.014
80.718
137.038
112.621
368.671
137.417
137.417
294.659
137.416
140.029
84.723
84.723
243.246
182.019
225.516
353.895
122.635
192.936
57.581
169.519
415.85
134.275
52.376
71.54
40.831
65.899
123.25
75.224
36.82
104.222
255.93
416.084
244.313
176.148
176.148
62.546
313.652
166.327
67.467
37.297
34.066
156.919
65.744
101.322
108.492
172.594
294.293
251.307
28.756
86.766
193.701
70.347
90.645
247.247
67.826
39.483
76.958
51.199
51.199
51.199
24.737
427.416
77.367
68.391
143.759
95.848
84.781
215.402
115.07
50.504
89.486
49.15
138.186
96.112
204.921
162.617
159.547
126.039
258.291
43.008
250.957
76.171
151.843
123.692
62.354
104.518
160.527
131.735
194.867
76.229
258.654
56.191
110.562
39.218
39.218
152.457
106.116
124.163
220.989
104.064
195.497
27.139
153.74
58.874
154.866
99.554
30.435
105.907
64.607
132.73
53.739
56.605
486.752
94.136
99.101
60.33
216.548
73.662
214.244
18.626
303.09
326.818
180.141
20.244
119.983
192.601
100.334
120.026
212.852
210.993
125.498
118.222
522.56
95.65
141.673
466.985
80.226
106.78
115.297
193.559
166.572
117.683
165.945
74.337
54.334
124.509
214.257
702.544
62.087
225.167
59.831
102.554
89.453
160.21
410.311
120.935
147.087
151.379
27.153
118.21
70.5
77.845
131.369
104.627
90.095
80.658
80.612
126.917
86.572
123.773
121.785
46.285
212.588
79.674
99.099
176.996
120.059
103.857
87.737
135.143
196.344
258.01
231.143
87.784
135.69
160.949
378.818
159.829
103.223
125.839
155.042
66.509
50.102
176.038
176.038
93.303
41.495
137.804
81.438
325.855
264.73
120.117
99.174
292.401
358.468
20.684
61.527
248.41
88.704
124.538
115.888
192.415
143.571
447.501
12.974
62.135
468.388
40.273
116.984
111.623
108.086
529.593
529.593
173.792
118.831
105.63
241.573
34.291
220.871
300.648
86.967
142.036
204.378
162.357
194.066
335.368
142.334
240.231
468.093
130.796
78.835
61.283
57.014
69.579
209.725
61.641
103.935
260.009
344.738
97.201
175.902
85.44
196.206
183.231
130.758
21.634
209.553
250.056
170.653
170.653
255.661
145.863
68.54
185.969
147.411
49.077
89.59
145.808
36.663
227.252
118.215
179.029
62.293
282.366
29.225
358.71
148.522
26.653
147.006
248.407
42.695
70.543
73.249
64.524
60.352
420.92
144.556
527.698
101.684
95.696
182.126
264.479
135.495
48.264
218.102
198.443
216.556
216.556
13.358
124.638
40.346
20.273
106.477
150.384
38.743
201.96
198.005
335.288
94.05
357.538
33.583
14.834
165.552
238.267
610.916
120.99
58.174
110.346
46.507
333.362
190.17
33.382
143.237
148.531
219.075
92.183
105.333
29.769
77.453
92.743
136.992
343.993
41.479
345.468
115.747
302.315
61.321
146.847
45.434
82.402
117.265
51.994
288.598
90.983
122.525
124.164
80.991
120.658
84.421
71.47
201.321
236.67
145.684
329.868
211.483
250.098
121.02
229.449
268.316
82.344
237.618
116.36
170.176
106.681
26.1
83.167
224.222
105.429
217.719
94.603
75.565
192.537
218.774
259.444
191.072
66.692
75.182
364.291
101.567
35.9
97.483
297.519
262.001
68.058
52.125
203.081
133.217
79.43
222.852
200.807
88.424
75.867
113.961
150.124
64.137
86.95
94.603
131.67
290.733
225.955
264.823
69.973
155.469
185.532
210.608
78.67
276.593
276.593
84.281
186.923
203.1
251.793
38.563
121.757
138.536
65.203
52.466
110.81
122.641
102.935
58.048
135.493
26.302
80.764
36.131
58.047
34.647
65.949
220.901
156.144
250.152
172.839
236.837
90.566
155.845
100.858
168.649
164.367
188.952
114.922
175.816
337.739
163.456
381.366
148.123
56.882
128.358
136.423
167.752
173.52
271.25
55.656
126.895
299.702
198.511
210.477
160.204
52.398
215.117
118.084
58.388
157.949
43.59
85.786
124.13
110.725
98.496
178.066
73.885
104.328
55.97
140.384
99.375
95.98
60.745
113.512
149.086
84.322
102.747
220.748
206.036
448.404
93.47
91.376
148.509
332.122
229.971
147.841
42.622
141.629
168.182
103.071
118.849
698.369
258.212
302.458
236.636
87.117
97.948
206.381
278.986
544.774
28.305
117.98
108.688
125.778
60.683
106.636
426.578
82.049
54.108
123.573
77.492
203.451
229.961
75.691
102.216
48.892
86.072
154.37
112.664
117.809
122.188
42.72
100.53
122.626
56.382
101.111
229.573
278.708
181.853
79.305
138.103
408.835
280.855
73.882
153.433
49.888
70.31
204.134
30.294
88.933
74.249
205.103
115.136
480.815
103.232
105.33
282.189
32.965
68.101
91.111
337.327
207.701
45.936
299.428
81.071
184.008
166.482
94.813
131.424
111.029
142.205
168.453
118.417
105.484
166.784
123.336
196.791
53.213
198.533
68.058
30.004
122.29
65.521
29.175
61.465
56.44
137.696
200.348
145.767
25.357
190.229
63.534
63.534
71.911
55.102
152.698
54.104
186.779
140.029
473.703
86.012
96.464
30.194
87.756
63.845
57.058
139.412
97.443
143.367
165.031
53.867
194.867
458.352
226.309
29.825
154.88
75.279
106.907
73.335
36.09
157.246
38.612
373.541
69.065
118.647
65.317
182.439
166.791
85.724
64.865
58.609
496.463
245.855
538.943
164.492
361.326
27.133
140.642
27.685
80.93
351.221
136.128
88.245
67.921
456.341
71.495
86.812
166.56
296.602
150.88
36.302
102.496
41.73
54.547
112.54
88.048
125.887
109.707
357.248
55.638
374.684
52.428
397.191
190.608
51.18
242.298
77.46
138.6
471.741
183.696
81.244
593.988
112.076
132.158
256.106
44.962
175.921
220.351
190.189
244.833
272.795
42.1
209.791
27.428
52.811
46.98
258.554
31.466
186.328
103.689
185.869
131.769
84.225
14.273
54.7
105.584
155.449
336.681
97.442
76.947
63.421
102.189
50.149
35.99
56.181
221.437
173.723
62.601
116.664
155.75
247.096
165.403
50.895
161.19
107.849
398.133
39.644
52.727
465.033
232.435
108.244
211.324
184.076
37.879
84.128
247.407
808.146
808.146
384.595
162.901
179.851
51.407
69.564
163.229
219.279
138.165
37.166
48.66
131.807
40.252
115.055
70.197
183.401
68.656
148.653
231.516
196.209
69.193
203.238
48.174
94.302
182.806
89.593
51.934
57.874
152.946
179.424
76.191
171.331
41.465
46.237
99.284
80.619
39.482
75.419
77.163
139.607
105.068
89.686
61.574
59.661
202.072
219.574
51.569
78.483
16.758
383.725
550.171
110.938
111.481
530.683
334.812
129.127
132.79
61.209
583.211
68.847
124.249
144.528
140.945
431.55
141.401
133.912
80.106
201.545
143.064
283.806
102.969
374.133
81.453
125.207
75.036
24.257
86.096
64.247
26.529
61.311
213.03
179.808
48.634
52.718
176.625
34.438
129.424
160.743
470.99
503.794
166.659
133.807
486.971
280.164
183.112
131.122
61.923
184.099
145.896
26.496
250.588
416.826
200.263
276.637
124.138
184.433
150.319
116.691
48.913
194.898
217.556
214.817
43.486
32.467
241.851
123.776
86.268
133.622
65.295
72.697
190.954
85.113
157.639
627.738
146.448
176.379
107.044
145.411
262.136
35.197
116.171
188.896
226.596
121.501
119.52
57.911
55.324
180.254
71.618
19.65
134.421
168.822
339.012
66.633
311.308
127.883
86.198
157.795
35.021
91.616
99.888
224.426
50.769
61.906
102.768
100.553
55.497
92.826
143.115
419.272
117.358
74.529
80.237
191.715
245.301
38.729
177.504
130.815
119.817
360.027
193.161
47.853
148.956
191.305
52.493
106.486
135.239
204.933
49.977
49.977
160.322
145.728
31.992
128.443
101.303
14.147
65.371
97.804
109.334
592.615
65.958
62.636
77.548
107.672
56.695
358.26
76.116
118.331
107.942
63.006
139.431
206.601
45.232
105.154
259.377
62.283
50.036
290.536
47.552
208.347
98.228
157.21
412.449
146.915
132.374
94.065
241.871
171.458
104.792
18.236
170.824
99.927
85.25
159.398
98.53
63.678
86.457
38.934
54.554
47.55
145.626
128.967
315.889
47.919
54.681
161.286
143.165
130.078
79.503
182.329
31.496
42.436
104.336
98.24
17.138
54.332
297.468
57.71
137.975
44.193
600.247
100.467
110.112
206.423
71.84
182.721
87.435
108.552
168.206
281.641
62.291
563.801
97.418
137.589
149.54
206.652
8.239
84.157
142.933
133.341
93.419
72.271
150.392
241.694
84.974
109.184
486.527
208.24
112.773
57.21
86.212
35.437
184.847
113.134
67.197
93.933
607.443
592.904
107.975
176.35
332.008
77.167
61.906
61.906
61.906
94.209
461.906
220.71
68.001
61.132
116.295
214.908
103.548
132.391
47.144
55.878
438.103
96.959
216.749
98.476
87.734
338.886
416.016
52.363
110.457
57.22
62.026
170.714
210.169
57.732
184.143
65.771
97.847
187.583
268.591
95.895
64.822
92.763
200.742
56.865
99.844
103.631
125.849
41.851
254.315
162.828
38.947
73.118
35.685
412.266
219.867
203.606
326.063
110.352
140.767
51.593
107.274
92.173
123.057
158.843
107.692
135.162
398.89
231.397
235.729
56.981
383.58
100.996
312.191
102.399
33.972
180.934
241.327
144.368
102.212
211.704
158.279
133.709
244.03
127.682
36.132
387.055
57.737
109.361
50.464
125.85
60.594
203.417
105.888
85.9
77.67
193.521
107.507
208.388
299.289
479.215
326.743
45.217
109.506
66.061
151.378
131.938
94.702
108.427
567.719
120.3
145.654
20.907
96.502
173.983
168.043
168.102
75.436
500.167
144.478
197.158
68.628
262.314
70.605
41.979
157.149
280.431
145.699
0
411.297
106.557
125.538
104
93.766
331.088
36.592
123.576
261.223
178.985
174.634
223.183
114.471
105.893
158.784
279.693
28.143
151.74
88.624
285.482
103.329
124.016
152.385
141.342
85.022
229.196
18.128
74.45
133.674
82.686
129.424
148.257
118.361
237.462
156.229
76.257
66.264
60.989
111.575
113.982
54.649
45.603
51.873
23.791
151.487
131.893
211.908
179.557
68.775
52.231
90.944
228.053
45.404
127.503
118.182
67.664
112.593
36.374
108.075
218.894
218.894
169.599
658.13
193.084
83.445
100.328
135.149
300.409
102.764
15.214
149.766
792.683
110.43
203.28
219.156
105.428
289.564
91.793
23.255
89.257
49.539
56.654
139.466
80.073
110.08
90.816
47.392
189.551
69.32
40.056
67.511
157.365
99.071
236.132
228.89
207.367
52.267
170.562
61.577
302.179
55.044
42.78
311.124
127.243
432.645
115.141
192.82
220.964
318.507
37.985
80.804
211.273
41.883
146.466
143.41
25.59
29.887
129.539
32.823
84.088
129.873
37.486
52.115
151.229
150.377
36.442
85.486
20.977
152.523
70.024
82.25
124.687
266.852
189.91
126.661
92.246
170.719
141.32
32.729
30.132
93.275
167.503
23.115
137.505
73.148
119.286
551.536
54.159
16.652
64.22
216.982
185.551
156.69
56.238
56.238
694.831
55.454
164.354
79.062
72.013
159.203
239.594
33.356
134.269
166.485
98.319
148.435
62.136
143.709
144.059
243.831
222.051
133.273
74.13
32.461
85.28
31.8
52.639
286.805
39.729
191.532
22.367
53.711
63.029
99
19.595
72.282
149.103
77.935
64.648
49.437
68.448
98.62
141.678
159.444
329.682
33.917
70.425
173.778
137.467
209.253
134.821
94.418
71.573
208.886
44.583
89.263
119.355
247.489
683.141
140.077
126.773
69.335
92.131
86.531
129.569
220.758
25.759
240.31
143.403
249.834
72.34
219.331
47.978
52.905
227.555
76.114
109.501
30.38
142.029
34.45
34.45
331.16
125.337
134.205
107.369
178.054
58.168
358.565
88.136
153.286
72.579
74.194
54.659
61.785
174.259
60.662
303.647
252.448
71.52
307.429
330.211
97.143
143.807
104.022
67.743
156.08
147.431
22.888
49.99
65.96
91.049
116.555
167.369
97.661
92.036
189.428
67.483
273.236
214.646
93.944
170.869
84.734
87.1
145.496
155.259
115.316
56.171
260.013
131.842
263.466
46.408
86.334
97.781
109.145
81.847
47.547
205.638
137.047
505.375
56.342
67.482
157.718
216.855
148.976
129.503
156.458
25.494
47.933
31.586
48.531
48.531
93.926
74.847
18.273
29.893
208.745
140.589
22.72
57.708
66.473
268.925
189.341
46.78
182.934
138.005
22.969
65.29
80.452
585.784
111.697
137.118
102.437
167.604
88.246
25.235
299.514
230.964
73.225
109.435
70.157
34.71
115.884
260.445
217.436
111.664
103.841
74.553
71.506
202.203
71.48
100.543
29.839
145.427
229.824
62.287
336.63
90.784
147.625
39.792
168.191
80.371
482.453
96.872
131.322
136.759
44.119
115.606
102.271
68.912
213.194
54.659
189.807
116.691
44.484
96.045
124.028
44.851
110.785
61.981
73.864
110.929
273.917
346.847
48.978
54.73
123.617
100.24
126.21
135.615
128.29
349.533
263.668
58.748
49.098
102.677
68.197
180.108
254.227
11.271
65.896
76.24
104.7
78.829
89.884
30.657
39.545
67.146
86.143
93.155
212.709
144.511
224.874
107.198
147.478
50.405
36.741
170.476
61.658
223.119
65.974
21.339
232.96
75.076
54.803
185.475
191.472
34.397
21.559
73.493
29.143
64.23
93.104
67.016
44.662
76.957
24.949
32.68
389.426
290.172
73.606
196.755
81.025
188.927
172.472
103.967
48.575
146.528
185.173
139.471
82.529
105.83
163.67
77.726
193.432
250.751
110.064
12.993
211.319
251.98
101.826
651.712
134.923
372.346
138.105
174.793
68.412
211.761
127.893
181.027
55.043
76.36
36.162
86.592
70.225
40.572
92.178
171.05
50.052
129.013
96.311
83.379
241.694
58.079
41.238
42.257
93.944
110.232
65.905
166.351
52.404
363.867
85.691
97.224
93.831
32.748
33.79
111.984
95.141
178.581
251.123
119.423
53.59
278.894
41.05
55.058
39.895
68.242
327.313
124.091
109.806
153.47
81.728
55.595
158.449
223.041
209.505
116.316
83.61
788.27
241.322
206.194
15.262
352.112
26.182
108.113
288.477
104.713
78.797
114.502
285.817
117.669
210.166
52.215
85.994
19.718
117.539
43.299
34.377
171.067
32.801
51.275
133.757
305.612
207.52
47.647
89.538
172.244
177.472
261.873
96.535
173.512
139.665
134.396
83.023
66.583
133.206
108.37
135.923
188.842
139.489
130.078
92.927
143.038
37.317
44.465
90.751
108.831
211.799
110.327
104.755
40.666
281.501
189.3
221.104
169.626
102.335
336.695
371.658
61.577
94.334
104.193
104.314
55.896
89.655
177.618
29.435
218.612
258.125
26.335
97.8
92.918
67.173
240.994
106.231
101.778
88.571
37.978
781.572
48.335
96.561
235.906
114.237
132.925
159.963
73.673
283.081
57.971
134.668
218.009
82.832
552.442
136.541
134.609
494.863
31.144
62.78
43.39
307.528
156.303
501.917
172.081
179.877
88.816
114.357
12.975
49.876
214.259
75.115
38.138
83.514
67.962
294.615
173.995
31.282
224.095
110.886
368.683
165.607
84.892
151.051
151.051
177.469
81.874
436.298
436.298
304.091
211.204
640.113
236.502
49.925
49.543
90.999
19.488
67.771
21.195
181.92
39.894
110.404
75.108
283.42
89.191
72.159
232.669
56.458
240.133
179.714
126.123
170.182
51.088
64.697
748.461
83.791
202.212
122.401
267.062
506.32
284.284
38.611
112.126
79.763
128.766
140.172
229.13
58.902
126.6
115.803
133.265
36.051
59.693
38.743
237.382
99.24
162.688
85.29
32.926
61.22
96.148
482.558
39.317
65.105
125.695
529.655
86.398
692.697
141.366
114.622
86.385
162.006
59.765
72.648
306.538
207.602
174.066
267.13
50.261
147.481
52.528
171.522
108.687
120.737
108.923
114.556
350.26
198.109
132.568
203.413
119.318
169.559
231.769
27.884
72.228
158.064
247.716
442.207
74.348
58.948
57.623
116.685
37.082
190.196
84.159
224.495
53.421
37.279
51.863
68.479
82.103
159.635
90.507
106.468
115.904
102.265
35.827
218.328
137.766
36.106
67.3
39.23
32.959
33.822
67.118
88.58
142.324
173.646
136.453
235.815
121.967
151.069
153.893
60.214
168.957
434.944
203.359
17.737
30.336
149.205
327.086
186.173
306.641
830.98
50.382
250.431
264.658
57.898
187.87
141.381
210.855
68.199
102.626
44.64
68.268
31.349
174.353
90.995
60.731
45.275
417.213
126.473
45.965
79.36
111.189
45.663
99.262
67.637
123.365
55.311
119.359
54.136
102.121
62.591
104.576
173.701
37.479
467.026
74.505
31.996
263.214
108.83
109.271
66.593
87.33
224.076
372.453
156.609
53.278
317.902
37.748
130.422
160.328
39.843
84.046
120.649
38.368
43.677
56.49
262.03
108.309
80.368
142.874
115.973
49.419
25.054
65.617
249.133
188.197
160.868
61.26
18.176
88.174
113.218
112.539
219.966
151.343
107.657
167
125.858
41.477
85.223
83.268
102.033
340.414
29.083
112.19
131.819
51.645
91.955
114.476
17.75
64.662
25.028
249.928
255.939
45.829
158.917
104.108
140.503
104.049
33.507
327.554
102.677
44.282
48.836
169.584
89.899
262.217
113.352
108.62
108.417
298.55
151.902
132.36
206.508
206.508
206.508
37.845
48.761
41.405
41.264
289.654
68.229
409.057
37.846
59.243
47.326
216.874
60.075
316.673
387.551
133.551
96.42
339.492
54.793
238.225
74.072
41.297
465.591
102.215
63.976
198.685
139.043
86.544
91.441
133.458
173.45
15.986
15.986
33.623
180.921
57.457
115.919
91.785
66.033
153.848
74.664
484.171
73.214
17.762
175.547
194.908
191.358
128.313
132.953
315.845
111.64
115.823
67.719
539.043
142.279
309.04
272.442
102.747
65.202
78.317
62.949
115.567
151.084
174.371
133.763
218.889
163.198
94.914
122.121
105.633
54.04
123.043
60.832
76.504
38.422
24.898
81.447
212.762
27.38
149.702
57.736
17.016
60.386
67.411
224.265
193.826
71.378
226.603
305.104
312.405
67.826
53.102
106.88
94.058
106.233
209.944
559.558
92.792
202.25
293.049
25.623
216.762
71.44
116.395
115.344
198.481
47.419
67.877
168.841
118.799
171.773
150.121
39.761
49.636
33.871
43.25
52.972
112.12
86.255
70.47
85.529
118.412
200.02
87.194
50.05
284.71
83.841
45.054
108.096
292.474
114.93
86.981
158.726
146.583
105.779
138.064
139.509
283.391
247.045
92.221
157.818
110.605
95.322
48.236
115.819
474.546
48.757
360.746
176.262
26.835
137.32
84.106
30.395
143.256
142.49
110.884
111.061
79.709
82.867
121.65
169.771
167.579
199.96
95.606
215.365
236.258
154.46
158.03
34.486
59.599
97.313
351.668
60.317
140.206
65.178
612.588
213.481
141.064
21.46
138.555
49.472
106.169
131.73
14.06
32.634
222.284
171.967
94.773
331.573
105.343
61.928
50.434
110.525
153.595
26.99
119.725
46.71
31.197
132
45.681
88.536
121.527
241.073
105.332
56.738
107.658
50.944
90.89
99.781
91.14
35.039
97.556
92.444
132.547
207.804
52.05
114.068
68.506
774.579
50.042
40.5
87.23
131.702
39.518
101.236
155.78
281.332
70.714
183.133
155.574
64.585
141.455
98.208
96.707
104.737
43.124
71.683
348.449
38.513
354.229
18.741
44.844
18.269
164.286
188.711
229.731
107.263
158.986
77.376
165.867
44.698
67.344
353.083
114.484
74.02
28.425
128.191
113.746
23.835
166.568
177.994
44.663
79.147
293.888
317.138
82.197
102.118
329.311
403.166
154.025
90.923
278.011
87.264
147.05
117.072
74.83
276.604
100.483
92.101
211.703
262.871
182.126
159.144
165.764
264.908
49.381
91.585
246.311
310.763
184.151
61.177
94.713
136.399
106.829
52.342
168.207
108.708
55.372
173.77
42.865
184.482
50.242
493.178
25.121
128.771
115.464
45.065
223.546
27.656
94.349
71.161
21.34
133.666
63.424
40.35
249.153
325.065
135.293
96.353
135.568
64.799
66.71
400.422
50.572
110.415
134.109
91.683
45.989
196.738
47.947
90.876
293.445
103.181
49.446
101.522
152.187
87.405
186.891
125.847
188.747
143.256
48.96
80.108
48.443
151.608
328.232
116.808
70.774
110.827
100.78
148.272
105.883
362.156
205.57
247.125
90.268
445.116
437.689
151.808
35.017
51.448
42.85
14.846
65.702
111.678
154.107
166.59
76.018
119.437
97.918
99.613
124.947
96.22
89.754
145.075
157.53
276.624
386.832
90.433
119.002
89.352
252.993
89.217
49.591
237.524
90.72
97.843
214.984
28.091
320.255
290.975
171.178
107.431
72.582
231.796
125.716
487.778
31.986
298.371
258.724
229.429
60.703
37.346
136.702
241.148
166.018
42.121
63.074
38.344
128.366
671.265
179.561
183.004
121.329
205.117
247.397
199.639
324.413
123.678
81.301
135.033
198.525
253.261
199.545
181.766
169.569
139.101
110.313
362.826
191.637
94.031
90.961
96.049
72.626
81.922
58.483
36.3
190.095
232.759
79.194
448.962
75.602
53.894
464.959
75.678
31.221
39.751
35.239
55.96
159.713
61.916
375.101
97.007
81.951
412.432
71.865
380.795
250.096
76.245
66.144
80.975
351.422
91.701
96.445
52.862
45.721
63.758
51.109
145.414
77.714
102.426
101.183
295.929
192.255
70.696
113.498
59.121
122.65
137.514
186.407
29.264
87.064
221.454
30.881
135.853
33.347
198.598
257.023
145.48
98.79
61.903
81.928
99.258
137.784
12.698
133.688
67.414
77.589
35.95
203.856
70.981
96.458
170.526
86.933
73.551
144.297
58.175
35.595
62.7
147.955
147.955
189.558
47.907
438.713
75.8
38.521
96.376
195.453
95.874
67.122
211.171
339.471
325.792
26.806
69.803
63.7
30.588
215.028
53.498
61.489
58.442
267.049
134.54
247.538
329.953
283.037
132.568
42.037
175.289
69.789
184.277
94.956
56.984
224.776
179.422
108.56
209.787
113.317
77.245
169.453
112.869
354.476
151.578
111.227
143.09
257.506
48.572
163.279
44.341
282.206
71.236
52.763
94.858
23.008
50.326
77.187
169.547
234.679
132.726
106.048
36.898
34.37
30.471
74.462
110.552
24.347
113.79
25.394
250.681
44.445
62.507
156.349
81.237
61.463
23.257
177.33
126.304
98.188
43.611
148.541
133.643
49.331
48.071
5.77
55.583
64.855
63.621
109.573
61.457
364.971
47.216
81.098
117.622
9.238
33.174
9.895
169.796
395.499
68.56
316.752
101.212
66.654
295.12
301.562
262.51
217.42
60.552
220.532
82.653
160.882
36.359
108.113
245.942
123.372
246.436
183.428
59.905
123.113
115.817
145.89
41.549
184.561
107.288
62.381
170.15
81.548
158.824
150.803
102.677
78.02
204.232
211.589
85.684
110.96
113.557
74.963
86.299
159.946
61.217
93.301
77.897
82.578
62.111
101.393
292.717
82.629
125.974
75.01
36.905
270.983
57.951
265.117
278.478
186.825
63.642
74.528
65.365
123.27
718.55
68.611
55.804
73.059
88.85
283.9
99.205
71.028
48.246
214.53
250.778
83.917
52.611
269.409
60.049
54.806
302.992
341.792
318.688
458.895
739.927
44.451
141.015
74.302
95.017
42.901
144.876
66.891
94.161
64.904
97.224
25.287
324.361
180.11
320.574
106.958
49.274
254.355
57.603
174.015
157.628
510.409
63.268
176.972
50.809
195.727
416.365
110.957
59.428
59.428
116.878
150.229
41.797
138.69
28.416
96.771
124.387
52.833
57.501
229.155
121.526
97.636
88.712
85.707
154.249
116.81
59.176
150.843
94.076
146.834
182.291
12.445
66.916
253.739
147.74
108.809
111.923
250.387
32.702
77.819
61.879
111.033
318.774
225.713
64.587
154.59
141.523
99.199
26.943
104.108
101.048
273.918
242.765
332.572
144.416
294.895
81.662
100.618
178.072
198.364
41.916
45.959
69.219
174.732
39.648
63.502
141.777
149.741
124.661
183.087
61.263
61.263
323.814
106.04
341.358
107.557
82.071
273.181
244.895
81.815
851.168
313.434
177.175
295.515
150.641
70.382
29.401
135.432
120.223
53.474
275.472
147.79
102.221
301.633
41.528
76.332
171.662
101.785
113.397
198.254
246.204
113.386
147.786
141.628
90.545
50.243
30.808
48.55
313.838
67.434
67.986
166.733
27.432
84.318
44.247
101.01
208.79
81.193
80.752
192.719
218.659
87.847
77.023
45.432
65.657
94.142
214.59
198.732
144.555
214.951
106.186
208.646
43.647
41.304
57.061
349.55
43.751
68.215
130.018
64.034
187.492
89.338
26.088
76.271
221.515
119.832
248.265
81.494
63.304
98.002
113.486
57.173
63.891
24.391
106.218
39.515
28.203
176.849
478.585
95.54
94.234
103.597
91.745
175.199
157.509
311.784
44.835
144.491
38.068
131.751
151.513
145.438
107.26
42.807
61.595
527.448
96.092
39.649
21.883
134.509
141.315
104.54
110.197
121.518
104.393
88.174
328.246
172.416
86.299
26.4
69.55
175.846
186.855
124.509
140.281
66.514
98.129
28.749
34.933
68.365
36.667
74.604
54.435
371.307
35.871
133.142
101.607
301.703
155.579
176.543
55.787
128.409
183.071
121.714
109.914
67.281
67.281
185.598
94.807
145.12
310.63
121.911
93.077
47.748
211.858
21.256
192.136
55.199
128.372
179.397
240.768
181.235
117.488
93.119
65.268
249.705
153.433
193.257
109.01
94.821
196.337
180.707
113.367
86.242
165.075
13.494
59.362
37.544
589.802
217.093
100.764
108.07
184.595
63.575
107.593
38.347
174.12
130.867
43.873
133.94
87.767
119.62
98.406
202.022
128.997
368.165
93.464
138.793
267.088
193.742
199.852
109.6
768.337
35.821
51.278
77.849
127.213
181.238
93.294
85.724
132.497
70.459
325.896
34.01
274.464
31.202
211.276
69.353
196.203
305.34
41.792
220.423
137.694
116.759
81.01
177.386
212.84
96.704
49.539
14.689
41.013
210.093
123.513
58.393
293.849
270.053
133.73
171.698
35.064
60.689
185.754
171.73
147.578
68.446
161.267
242.269
125.28
249.858
84.167
224.312
122.353
75.073
65.856
702.789
53.941
114.615
97.634
17.613
141.346
138.553
96.439
192.487
250.534
50.24
304.57
80.365
183.625
864.118
56.862
72.894
30.086
159.949
229.755
185.723
119.9
103.902
102.022
194.681
28.622
300.076
175.488
111.924
168.761
202.364
613.241
75.782
198.091
161.092
188.165
86.706
250.323
183.23
121.178
277.571
291.981
93.093
68.71
114.559
156.455
136.878
311.107
86.524
158.091
165.76
267.85
76.21
76.21
205.968
130.225
123.555
79.743
52.637
44.727
99.693
33.767
113.635
42.985
8.506
136.59
155.637
33.816
178.566
123.934
36.879
374.217
164.274
64.921
240.496
43.942
229.365
79.598
41.741
98.258
57.722
43.052
77.672
44.849
89.519
140.169
34.339
65.316
216.015
263.535
54.459
149.97
248.465
190.799
48.678
198.052
316.866
257.497
63.987
163.87
657.546
145.999
110.254
257.87
187.811
36.714
47.616
375.835
51.382
88.401
129.328
206.016
82.338
116.118
92.635
76.343
137.365
121.664
152.818
168.969
49.345
40.259
339.563
265.828
35.185
88.647
275.635
100.423
39.541
240.434
195.716
129.015
344.108
481.515
62.549
137.998
106.363
172.739
74.639
47.97
234.709
103.717
92.287
250.732
150.347
63.723
89.148
33.112
80.024
248.91
65.163
70.365
254.809
150.102
127.765
99.28
101.517
46.483
39.874
23.022
118.828
45.774
35.585
160.868
51.118
34.88
54.012
43.424
75.188
32.976
75.545
135.878
82.205
19.56
41.217
134.152
164.586
81.334
86.27
261.433
632.17
79.951
74.974
36.155
48.259
63.54
67.839
153.378
166.949
113.737
45.689
232.073
101.217
311.171
96.637
37.341
100.112
352.944
67.275
258.239
512.213
60.375
180.419
248.487
50.545
27.602
175.077
212.19
17.262
128.326
324.539
98.58
227.471
17.603
185.441
206.018
50.88
180.033
61.807
151.708
220.871
226.33
44.137
95.172
223.916
146.276
109.121
131.731
157.172
116.249
97.66
32.255
119.421
112.311
32.879
141.48
179.242
43.174
31.873
144.487
65.121
45.714
52.961
88.636
655.607
360.746
36.582
142.678
216.471
151.298
51.409
68.482
22.425
13.507
13.507
65.601
47.429
104.288
199.303
81.26
63.86
307.465
71.823
40.994
43.38
177.059
152.347
77.454
234.926
39.045
213.388
82.87
741.351
197.648
128.55
97.749
23.829
159.679
52.533
113.903
384.405
58.628
135.084
357.371
326.949
297.645
120.248
36.4
164.586
99.962
224.211
68.09
319.435
87.719
133.126
159.057
35.388
69.936
89.589
63.376
485.429
107.936
130.041
138.616
182.397
171.313
72.621
34.91
141.319
127.977
53.606
49.56
78.714
200.321
207.293
70.732
68.256
125.506
219.669
89.267
67.703
88.863
51.34
149.234
160.931
47.487
48.801
297.996
136.228
69.045
156.652
253.92
124.87
85.44
608.442
75.162
130.337
142.588
26.128
585.614
72.424
50.312
36.266
75.685
251.534
46.676
116.87
57.709
54.509
72.801
76.342
50.826
42.847
111.448
198.421
71.774
129.767
44.297
88.242
109.543
88.182
115.449
74.621
170.013
171.942
43.833
113.29
214.204
280.828
229.814
155.327
87.144
368.583
25.703
111.532
38.098
45.23
101.519
27.751
131.337
65.902
45.418
88.47
81.056
100.199
68.826
86.856
202.854
202.256
57.635
75.516
154.575
65.702
201.349
79.847
259.152
152.001
112.032
56.75
241.786
66.74
84.026
53.674
233.325
27.643
180.307
98.02
64.178
86.009
74.596
110.367
105.275
93.404
65.997
86.843
36.488
166.232
186.388
31.707
75.547
171.868
57.354
25.701
112.283
249.71
174.173
148.348
34.592
172.386
91.224
47.884
217.892
15.257
32.082
39.101
41.736
109.015
291.229
61.579
526.11
177.331
63.936
201.042
75.637
200.152
49.31
102.577
174.331
65.565
188.39
131.568
175.158
193.663
76.797
302.954
65.418
111.117
161.547
156.279
324.109
72.521
126.033
280.269
71.022
46.853
370.46
218.841
39.435
36.993
178.388
192.666
193.056
255.276
96.197
131.675
81.266
140.799
234.464
76.467
225.649
187.656
283.396
101.273
95.127
25.868
107.021
76.297
116.893
26.011
51.286
213.898
150.83
51.469
30.917
54.354
243.19
211.206
136.666
118.4
311.897
252.132
93.988
38.54
92.519
134.216
136.397
103.529
269.09
392.855
24.286
33.87
135.058
279.785
88.802
169.466
112.087
76.231
50.423
208.248
236.012
44.026
79.824
74.557
271.276
81.835
195.914
12.749
133.536
95.003
56.224
282.219
137.607
63.27
74.686
229.563
229.563
145.869
82.613
67.493
181.689
46.815
56.441
30.067
221.797
248.183
64.045
72.565
168.343
73.142
182.197
54.306
213.345
123.164
96.758
20.262
33.083
126.033
48.672
57.796
53.506
467.517
831.048
83.702
70.595
101.336
74.001
298.805
300.724
132.073
81.458
214.012
417.372
16.18
71.519
153.685
275.946
241.918
78.315
180.761
164.091
129.3
100.882
220.011
224.04
47.996
199.872
155.441
32.986
87.758
141.867
32.639
357.788
51.096
110.267
185.147
55.23
56.036
97.88
27.175
162.788
77.844
31.638
182.349
89.906
92.034
565.197
68.313
189.499
190.2
187.753
83.322
337.475
41.454
40.716
105.538
73.521
189.312
110.785
360.07
113.869
66.593
20.554
201.511
56.55
183.478
90.363
227.162
90.314
201.344
56.819
201.929
104.746
64.119
124.236
232.005
206.882
198.163
372.498
191.621
54.577
160.47
233.303
180.11
284.784
83.438
236.448
364.357
264.454
60.598
43.483
246.054
95.378
23.785
45.225
81.421
75.291
96.447
22.037
43.564
17.961
347.793
255.898
155.874
238.202
182.802
177.251
130.997
51.7
94.073
116.324
186.685
69.635
148.238
359.519
176.968
121.767
90.723
119.544
157.354
13.636
30.199
108.905
99.548
51.823
67.4
205.624
79.941
61.238
47.503
73.512
173.742
342.971
156.534
135.461
137.218
138.206
68.544
63.411
354.743
266.573
194.41
19.295
22.373
95.813
83.527
69.448
178.376
256.36
124.946
134.499
15.266
44.163
126.065
277.897
190.382
117.823
120.192
67.308
68.005
206.075
101.675
90.988
76.202
17.683
86.174
87.604
128.918
105.548
162.602
22.612
69.444
86.549
236.452
89.9
111.604
88.459
127.885
72.342
202.222
120.192
57.997
177.929
51.25
113.364
71.243
112.155
38.508
251.218
94.163
62.05
163.247
53.081
275.306
99.936
261.097
171.238
114.932
114.457
133.415
89.48
184.155
66.84
71.499
46.687
37.007
76.608
292.687
151.754
168.058
236.916
251.721
205.066
105.95
416.929
91.662
88.109
29.842
22.64
142.451
53.127
28.362
64.093
264.226
177.471
165.218
61.033
157.691
127.185
114.343
297.795
84.88
28.946
67.537
144.939
160.869
67.157
104.222
71.463
259.483
126.782
173.864
62.985
95.112
38.665
54.446
170.711
70.229
52.056
29.265
359.777
60.478
59.133
214.442
66.23
36.622
58.769
358.474
69.46
103.526
248.366
114.123
254.206
28.179
103.241
72.394
139.154
224.209
96.273
265.792
75.093
75.093
31.058
468.984
148.978
220.882
98.731
204.861
85.577
66.237
63.136
55.591
65.044
52.966
107.874
49.277
64.539
224.213
120.433
57.628
157.089
56.919
113.218
261.584
304.856
491.239
121.92
204.876
92.107
152.36
51.682
36.555
249.811
64.073
104.649
158.807
765.204
66.187
70.753
85.046
48.038
95.981
233.215
176.206
79.665
135.356
34.326
25.776
66.408
113.383
144.469
166.893
720.082
68.685
114.123
63.967
66.124
264.04
18.418
35.312
228.094
74.92
56.366
116.957
44.697
309.475
173.91
213.601
128.185
68.792
19.441
137.853
83.614
257.974
249.89
135.996
40.368
19.642
322.968
140.269
219.61
77.007
114.544
108.126
133.576
62.631
29.524
107.719
457.148
110.531
121.389
33.274
30.817
553.084
98.009
114.428
89.541
67.954
27.515
64.233
70.161
112.581
48.237
224.48
223.484
97.859
308.978
100.053
74.913
100.661
213.039
109.95
25.419
58.734
43.012
144.58
43.444
43.997
127.045
201.211
193.161
142.746
211.849
229.109
27.938
48.862
45.32
137.305
31.851
199.242
91.272
98.8
241.493
131.686
137.886
142.886
104.147
136.488
112.449
105.825
114.417
66.245
295.095
135.503
165.522
72.33
112.113
7.331
198.274
47.736
175.853
239.006
202.861
68.969
302.807
17.97
87.826
135.452
348.185
87.635
440.346
261.487
133.969
134.464
109.287
70.254
168.9
99.829
49.069
22.35
60.627
93.061
147.367
41.831
68.589
108.327
285.487
247.702
56.8
200.052
75.255
41.352
86.966
169.6
126.235
46.96
109.191
80.493
202.191
91.921
119.103
85.146
216.782
107.344
269.295
119.199
119.199
42.632
82.5
489.943
79.694
48.359
86.163
90.046
59.252
199.581
70.569
88.667
203.794
115.378
88.272
192.406
63.105
190.036
448.1
84.523
157.475
78.181
51.698
170.558
116.916
226.313
148.379
132.409
32.28
247.651
26.654
183.832
54.661
37.854
135.161
79.336
80.89
35.954
130.032
268.503
199.465
127.002
72.557
112.23
64.33
130.566
166.129
136.748
75.301
138.304
29.584
80.216
184.049
69.047
149.975
239.044
104.206
63.991
103.321
166.478
53.275
105.561
290.507
89.897
94.992
252.695
130.322
212.503
79.046
69.941
299.443
366.14
207.755
46.979
68.37
100.058
67.657
96.735
74.291
130.303
186.407
338.948
30.41
56.847
12.493
455.243
209.768
65.574
162.593
54.786
21.449
339
78.538
222.821
152.023
105.96
190.556
122.066
66.821
452.247
222.225
130.194
41.562
95.497
110.929
214.313
625.004
94.909
265.399
477.665
55.345
202.851
96.211
121.884
116.741
120.289
473.323
85.992
170.429
135.525
152.915
148.858
51.93
185.388
134.835
96.001
103.513
68.172
82.607
98.808
122.649
110.266
45.554
60.44
68.197
135.492
127.53
18.902
157.594
63.783
137.019
61.078
43.894
278.224
217.611
40.516
773.396
20.717
33.656
482.771
104.624
80.09
53.013
141.409
40.905
126.725
85.482
183.195
38.279
96.308
189.858
83.593
72.233
24.202
101.348
128.897
147.117
143.07
29.997
146.262
59.825
196.421
175.587
54.703
99
135.535
194.997
84.562
69.654
234.294
80.159
221.872
125.873
395.738
352.898
47.379
208.745
262.232
41.729
384.709
60.275
37.662
111.525
60.844
116.022
82.835
268.166
164.21
126.821
64.147
329.409
22.666
77.135
417.729
68.189
113.494
45.213
67.076
231.74
198.408
48.717
123.141
186.79
30.834
135.855
91.967
70.697
17.641
63.97
38.316
283.284
132.107
158.938
23.59
28.545
81.321
97.654
51.338
81.819
70.122
170.329
137.343
53.421
84.033
70.53
141.282
102.764
65.464
129.642
51.065
16.863
241.2
180.095
48.719
95.223
108.456
54.148
54.148
105.239
94.11
208.14
125.937
133.935
55.882
125.91
99.093
30.276
220.098
128.47
68.727
258.017
91.883
153.913
36.669
63.173
61.969
28.57
88.62
142.951
79.832
56.469
66.481
182.454
107.061
116.16
162.814
220.379
125.872
670.782
109.846
232.006
81.193
127.468
66.973
41.874
75.006
49.141
87.938
146.154
86.31
86.933
54.686
130.872
190.216
131.221
143.377
214.191
83.845
73.69
149.754
467.843
173.733
44.609
211.564
126.74
137.649
30.435
234.721
267.196
38.448
116.613
89.546
76.36
69.538
40.542
75.283
60.904
33.414
44.952
117.574
243.641
222.149
165.843
30.207
21.361
77.974
80.509
298.745
354.523
157.084
74.036
118.169
71.575
278.492
75.011
150.531
109.052
27.344
45.56
127.46
102.431
34.327
55.163
132.335
193.437
27.887
6.341
144.583
197.754
157.458
104.247
168.821
109.88
201.542
75.621
185.578
236.573
112.293
366.505
129.052
111.479
78.325
166.13
40.924
286.16
130.87
365.976
54.513
70.57
370.425
143.124
38.375
48.333
217.093
126.172
103.934
95.821
201.892
72.952
50.601
66.314
44.182
93.131
224.108
67.556
211.256
93.143
183.207
222.574
151.121
376.96
251.161
40.248
171.605
319.321
171.888
27.011
233.692
16.029
116.229
54.299
250.548
148.872
49.16
78.177
87.085
89.779
109.973
240.779
70.794
66.323
96.116
163.993
156.549
80.389
52.157
190.497
93.816
74.989
200.458
40.083
248.529
143.704
47.572
8.206
36.219
74.12
153.275
440.532
114.48
273.921
138.34
213.44
31.083
176.097
110.4
217.936
123.029
123.029
108.604
78.888
250.617
122.272
174.35
71.558
80.759
152.573
85.186
87.314
91.833
106.485
17.715
240.183
52.125
101.28
174.878
28.94
60.443
59.334
28.238
48.05
319.81
96.191
156.718
38.122
29.195
211.391
208.07
59.502
110.59
76.93
243.683
182.133
134.626
134.914
155.073
205.708
128.992
64.62
54.334
215.702
135.684
418.561
130.949
91.459
189.119
79.746
127.7
28.581
455.942
114.85
56.945
126.239
39.97
86.701
150.963
88.484
145.846
248.747
177.559
55.12
64.209
81.533
198.509
30.869
17.841
201.015
166.327
77.9
200.837
73.276
22.029
88.836
167.159
700.762
175.392
54.992
190.512
116.22
98.687
52.965
168.686
222.556
40.605
103.058
70.122
145.889
21.786
174.134
698.597
47.971
265.782
305.149
40.452
165.303
287.31
101.896
54.856
92.789
216.192
74.707
121.286
117.642
150.184
444.325
105.484
99.026
105.845
167.004
46.651
217.467
401.89
253.309
108.694
67.514
89.503
146.333
121.135
87.567
127.266
45.085
145.728
131.439
160.246
53.197
141.128
222.448
59.082
103.212
172.096
39.844
202.809
36.294
114.562
655.982
81.006
65.434
271.696
93.818
13.252
145.435
128.128
199.761
69.511
49.904
28.356
124.682
97.478
74.69
66.599
26.559
286.259
299.199
68.125
116.328
32.973
15.874
114.079
70.661
179.403
149.411
241.699
212.011
208.437
166.001
100.051
122.822
123.651
39.045
187.399
132.509
231.697
81.393
173.783
272.658
32.476
47.759
138.819
312.268
94.895
124.453
223.974
203.124
65.301
24.863
49.271
103.193
83.74
129.802
48.081
182.274
141.499
52.905
199.716
50.915
178.626
20.129
95.923
47.332
18.536
206.384
69.492
174.459
62.785
359.808
49.67
126.949
99.027
70.304
93.729
317.223
27.977
86.156
81.423
240.074
120.365
24.1
131.001
96.394
197.187
87.565
201.625
60.132
75.266
114.345
90.563
68.288
426.295
104.72
79.825
286.357
28.794
258.027
60.918
465.072
35.07
300.759
193.553
52.533
73.469
159.705
266.808
290.882
148.91
42.363
63.572
387.091
36.252
284.347
47.715
137.604
65.501
95.42
94.215
117.064
249.23
56.487
115.277
83.45
214.714
136.333
140.493
52.912
107.618
361.439
154.444
112.921
73.594
95.085
313.814
283.855
132.16
130.778
82.858
82.858
120.705
194.323
303.342
40.662
217.202
59.808
36.476
21.935
175.513
179.912
376.336
138.508
177.943
257.626
85.552
75.145
182.755
37.79
443.34
38.071
61.53
58.491
264.666
66.161
73.226
107.733
131.651
120.97
527.824
238.365
101.759
464.37
154.935
93.724
75.533
65.235
226.66
243.376
223.555
62.063
208.876
123.183
277.993
75.275
67.009
184.77
189.292
191.818
307.975
119.239
177.695
73.345
260.104
92.951
375.66
41.64
100.831
92.82
38.902
147.772
99.303
79.028
87.891
238.191
121.922
160.703
127.117
117.5
164.714
108.683
64.529
122.483
110.96
42.531
119.867
365.491
39.447
188.857
476.741
119.089
41.557
119.522
101.893
118.473
167.827
135.447
172.464
53.932
269.93
267.274
117.995
155.829
162.819
43.262
89.871
155.66
141.821
139.99
152.333
136.201
24.087
76.157
143.878
504.624
298.98
144.763
52.368
121.527
41.145
123.065
92.579
42.201
240.965
223.098
33.836
178.699
38.161
105.826
136.913
22.813
78.768
196.73
59.408
59.916
243.867
92.155
31.641
164.008
41.517
98.666
150.541
16.081
26.121
27.171
32.802
82.939
49.106
42.533
59.754
71.153
57.909
69.926
225.201
171.443
189.332
149.305
20.856
140.721
45.447
64.338
53.043
138.962
112.685
83.112
228.402
31.959
88.653
43.18
91.004
61.245
20.32
79.865
204.953
115.441
44.363
209.305
89.429
247.202
24.607
22.564
22.564
85.546
36.006
38.119
256.675
69.234
111.344
168.683
286.622
27.615
159.271
197.438
38.851
187.236
495.833
257.543
150.769
106.589
63.91
721.155
149.252
50.279
707.082
135.508
168.278
133.308
42.05
458.789
199.017
71.925
114.663
212.505
327.04
52.508
144.403
35.769
89.424
200.274
192.437
140.663
135.794
34.824
118.412
131.247
80.184
73.948
58.321
64.88
84.118
352.496
142.792
70.046
70.157
164.205
42.157
71.748
33.958
9.633
54.459
173.979
340.944
131.358
37.898
203.994
209.978
118.526
214.779
69.208
229.398
54.654
69.725
83.436
77.224
302.554
326.832
83.846
84.248
158.552
107.838
52.029
344.163
195.553
119.851
102.283
34.723
143.89
185.951
126.915
192.142
77.384
77.152
79.577
232.349
79.347
51.266
239.503
67.349
103.434
107.699
172.737
100.769
67.651
42.973
66.208
57.365
466.119
65.015
97.403
75.879
72.33
189.864
150.803
137.459
33.935
50.177
89.556
45.973
116.656
66.856
41.861
59.522
75.381
112.905
81.495
195.038
20.946
39.082
148.79
26.422
32.779
109.744
286.647
159.729
130.054
171.512
116.453
60.066
71.418
287.993
200.04
136.542
134.965
88.588
342.965
47.192
86.703
76.613
59.257
43.26
72.938
208.187
40.868
43.651
85.798
82.198
28.989
104.576
30.865
93.561
199.003
74.47
130.911
67.698
147.469
189.857
185.207
131.462
31.918
29.542
149.59
79.79
92.923
20.358
69.121
10.734
58.026
79.259
17.525
92.522
118.593
88.247
37.37
261.202
96.616
248.04
133.667
109.446
161.89
95.723
79.012
28.867
276.209
27.685
31.56
106.145
95.391
163.059
91.255
94.56
81.87
109.752
255.496
81.065
97.422
203.302
36.083
56.574
195.689
300.468
84.772
61.237
215.238
59.994
117.079
182.735
191.938
110.087
92.045
317.828
94.996
242.803
268.796
186.205
92.693
109.709
77.924
162.506
514.576
214.305
148.719
62.749
112.356
40.396
121.814
154.521
123.351
218.038
205.157
101.142
32.469
41.532
29.81
363.989
73.293
79.057
150.765
125.32
127.738
110.309
83.578
149.18
196.535
36.654
188.778
188.778
152.846
158.141
135.093
61.409
74.087
156.466
204.244
37.846
82.776
72.042
27.364
132.482
55.755
132.459
63.245
51.206
65.224
209.388
53.632
35.088
188.344
188.344
76.436
44.454
366.092
57.041
134.127
45.774
116.337
83.178
117.732
87.91
146.649
71.807
128.675
212.565
128.54
57.798
415.131
435.305
49.854
134.745
201.452
157.865
152.764
119.936
92.79
145.26
55.848
58.896
293.113
112.035
122.995
56.537
135.951
108.949
39.293
305.822
78.449
152.313
60.069
70.171
63.642
259.428
119.688
204.255
79.148
66.546
121.715
250.223
222.767
61.021
33.899
188.809
365.126
247.241
90.627
220.422
600.018
188.758
108.295
82.449
163.208
66.574
159.949
115.015
257.007
40.216
29.577
159.188
402.661
106.336
291.574
128.409
191.308
263.917
71.332
76.754
233.306
224.498
19.206
67.509
451.832
370.855
29.516
124.112
38.422
182.421
152.139
201.215
391.096
250.313
26.117
477.571
178.186
141.211
526.898
249.878
139.977
128.879
71.941
164.251
202.115
119.964
130.131
212.446
94.559
280.008
157.363
438.972
36.432
64.023
173.01
236.758
89.391
219.046
208.094
50.423
95.448
228.885
363.508
142.959
55.391
48.74
55.2
53.324
49.418
171.323
344.77
184.206
123.671
64.99
78.703
167.415
48.234
96.891
237.403
26.747
60.582
277.378
172.394
195.77
154.252
133.612
191.741
55.412
119.414
54.459
95.048
17.613
72.62
91.354
37.344
74.13
142.284
146.274
155.368
62.447
81.969
180.255
185.019
490.835
29.583
62.952
88.833
192.54
86.512
147.975
38.027
56.137
240.102
30.323
74.948
77.971
114.772
145.362
237.315
75.916
70.206
66.804
57.847
238.274
700.545
28.128
412.733
263.523
107.303
142.819
56.192
36.378
84.86
121.138
233.86
136.036
358.773
358.773
358.773
350.327
51.684
81.594
61.285
146.021
289.464
439.496
253.445
52.9
30.273
89.944
70.645
62.568
134.873
72.877
239.249
383.145
194.266
60.953
38.426
245.265
203.292
110.756
85.201
79.165
167.886
59.822
226.612
254.429
148.474
276.141
125.408
21.35
257.223
180.638
68.541
115.714
64.72
182.687
106.976
116.108
259.52
36.732
78.863
188.924
437.815
278.489
103.427
198.369
248.871
109.122
352.238
98.078
176.954
37.595
37.595
88.986
648.83
46.618
67.593
549.085
81.815
271.97
76.054
247.188
235.032
154.028
66.706
153.065
233.692
133.064
259.842
90.988
60.863
214.98
408.589
251.795
53.217
97.099
109.864
23.551
149.739
117.727
73.613
205.386
156.269
66.725
54.605
209.395
35.078
38.082
137.071
86.687
128.03
78.679
99.551
145.992
125.181
27.325
130.421
146.736
52.327
180.578
124.254
132.723
42.32
96.369
195.134
135.359
100.595
104.358
43.996
77.75
278.093
215.995
86.547
113.496
197.974
54.676
251.759
52.077
224.685
74.8
76.091
52.076
76.624
143.773
55.989
71.062
238.082
134.251
104.772
146.817
119.015
49.536
217.917
96.027
67.828
20.856
67.591
84.255
7.315
71.3
163.596
78.043
19.085
180.244
47.005
53.975
160.625
24.32
321.185
93.608
283.403
146.112
23.85
28.003
82.036
101.154
51.124
97.565
37.234
175.058
21.286
76.881
248.052
412.561
93.397
79.395
150.414
128.575
54.732
55.452
84.922
415.115
135.591
198.296
62.098
575.888
267.176
85.007
55.653
49.821
58.085
136.47
54.201
273.208
257.222
99.047
174.402
164.664
364.236
235.283
77.858
151.733
52.06
68.489
447.304
62.174
182.832
81.048
159.43
59.239
331.757
273.293
217.617
22.472
114.199
41.428
66.415
106.357
114.24
172.598
73.233
31.281
79.484
28.869
66.773
169.721
117.368
106.505
213.428
128.484
495.699
101.256
48.333
581.532
238.056
117.339
53.531
94.349
144.223
165.059
133.108
54.147
223.697
157.089
235.393
124.364
91.072
84.382
239.444
83.293
75.365
120.78
89.04
161.803
79.953
95.787
82.816
57.62
135.49
248.721
142.573
36.153
38.117
174.391
34.944
98.18
113.878
49.056
89.294
141.312
292.811
149.523
389.824
62.142
33.015
52.4
189.659
36.582
30.628
392.127
433.979
195.109
149.408
147.06
26.548
141.13
24.1
181.904
55.271
632.774
77.374
238.997
107.991
238.349
123.36
298.032
282.857
79.894
80.519
153.493
129.424
92.47
23.451
132.73
221.983
31.235
86.433
188.279
246.359
187.061
136.937
110.107
212.684
83.211
75.104
225.287
160.222
66.709
78.009
174.657
174.657
13.11
63.547
155.044
67.158
98.791
117.752
20.968
68.574
185.726
138.607
143.052
260.673
18.736
60.138
74.123
281.224
259.705
246.847
63.712
102.547
278.908
24.602
108.156
196.538
51.168
75.292
109.187
115.301
179.508
82.288
79.433
81.947
80.467
109.273
61.263
184.6
210.745
18.917
67.833
16.38
49.107
152.696
50.678
68.305
117.145
44.474
30.981
147.408
104.73
63.58
147.745
78.862
163.608
274.249
133.946
207.465
328.659
69.156
22.632
126.364
280.233
97.841
201.729
183.188
214.28
35.715
264.901
131.767
91.35
48.2
310.627
6.014
119.818
66.946
76.154
37.37
308.707
255.99
103.971
225.289
162.242
76.005
169.463
49.904
306.528
150.803
191.526
190.318
86.236
95.865
201.699
48.15
120.477
153.157
165.256
51.822
242.801
150.358
74.635
37.595
138.911
268.874
56.49
114.89
173.463
87.259
87.558
70.914
109.8
150.629
16.069
146.883
31.575
126.742
136.262
130.24
176.48
301.623
105.326
91.928
53.458
64.361
66.552
34.362
64.72
99.764
294.848
20.597
159.796
30.878
224.537
102.747
104.502
341.866
264.716
72.933
115.799
143.85
272.207
100.128
62.356
109.109
93.485
62.528
112.19
245.844
58.423
223.182
330.339
263.287
82.86
105.14
46.802
71.876
293.26
193.208
70.505
162.775
38.08
25.585
74.719
182.632
196.164
24.332
222.128
99.214
73.32
136.412
115.197
80.659
182.992
22.539
61.407
217.204
81.02
141.557
186.52
113.1
71.819
335.429
159.374
183.218
75.339
137.098
15.84
114.7
186.063
65.15
96.605
119.262
36.201
39.601
96.679
163.77
160.722
172.997
177.833
149.822
28.491
157.926
227.596
160.082
114.554
433.297
227.397
75.253
41.357
89.724
115.177
48.205
89.172
355.281
176.973
24.504
36.127
90.248
163.148
175.392
56.377
95.513
132.349
129.281
348.749
121.429
19.737
123.018
57.605
64.253
69.423
14.674
148.629
867.547
51.292
52.173
144.961
117.214
59.121
47.557
27.435
365.81
137.609
20.856
217.112
38.773
551.942
79.187
160.803
26.481
130.928
112.724
111.466
41.611
134.325
51.085
100.567
75.889
21.429
315.2
315.2
49.686
136.886
49.471
87.307
56.981
90.638
58.787
45.847
112.903
619.177
262.266
260.152
198.547
183.617
208.187
72.132
265.665
21.676
75.073
85.018
113.916
23.886
109.32
130.153
216.873
28.847
25.105
25.105
248.07
60.783
104.451
272.854
126.718
342.623
114.339
53.523
99.747
196.689
180.389
80.185
142.288
83.075
81.341
24.165
158.322
158.322
151.01
64.29
51.864
42.419
117.004
147.447
185.882
509.442
57.628
65.381
45.186
115.855
41.12
50.607
161.969
176.838
322.774
69.767
191.915
157.832
125.375
38.082
176.731
181.151
95.718
168.562
232.83
74.193
163.348
97.298
44.037
196.872
223.512
98.312
96.36
239.81
89.213
31.473
124.779
128.634
70.628
212.277
54.613
79.742
256.286
74.601
105.356
78.173
176.466
642.568
117.944
58.12
148.684
62.828
70.664
110.69
73.448
74.068
264.613
123.654
38.393
181.316
97.386
121.78
248.319
138.542
105.635
187.383
59.89
45.737
45.737
31.371
26.799
264.373
36.495
72.04
38.473
42.016
117.41
172.161
155.808
80.152
212.257
23.343
101.062
186.267
35.107
72.034
48.551
77.59
85.336
155.467
22.372
40.04
139.883
164.939
33.615
77.413
94.516
153.272
158.439
106.293
260.591
95.519
58.017
260.273
68.405
117.026
57.359
53.042
86.258
108.194
40.264
55.266
303.858
175.472
246.143
112.281
170.962
153.809
52.427
146.817
74.838
65.426
121.676
254.811
233.515
102.586
193.427
54.311
77.336
25.536
149.256
42.695
131.574
92.26
69.802
92.433
25.834
98.212
34.712
185.957
179.014
413.977
153.251
147.415
55.737
408.777
128.042
72.665
207.489
110.433
366.799
55.392
96.982
237.627
94.756
53.287
79.302
141.419
260.736
83.74
200.379
82.967
391.282
148.417
73.615
173.959
63.567
486.544
290.151
125.347
55.482
210.686
171.4
169.698
75.285
176.854
45.201
102.663
39.088
176.544
171.903
41.599
227.088
134.69
76.214
50.768
117.883
70.88
361.612
71.772
132.331
84.066
122.613
178.464
122.931
50.863
61.25
69.198
38.507
111.511
67.737
64.563
210.709
77.504
125.565
98.328
219.268
143.619
79.025
79.025
242.259
34.144
216.633
219.308
57.614
367.49
96.586
63.638
763.556
29.102
30.131
42.756
93.872
55.92
23.159
112.601
111.831
368.827
149.957
56.959
459.558
166.647
19.278
59.851
186.26
115.118
160.998
285.09
158.961
100.461
78.99
80.467
175.312
42.634
269.517
170.711
117.638
311.395
209.35
29.518
281.271
46.388
142.448
190.348
27.198
93.151
65.692
275.222
133.204
64.688
438.721
157.605
28.315
46.859
39.823
136.69
208.525
134.251
30.879
42.025
124.486
134.399
72.159
126.447
63.103
56.505
140.15
103.413
98.707
308.839
199.803
479.698
660.746
95.076
125.686
106.851
91.238
91.238
105.07
67.626
42.618
57.487
236.024
119.994
222.007
109.216
90.235
54.624
234.505
102.475
73.544
135.313
71.286
196.491
146.267
139.953
94.748
535.582
163.855
40.267
25.861
182.862
226.299
267.497
211.469
94.474
33.371
159.53
327.071
117.055
65.698
461.377
29.035
75.425
144.842
77.026
201.143
241.113
80.221
120.036
179.647
248.861
132.207
11.511
40.258
261.936
98.446
72.339
52.304
134.436
167.696
51.854
118.716
215.934
173.145
109.858
79.581
213.593
53.112
3.536
88.289
20.875
193.068
69.616
108.127
310.933
54.213
284.528
34.471
93.497
62.213
251.328
151.118
95.97
136.272
123.722
184.786
230.898
150.681
72.001
143.053
138.347
114.472
246.842
139.065
151.208
25.905
141.527
150.457
56.171
101.242
51.165
237.363
97.374
46.291
31.494
198.498
290.913
9.387
189.946
138.855
39.322
179.613
45.258
258.156
190.599
552.213
257.932
113.844
221.226
274.409
248.458
53.388
84.224
157.836
140.669
117.982
134.422
131.01
82.574
48.411
288.805
170.105
149.861
58.63
287.696
119.17
43.039
167.03
201.356
148.517
215.57
49.493
179.863
31.144
163.051
18.511
85.851
44.539
23.896
338.987
394.067
157.053
21.553
89.583
75.033
146.755
80.537
86.203
171.128
105.352
109.78
209.911
85.378
61.429
198.478
162.233
69.279
229.316
212.417
412.018
54.832
105.165
128.704
494.01
99.81
123.71
108.65
236.936
22.571
103.648
158.785
137.123
110.431
70.277
92.769
43.636
101.981
349.688
86.964
254.486
324.966
58.736
69.371
143.646
57.287
170.67
117.572
227.367
89.288
193.875
52.212
100.475
101.898
134.001
134.406
85.794
43.997
15.514
97.53
38.727
183.438
211.342
3.317
37.616
95.182
121.726
131.362
42.919
55.274
56.422
119.232
163.703
483.53
167.596
61.657
157.882
82.571
52.425
107.188
101.869
99.03
145.491
75.46
139.987
31.911
25.861
21.887
170.63
61.231
195.281
116.475
166.232
74.941
90.453
27.207
121.971
82.132
264.92
72.16
214.63
66.079
19.223
27.751
85.569
198.156
244.169
125.367
117.828
417.237
176.274
68.946
152.93
67.674
71.255
259.074
266.835
182.828
127.484
208.88
64.335
228.752
44.697
192.589
28.861
500.706
136.24
52.838
131.719
30.458
43.947
325.718
330.72
122.211
61.9
130.192
46.045
137.305
143.619
387.114
831.063
95.218
238.718
236.126
222.653
280.624
9.528
238.441
94.341
189.209
204.807
160.725
64.388
36.252
142.638
86.54
229.012
93.719
230.724
218.384
223.935
22.425
214.548
109.733
46.593
147.58
305.528
240.363
158.066
165.378
24.442
24.555
140.492
22.908
36.868
199.932
245.4
110.343
275.434
45.048
182.303
918.533
163.421
54.295
429.292
224.036
48.108
147.884
46.554
88.243
76.956
90.674
106.13
45.01
260.179
135.818
224.441
253.684
26.412
114.798
290.661
106.729
130.292
71.902
126.25
47.129
51.056
123.701
235.158
82.555
100.639
90.611
182.862
274.965
100.471
380.507
308.066
147.925
132.816
113.03
216.659
101.411
78.849
65.776
64.014
82.493
242.189
149.215
103.541
27.793
194.921
119.814
36.431
208.135
43.154
20.856
51.511
58.609
113.082
305.119
127.94
53.619
228.277
117.079
146.399
100.458
138.626
360.46
36.132
33.549
38.651
218.293
137.27
25.141
186.342
111.938
14.583
42.577
143.245
95.941
283.23
97.622
147.592
116.341
38.064
122.717
166.78
78.43
62.034
88.992
80.928
128.669
65.721
117.24
131.739
99.026
224.285
89.534
33.528
90.145
38.648
47.722
82.692
109.756
64.796
210.291
232.419
118.208
111.186
247.65
30.291
152.538
280.936
45.388
129.675
232.987
374.049
64.611
36.571
39.78
245.766
257.928
211.761
306.204
131.604
208.041
81.769
173.329
241.443
103.639
162.391
276.881
33.88
220.312
114.956
233.292
99.713
41.921
111.142
196.364
248.637
138.894
130.911
72.148
100.396
29.228
107.019
123.597
226.723
99.054
118.478
132.631
181.804
120.774
221.769
50.06
128.886
94.317
84.347
121.582
403.877
251.562
46.312
163.62
71.88
140.145
24.67
171.156
35.141
45.135
49.564
209.243
142.932
122.867
35.923
128.063
41.574
23.102
79.899
123.376
99.462
71.132
50.688
351.838
90.333
67.778
132.239
284.612
86.098
118.567
47.704
112.408
86.085
216.125
73.277
122.868
113.761
49.76
70.458
105.683
175.726
231.825
266.369
166.6
222.574
88.042
250.767
107.495
130.094
170.883
104.956
114.087
91.128
227.562
157.672
108.197
116.287
134.505
209.529
193.64
153.571
204.691
70.359
46.217
37.355
242.379
64.88
35.665
127.8
107.208
49.29
46.416
81.455
107.048
57.975
102.151
82.619
50.699
155.689
103.551
127.326
39.345
164.776
115.113
52.566
113.241
58.366
70.304
169.273
108.835
56.328
379.945
88.031
61.511
133.78
206.899
103.029
150.823
285.198
72.635
102.747
138.178
52.673
298.588
91.777
130.889
36.077
199.964
185.438
92.207
206.049
76.842
87.852
26.594
55.376
92.058
83.412
442.206
103.461
118.78
42.91
118.971
94.19
87.097
14.082
194.642
210.971
45.297
293.278
169.727
164.551
211.665
116.207
356.564
138.63
218.27
85.388
152.983
394.7
86.14
101.847
58.272
38.801
66.324
35.586
238.436
40.596
338.622
177.472
115.429
103.973
137.738
173.598
129.449
83.559
146.486
60.219
91.527
28.396
162.778
168.329
164.375
173.795
236.979
84.678
89.514
316.212
47.134
61.145
15.836
167.935
14.567
91.839
301.499
84.271
156.904
386.448
42.544
81.204
126.086
71.632
104.077
230.887
225.241
208.236
15.171
24.331
741.351
49.17
278.684
86.332
52.321
31.654
31.244
81.537
72.781
130.911
219.294
192.34
278.164
128.464
221.597
50.726
134.201
50.034
128.805
31.216
30.691
136.404
146.034
129.582
47.208
304.329
74.586
72.894
100.009
43.349
193.519
299.359
83.454
147.771
123.722
147.989
209.364
83.583
137.018
131.995
220.291
270.072
62.595
59.487
64.945
88.171
57.516
255.519
35.653
368.395
44.781
51.901
125.935
449.665
84.352
68.74
55.807
214.871
74.329
45.837
194.496
52.615
110.688
35.698
13.483
16.412
64.398
59.711
86.114
170.999
66.006
181.357
89.249
321.97
90.268
134.712
294.633
574.969
233.31
51.287
130.301
64.478
141.414
39.81
88.268
185.523
96.707
138.337
309.2
87.513
173.827
209.454
144.505
40.695
30.975
243.057
55.671
135.41
447.695
362.772
210.866
114.776
185.727
71.605
40.349
80.48
119.546
61.877
549.408
107.389
77.343
76.828
84.376
62.467
61.188
83.836
104.212
175.976
79.391
65.04
96.901
75.101
107.041
87.583
66.754
174.22
60.536
232.051
60.319
36.687
78.446
71.794
0
189.662
140.4
62.16
101.738
235.067
31.467
217.917
62.711
180.939
16.469
78.277
170.694
87.144
24.987
173.931
70.642
76.459
32.674
170.442
37.092
108.704
275.289
140.07
23.156
73.105
196.203
181.527
74.164
58.732
19.77
116.045
31.725
138.362
62.355
301.702
60.755
88.92
98.1
68.697
107.918
178.991
50.571
55.426
162.943
386.358
108.002
210.834
91.891
179.467
111.798
60.949
85.63
189.56
79.865
141.688
35.586
129.095
185.85
51.89
212.718
115.197
207.699
56.712
154.57
144.686
60.235
156.708
61.082
69.067
139.285
117.228
39.605
342.623
106.899
169.06
41.969
358.229
138.531
102.84
97.568
51.161
401.793
66.801
30.221
81.413
113.013
388.335
74.309
154.52
52.4
182.772
101.219
166.587
329.485
88.055
42.163
83.553
45.02
88.865
88.299
181.755
106.592
233.312
283.259
24.612
52.231
116.401
175.504
49.302
235.382
108.728
67.035
86.369
159.966
59.006
37.847
180.612
20.606
65.463
62.974
381.252
50.611
50.611
87.312
140.812
40.188
78.939
13.808
60.903
132.502
153.214
82.162
90.177
69.524
298.388
132.614
128.908
164.922
120.506
74.835
143.363
60.133
187.822
3.536
249.855
92.89
98.912
93.088
113.348
74.901
32.218
92.753
37.77
37.77
17.961
35.637
50.163
17.26
25.844
56.704
159.796
58.612
252.034
101.028
111.068
100.065
75.202
348.219
135.039
27.486
250.346
47.419
38.865
129.552
31.124
50.839
49.022
63.47
47.78
482.746
151.166
269.922
269.922
32.554
266.008
237.881
189.97
80.009
68.327
167.364
34.242
85.819
110.16
112.145
45.338
92.002
122.498
409.247
319.04
574.996
117.4
44.108
208.1
64.259
244.961
137.848
142.099
457.713
72.663
87.821
40.167
163.368
75.761
90.999
211.996
215.71
94.063
136.386
123.628
101.993
13.116
114.106
157.906
58.548
174.983
208.674
123.514
146.054
195.421
44.098
70.656
186.196
377.444
108.406
30.507
306.369
12.178
416.64
155.968
153.635
214.475
64.309
191.231
50.367
76.791
55.217
96.438
21.182
234.708
217.158
33.267
76.565
86.04
73.182
157.966
102.09
57.251
111.254
171.343
96.012
178.183
112.36
112.447
193.008
161.814
9.045
587.265
42.72
154.774
82.25
96.263
36.413
150.803
176.515
131.47
109.488
95.293
84.057
104.805
391.04
384.757
40.069
30.97
71.179
217.614
117.391
24.094
54.071
162.644
33.533
25.52
158.189
48.564
128.22
79.213
324.327
440.473
80.352
27.643
69.425
99.45
136.364
57.12
130.635
544.467
151.694
70.827
61.201
65.691
98.33
290.286
95.37
40.723
31.162
49.442
180.983
120.813
211.469
200.932
122.49
177.724
104.111
100.553
113.67
49.434
56.994
119.89
49.302
235.658
252.617
16.198
273.958
57.681
59.765
269.304
437.717
107.21
156.262
63.991
137.593
132.867
68.838
85.313
145.181
173.402
271.115
82.035
123.337
36.052
103.092
180.799
356.696
430.507
136.944
811.556
66.663
97.24
108.459
137.167
70.946
319.945
102.374
95.297
59.248
96.592
17.952
118.987
35.902
67.719
97.477
364.49
156.157
476.498
61.158
105.982
46.087
15.622
30.389
179.318
94.935
31.369
52.371
49.461
413.807
228.049
197.295
229.265
56.559
92.409
85.937
48.815
78.103
115.538
155.568
85.412
204.669
60.347
43.128
123.321
121.889
41.398
456.638
74.636
339.531
46.23
381.99
108.501
86.899
195.54
141.302
248.255
128.826
51.484
26.204
95.455
190.401
72.075
59.389
307.442
107.503
208.387
107.838
120.018
99.869
69.027
62.014
43.028
22.601
320.163
111.509
212.646
262.197
24.852
100.502
43.146
82.868
96.328
59.047
309.169
131.767
82.445
107.636
86.194
495.182
147.76
58.48
51.823
31.882
91.599
205.847
243.486
178.79
296.22
210.45
73.954
62.798
158.289
124.301
178.055
210.565
184.515
140.03
150.396
114.408
77.561
61.683
140.592
21.484
62.752
198.574
202.997
104.641
275.195
127.947
210.621
126.535
153.698
285.34
68.274
98.232
110.646
227.05
610.161
40.941
128.217
59.004
87.777
95.485
45.46
19.869
252.995
41.636
82.584
98.108
42.898
34.547
231.076
111.64
71.651
70.241
91.046
123.008
155.888
27.13
217.27
70.169
43.174
25.69
55.637
92.335
199.721
37.712
24.633
75.05
130.029
115.29
199.545
39.711
37.639
22.167
106.035
88.382
49.916
141.033
58.699
154.014
257.635
71.402
74.778
64.863
110.31
42.636
255.328
52.638
256.718
122.822
133.893
68.944
68.348
112.764
218.12
34.9
277.991
69.146
129.662
74.775
107.462
83.9
191.489
77.259
92.233
179.236
52.212
166.502
46.426
80.902
126.36
199.484
199.851
65.037
331.76
77.043
120.961
249.707
263.649
56.372
99.049
133.678
121.225
24.035
27.374
294.66
191.662
110.437
40.508
96.62
225.275
410.154
112.195
182.095
334.649
83.983
116.24
48.407
161.816
115.664
174.243
42.12
143.251
195.999
16.395
88.949
72.422
53.14
226.895
45.453
115.721
145.152
154.901
116.86
247.038
187.334
148.694
58.679
295.443
154.543
162.987
72.069
365.787
87.297
211.081
363.623
65.074
85.866
203.107
186.481
221.659
899.318
81.663
72.139
137.994
55.673
71.425
330.721
193.991
85.483
132.891
21.265
61.756
63.188
143.001
287.914
54.031
90.751
154.025
262.991
100.405
116.868
61.007
104.522
213.145
39.547
121.426
123.286
95.773
30.521
162.634
208.587
266.563
116.858
83.353
195.819
127.086
513.801
40.347
96.748
114.845
40.64
66.593
73.597
118.377
83.496
97.788
272.703
46.625
84.783
286.379
147.395
77.143
236.505
191.043
113.013
112.795
91.781
18.877
225.881
429.687
243.567
103.392
66.189
225.132
152.925
54.644
64.54
33.484
188.769
104.913
189.962
38.651
149.004
100.941
128.358
92.507
99.02
188.925
45.468
65.796
439.431
65.036
100.452
131.989
104.473
91.485
470.237
197.888
72.26
184.882
56.12
60.708
134.711
188.456
220.908
146.866
84.306
128.733
82.752
90.263
73.137
127.863
120.257
107.055
29.144
75.776
176.172
94.609
518.301
167.667
54.374
76.038
24.652
38.813
81.266
39.876
109.32
336.78
71.802
406.911
130.588
130.406
77.486
108.579
167.664
134.877
29.598
336.191
89.725
95.291
109.94
148.579
114.949
32.583
85.627
123.577
39.43
41.897
49.351
121.968
101.566
61.848
371.099
99.562
59.665
88.596
223.098
72.954
130.99
450.01
74.831
90.902
68.169
152.374
202.334
14.189
80.704
113.913
271.232
304.276
278.697
69.246
276.545
514.491
54.678
141.516
108.969
169.262
68.062
84.64
58.106
126.705
228.779
56.067
112.767
188.271
92.542
170.366
42.136
123.441
46.796
113.752
86.377
60.025
56.712
272.559
333.72
247.506
102.93
83.253
120.782
167.946
123.915
15.7
171.79
164.742
333.743
127.114
182.165
172.55
51.549
54.053
131.876
114.131
246.211
311.928
111.832
117.557
56.46
135.855
177.314
51.136
268.617
88.522
82.142
62.785
380.695
46.774
71.141
293.429
81.052
79.484
17.186
84.19
74.765
107.6
98.773
166.274
198.692
14.186
113.348
108.276
25.83
89.079
41.207
103.517
271.376
91.277
65.646
80.223
116.071
135.596
77.156
91.746
219.029
92.464
239.728
52.447
122.327
276.332
139.938
59.727
141.278
322.328
61.162
46.873
57.688
82.25
332.296
119.867
87.945
75.162
254.845
113.634
135.344
110.631
291.848
505.213
50.968
93.794
241.236
202.99
197.493
81.258
35.781
162.005
143.303
183.909
189.385
125.337
62.238
70.365
86.276
77.769
43.356
67.085
289.76
29.882
81.343
223.607
122.722
12.433
80.362
151.731
83.347
57.37
73.942
32.284
151.241
76.223
165.24
164.398
87.173
87.173
93.088
59.412
124.634
83.445
82.329
90.329
173.7
56.623
89.84
85.907
105.14
62.009
30.726
129.431
73.024
36.598
109.052
98.679
261.417
604.37
177.412
62.591
37.345
118.675
220.065
44.119
71.988
105.987
157.712
110.573
73.626
173.514
42.571
38.013
114.476
220.207
65.441
33.435
53.436
17.808
42.164
240.151
96.164
66.328
43.596
43.421
189.897
168.114
64.205
135.942
67.663
71.745
273.291
194.796
451.621
61.884
62.846
274.974
77.917
19.827
85.129
77.594
323.801
129.709
45.384
27.415
33.848
297.215
122.743
90.183
50.497
609.876
182.588
40.138
93.586
180.453
173.382
92.873
216.505
129.538
42.299
173.282
37.421
43.165
79.25
86.469
141.302
163.968
49.81
574.834
289.361
218.342
81.158
51.919
142.601
145.328
96.788
17.888
56.605
49.509
123.593
157.081
98.64
97.1
214.014
35.745
85.383
37.282
168.26
346.847
52.443
46.472
109.514
143.611
273.166
71.928
125.23
244.391
43.271
40.133
75.489
152.304
32.593
37.764
63.294
112.556
135.657
643.004
25.408
128.496
148.148
130.708
88.029
149.963
655.742
117.14
117.918
201.603
333.973
94.84
122.358
105.985
251.433
103.17
73.909
99.387
217.979
60.075
35.974
44.15
308.287
198.218
256.788
32.794
103.123
285.75
10.148
68.945
100.555
241.599
107.115
82.92
216.732
142.501
521.087
59.48
17.843
127.071
168.273
75.943
48.678
134.386
89.926
35.202
71.56
115.795
63.853
208.532
183.026
108.884
170.584
207.747
185.057
41.642
260.906
135.377
137.649
72.866
84.559
183.885
89.711
149.215
28.331
52.115
74.758
155.316
67.586
43.557
158.264
100.127
43.247
166.418
621.374
59.538
156.371
132.895
41.424
43.645
54.609
22.489
93.961
215.918
38.611
106.371
74.175
82.693
71.553
129.802
45.955
98.315
39.823
58.776
66.597
75.657
275.963
114.327
91.613
221.602
209.547
292.477
82.115
158.664
9.946
205.656
119.841
78.555
74.497
145.059
28.897
111.313
66.827
224.568
52.029
61.8
66.446
31.813
71.306
99.527
123.794
181.127
113.577
151.58
129.826
164.66
192.762
555.64
195.042
18.258
152.454
146.042
118.593
126.476
17.191
227.002
109.662
109.466
225.826
143.787
115.226
221.28
22.052
83.141
190.367
68.328
98.649
130.185
44.473
95.501
31.797
80.611
121.421
45.34
52.775
40.664
98.192
243.206
215.088
100.504
57.494
293.49
53.73
176.006
49.076
192.811
172.882
140.34
61.915
101.738
102.009
83.923
182.687
107.086
61.364
57.514
353.621
120.846
207.266
54.883
13.93
111.396
70.446
99.731
51.805
107.1
226.695
139.794
103.14
81.351
88.218
192.955
281.259
254.077
153.828
111.138
134.145
274.439
29.602
136.296
137.144
384.473
290.421
49.835
176.491
122.481
109.206
86.726
35.198
41.464
222.381
143.783
143.783
141.755
114.482
30.449
170.494
120.894
181.477
93.397
34.92
83.514
201.838
63.494
93.951
136.921
101.768
100.037
91.213
66.568
198.457
28.853
78.294
133.03
283.836
381.1
150.49
141.96
95.183
99.677
131.376
219.765
57.763
79.732
146.376
167.113
29.055
205.585
67.344
44.835
112.517
202.566
89.871
173.151
143.16
120.627
94.221
21.526
56.993
719.901
144.707
42.777
192.227
239.092
330.559
114.968
53.192
178.929
128.401
229.914
120.417
172.185
40.137
183.198
19.37
91.526
86.433
80.941
115.015
79.741
31.3
107.905
91.292
290.62
32.019
88.52
101.217
96.42
19.174
56.546
353.144
25.091
61.446
41.049
167.467
196.86
376.074
117.773
134.05
925.086
116.215
69.219
126.512
245.982
171.844
337.27
103.765
159.696
97.927
95.275
27.776
204.024
181.553
185.578
242.388
134.545
53.41
218.627
53.082
163.978
344.45
67.235
176.62
92.51
201.63
41.617
34.494
231.615
55.288
196.261
346.487
91.204
123.734
143.5
357.811
43.35
114.949
80.483
175.894
142.831
150.04
23.378
41.825
18.424
110.002
200.569
219.546
127.352
89.989
169.88
174.183
19.004
70.419
111.652
68.944
36.85
143.36
163.011
51.515
380.811
76.224
206.668
284.138
83.217
48.396
90.153
220.901
153.773
48.868
57.496
142.658
66.041
43.735
225.74
31.408
142.01
167.118
41.408
71.953
23.072
41.259
75.004
197.955
245.539
107.864
13.735
114.584
82.654
49.281
227.075
39.521
321.21
128.297
70.76
104.426
169.985
62.732
91.447
46.3
200.94
63.418
33.74
126.956
207.033
89.699
37.973
88.815
88.815
95.494
85.864
134.722
62.74
139.131
335.57
55.366
42.163
17.587
289.274
0
117.943
79.435
290.781
40.203
97.488
132.497
349.533
647.986
74.927
21.509
135.767
462.762
171.5
119.512
54.285
79.722
94.821
106.798
93.155
89.236
65.681
42.955
166.045
56.343
260.461
191.199
118.339
118.79
61.511
116.804
146.007
524.288
28.123
140.669
201.505
315.84
39.408
30.877
295.463
165.889
157.719
88.533
164.485
34.118
246.269
104.678
593.588
67.778
214.305
253.89
107.072
69.601
60.566
124.54
54.24
41.283
48.751
203.553
22.067
40.503
64.397
111.729
137.758
151.904
48.916
63.606
25.641
101.148
52.532
184.454
116.195
50.932
73.08
239.83
62.431
122.828
26.038
304.067
100.748
87.277
66.106
221.374
402.96
24.851
48.076
117.518
156.854
102.28
96.765
86.14
57.056
176.936
207.04
118.681
155.517
222.898
345.778
97.642
120.736
735.825
122.67
91.27
102.74
108.483
62.194
842.225
113.807
81.988
183.076
240.684
339.579
37.185
202.506
147.786
355.228
172.965
169.156
443.434
212.966
72.734
262.201
129.132
104.28
87.398
181.238
110.541
207.4
76.528
200.288
76.591
428.38
125.144
107.17
223.996
7.164
74.375
302.349
130.864
106.443
113.058
42.704
48.518
85.539
384.194
286.402
195.93
94.407
227.79
402.019
333.851
270.514
684.806
199.164
195.349
197.267
22.692
212.739
74.154
43.671
119.909
96.247
97.868
123.05
123.05
184.701
49.309
141.745
100.661
64.021
55.317
69.602
235.985
121.425
78.815
106.277
32.052
188.89
224.828
96.187
46.515
76.621
83.654
297.374
144.006
76.456
72.593
138.94
123.665
302.141
121.865
107.682
47.739
51.742
206.527
96.622
125.403
25.189
89.888
228.661
60.577
319.373
78.771
167.362
122.749
158.088
43.398
137.459
279.433
119.725
477.665
189.411
156.814
229.568
66.807
114.493
18.797
177.457
185.8
164.825
39.028
117.083
39.333
83.529
112.787
14.505
266.235
66.686
184.121
106.921
21.315
31.684
122.64
186.196
57.649
53.63
137.88
210.869
143.311
43.482
43.482
50.244
44.64
115.921
396.16
25.609
36.293
120.484
299.942
244.627
164.314
31.788
217.234
22.285
120.655
124.493
225.426
68.139
121.237
54.785
196.163
207.043
101.845
41.062
152.703
55.736
56.019
293.623
246.372
128.007
124.556
36.286
128.653
370.855
195.457
86.955
280.104
42.803
213.937
217.974
80.243
30.45
54.511
15.086
45.212
37.903
43.32
98.541
140.773
69.746
227.467
295.344
98.594
165.699
68.294
37.152
32.66
154.996
136.798
90.884
178.341
94.612
24.194
83.109
111.542
337.928
84.825
65.935
56.703
80.429
89.455
164.677
105.472
56.412
51.838
36.89
93.669
169.232
259.705
64.159
347.251
36.99
150.872
109.117
126.796
30.605
416.462
181.841
492.765
21.622
30.045
158.676
166.922
128.217
96.166
96.166
72.092
183.383
239.562
136.821
92.127
296.691
19.288
19.288
20.283
316.951
55.553
89.382
79.282
238.526
149.438
84.697
27.56
57.322
28.373
31.915
150.059
239.208
41.452
126.828
103.864
448.871
145.303
189.769
11.501
142.296
205.783
135.856
55.793
66.01
98.127
81.967
133.466
55.002
108.444
157.056
74.391
21.736
43.663
180.901
68.903
255.67
27.646
101.346
22.134
287.012
107.441
220.307
115.062
436.311
129.985
109.785
382.445
189.499
74.506
255.783
38.783
81.694
52.39
35.245
476.684
159.461
140.155
123.273
131.217
158.815
29.094
147.314
24.016
139.54
141.478
246.094
210.455
66.78
68.212
60.026
70.183
138.12
27.645
238.253
238.253
198.044
59.655
55.098
162.152
191.981
312.441
42.276
49.425
41.098
136.61
296.25
189.144
423.714
203.28
231.969
513.162
23.228
69.178
62.312
39.221
100.446
158.104
17.326
60.064
26.25
97.124
39.107
211.003
175.521
116.463
218.995
202.803
46.473
176.352
160.589
216.479
123.654
191.655
327.851
35.269
176.052
243.853
135.506
262.898
195.762
176.218
64.249
82.987
28.586
21.851
214.21
76.765
20.869
43.565
222.574
580.078
226.181
43.193
96.949
175.572
64.428
102.226
52.367
165.557
133.963
177.689
205.538
17.159
124.615
332.944
95.001
77.468
33.656
233.701
63.808
106.417
51.008
44.741
119.421
338.293
271.304
103.882
66.813
130.262
283.873
124.671
252.3
85.361
159.674
96.23
238.863
50.342
166.469
277.88
219.832
76.587
74.337
237.43
205.416
63.21
206.832
219.718
581.717
40.273
187.018
298.089
270.278
67.639
54.998
159.488
22.851
86.84
80.747
166.608
96.245
185.42
134.434
50.279
59.162
174.937
266.279
71.768
29.343
148.794
98.57
141.469
65.95
47.911
251.731
41.995
101.675
25.623
53.168
36.216
122.459
66.683
163.554
72.855
188.467
99.969
25.998
213.15
215.291
227.925
53.992
32.686
102.254
167.363
61.658
148.911
33.267
530.827
315.426
143.076
396.16
249.091
109.759
76.773
28.455
42.771
131.859
271.974
45.825
30.007
63.374
67.872
163.672
89.213
62.255
189.862
49.46
275.866
195.664
109.604
148.35
84.838
179.201
43.103
162.016
154.248
189.908
189.908
167.463
66.947
183.087
118.407
64.285
107.629
66.035
228.752
169.616
111.896
127.712
59.836
81.469
59.419
96.001
170.092
151.746
214.777
83.632
151.4
49.519
210.081
45.899
169.139
217.177
120.528
64.136
97.756
29.505
28.736
105.871
54.876
97.414
148.589
263.475
123.698
119.484
349.688
173.148
754.04
164.002
38.116
89.317
34.406
281.258
147.018
143.64
77.145
66.466
52.297
28.557
157.123
109.616
99.711
34.562
112.279
205.308
78.828
75.242
39.935
53.547
128.4
56.023
72.905
132.134
130.492
161.941
136.956
104.281
36.266
208.964
78.26
248.58
305.863
78.083
41.094
79.475
91.268
71.977
132.383
35.468
281.34
52.424
167.093
195.871
86.544
212.981
138.078
84.269
171.166
105.853
120.724
266.144
93.247
153.204
54.659
229.414
14.816
73.464
89.284
103.942
33.657
202.184
145.506
137.052
70.792
74.989
32.184
179.12
337.647
132.089
256.466
51.977
300.248
30.193
297.09
104.203
242.999
327.719
139.102
199.349
192.28
23.467
232.545
164.569
110.434
52.251
147.787
90.694
168.465
120.164
86.84
175.185
177.49
319.986
47.143
153.365
89.564
366.54
88.257
75.796
62.953
39.197
108.338
188.977
69.841
59.665
60.991
261.981
86.73
245.733
54.054
301.047
103.456
565.236
137.621
177.546
296.393
68.66
92.755
51.712
85.786
52.517
153.169
174.019
98.759
78.994
50.116
154.908
82.373
397.376
206.92
90.945
505.941
59.471
202.124
212.725
47.282
69.4
80.812
161.255
172.99
45.453
92.555
19.203
322.411
107.375
64.039
159.879
230.148
52.427
39.163
63.673
68.248
204.897
150.874
191.493
91.542
42.024
136.605
109.441
76.196
62.27
172.411
107.471
75.466
140.815
307.121
140.067
96.973
80.408
98.177
50.874
50.874
50.439
636.652
55.921
89.37
115.125
285.979
123.692
41.224
68.003
74.825
115.906
315.194
126.632
189.949
118.188
64.273
108.328
150.802
28.751
27.262
198.338
46.228
82.064
48.19
305.365
89.85
114.987
16.221
261.674
102.584
193.508
77.207
42.315
112.202
177.703
137.121
68.285
60.685
71.205
218.051
33.259
54.234
54.439
67.511
78.908
28.799
154.368
296.571
123.835
53.194
143.351
36.739
103.98
77.547
478.298
120.677
118.283
114.003
42.315
172.369
299.99
54.865
176.783
188.156
129.137
120.113
289.374
79.933
248.751
150.49
61.778
36.201
179.18
218.582
53.17
104.499
129.166
22.673
266.532
60.825
67.483
252.607
149.771
70.755
44.028
106.377
125.737
75.143
48.68
73.222
50.865
160.47
31.17
75.874
58.215
290.385
226.728
623.018
217.036
96.247
166.466
153.277
26.769
56.577
243.842
104.515
179.782
690.782
282.889
312.672
50.134
82.87
67.008
117.006
215.124
114.111
45.728
193.36
73.259
333.703
167.327
129.802
141.441
196.941
68.268
185.992
63.259
281.649
113.31
206.913
139.875
59.94
39.825
84.19
114.065
67.011
63.861
50.895
234.094
155.561
165.839
700.545
155.502
79.63
206.459
203.394
18.995
169.731
149.894
223.271
105.373
107.244
249.462
55.463
184.236
134.401
103.886
95.701
95.207
126.36
54.76
117.711
174.888
126.413
60.069
32.557
175.444
79.246
257.413
22.557
120.92
104.901
161.316
88.299
64.857
53.851
25.339
59.765
194.604
46.522
40.079
171.055
101.406
51.306
63.14
43.165
169.399
100.137
212.031
171.529
186.086
84.414
259.488
344.279
96.135
80.275
55.79
39.303
346.881
82.416
226.938
88.459
298.438
74.598
55.757
273.065
93.724
151.58
215.814
134.14
55.495
176.793
38.61
181.506
45.01
476.817
128.494
132.604
12.529
222.368
252.967
168.371
57.019
73.717
160.223
159.674
82.062
52.45
244.163
262.666
106.446
144.456
123.936
275.595
32.619
57.771
134.401
57.404
166.956
20.481
209.772
44.944
78.52
59.752
49.167
147.833
185.597
70.171
117.087
70.845
86.57
166.878
87.794
159.758
210.072
67.922
60.797
106.473
30.507
118.836
98.994
31.832
119.55
60.386
82.715
202.598
88.597
102.814
142.1
197.357
22.74
162.317
240.569
52.774
72.911
504.428
181.876
135.497
53.835
335.068
59.415
44.276
344.113
510.315
185.749
185.749
602.032
126.818
80.501
96.735
25.134
84.839
46.778
241.649
33.951
106.732
76.143
145.4
418.723
111.22
174.76
214.496
254.07
41.761
153.188
84.284
125.573
225.579
40.292
49.076
73.024
118.004
57.7
165.535
421.165
150.103
108.315
151.583
32.878
122.124
143.014
216.846
97.534
115.978
313.253
253.793
306.778
306.778
35.717
396.34
24.377
59.268
79.086
130.918
27.171
149.897
317.806
21.903
85.957
35.923
62.685
181.75
52.864
131.764
175.305
73.079
185.249
160.954
34.968
118.311
106.395
144.154
32.658
207.398
106.569
52.19
42.445
152.961
87.547
87.547
60.89
41.941
63.092
113.753
96.026
77.284
168.924
116.586
158.958
173.657
237.621
85.85
78.791
84.082
164.423
387.362
42.975
127.46
178.054
99.879
315.807
41.799
34.437
28.239
74.604
412.785
378.754
103.461
211.24
106.899
51.977
400.252
294.305
135.173
91.73
348.991
72.303
151.985
93.031
90.293
159.093
39.548
21.875
111.035
71.819
115.204
113.729
125.336
31.655
30.303
288.289
105.695
60.994
114.623
39.872
39.872
70.365
16.837
76.9
99.945
133.695
221.924
222.995
64.813
72.081
112.825
121.558
36.868
103.192
122.658
205.336
168.122
87.959
286.359
57.671
221.495
141.723
249.358
273.152
31.602
127.398
108.016
55.672
242.379
71.103
26.967
175.291
111.274
53.195
78.474
99.946
82.284
33.87
993.203
109.92
32.852
167.352
31.302
171.725
177.424
40.961
32.411
238.615
164.829
67.292
260.533
339.81
111.104
104.277
39.25
185.971
223.808
87.634
37.426
94.295
96.468
145.846
98.502
115.511
58.217
77.12
237.28
65.331
163.856
54.761
281.126
27.127
65.724
78.864
84.322
177.906
89.282
147.411
87.918
22.635
97.822
51.811
100.209
18.164
12.605
211.658
81.998
46.151
271.259
83.804
220.273
738.613
83.77
38.328
72.477
369.726
146.239
9.045
27.47
58.391
62.021
134.404
54.132
74.014
76.816
139.429
157.179
52.364
277.685
65.833
160.369
41.093
127.706
9.287
235.763
48.68
137.588
31.016
152.998
24.008
101.074
69.199
49.59
183.303
88.304
104.275
74.662
136.788
78.898
255.357
117.912
52.373
206.754
114.254
320.163
83.029
77.426
53.387
79.721
57.771
304.028
230.451
110.041
201.929
61.237
80.187
187.045
166.46
620.681
306.008
109.844
46.77
218.317
219.76
281.219
321.329
237.512
162.067
44.844
76.426
175.253
302.403
95.726
130.85
90.446
121.787
183.621
435.532
230.061
125.672
132.723
77.469
126.496
23.697
49.815
56.451
219.311
396.278
137.334
83.106
298.813
166.01
138.968
179.095
276.526
495.526
23.19
127.886
135.184
71.343
49.645
202.9
116.728
324.458
95.145
315.327
39.101
210.027
24.911
15.618
123.975
49.069
49.069
39.531
342.965
24.19
209.523
173.402
77.491
97.623
78.26
130.617
72.312
121.3
33.271
138.247
121.346
155.413
101.012
27.92
188.741
87.956
82.831
264.899
46.29
68.061
155.316
49.413
146.643
154.888
60.997
126.686
518.326
45.231
69.607
82.815
53.242
44.932
40.656
181.235
158.119
115.187
103.895
79.768
49
291.088
205.782
134.287
263.054
401.865
122.1
168.754
69.033
68.257
77.993
68.596
130.139
99.073
240.523
72.791
29.398
41.285
449.089
70.773
40.447
239.945
17.813
81.957
367.127
160.414
71.825
571.491
249.493
37.393
79.282
145.298
54.974
191.342
279.864
792.865
81.663
203.449
70.499
134.343
296.873
232.807
70.015
267.218
34.582
51.178
220.632
295.02
111.595
97.185
577.366
82.549
140.114
67.674
346.783
114.638
329.893
110.036
101.845
84.453
172.547
17.635
241.266
77.792
152.813
207.307
350.398
34.32
125.362
43.526
61.204
49.419
92.837
65.227
44.126
58.22
892.398
205.819
43.078
38.326
226.821
252.816
107.743
133.18
195.476
127.312
183.892
99.916
203.009
67.54
136.749
32.852
29.609
68.364
40.768
19.025
95.651
107.708
48.795
155.054
59.614
42.075
42.107
50.194
37.778
130.523
83.246
282.857
98.245
116.526
38.771
56.769
19.093
112.574
219.483
116.109
96.716
163.416
44.886
233.131
308.79
23.331
316.813
118.186
39.164
140.127
52.546
121.065
363.975
73.793
75.198
103.648
220.685
135.865
195.181
12.539
31.7
102.466
54.7
91.063
45.447
21.899
37.895
271.561
126.89
165.959
270.095
25.588
50.102
27.833
131.746
121.784
136.097
138.415
41.845
86.256
27.032
341.267
118.71
146.893
89.932
124.77
119.109
82.58
176.856
45.23
48.629
45.359
96.531
42.807
85.863
95.506
207.528
271.734
173.782
188.641
76.438
23.279
154.903
133.223
99.178
100.448
50.69
109.268
104.877
130.186
90.334
74.956
188.805
233.178
163.634
136.043
106.17
139.833
58.078
178.864
123.348
70.579
105.59
195.853
183.885
148.639
228.623
193.091
171.202
121.043
251.506
272.631
20.856
42.716
87.987
7.315
97.598
118.032
33.618
54.044
31.836
153.457
204.978
137.934
77.16
376.75
32.642
114.073
126.232
208.153
96.001
75.397
724.478
63.133
56.429
542.184
147.016
53.358
26.087
282.324
69.277
201.697
136.952
244.996
26.717
228.065
67.136
49.934
45.887
56.07
311.502
224.202
175.968
149.71
171.009
271.757
65.896
45.911
67.169
155.257
125.115
74.876
294.617
192.251
125.843
35.834
189.759
12.745
229.154
116.141
56.115
76.362
30.708
154.003
185.255
175.967
67.877
63.933
237.86
86.428
60.249
23.917
22.135
46.45
216.757
63.271
100.23
25.059
171.479
363.613
58.965
26.837
38.05
223.377
116.263
62.846
57.056
160.543
73.462
202.699
91.084
183.508
127.397
77.71
125.428
154.744
223.932
20.856
115.167
34.557
32.152
155.377
124.052
249.584
134.391
90.99
24.124
199.465
84.077
18.579
395.156
272.756
245.602
116.925
51.314
136.726
83.32
128.935
134.801
176.221
119.656
130.909
103.418
242.776
117.445
206.322
109.97
24.837
31.872
100.403
41.244
41.244
32.992
38.504
219.656
251.698
250.922
295.188
48.816
152.959
99.876
101.833
76.297
93.641
368.684
143.058
223.99
112.369
264.44
195.5
256.103
143.404
214.161
45.338
100.962
23.575
90.001
76.822
167.97
85.584
163.025
76.035
144.938
146.136
11.98
168.069
75.268
74.287
82.013
84.279
180.406
261.321
237.196
18.735
834.162
57.628
87.985
83.763
112.019
189.131
124.671
80.526
281.954
121.51
132.685
131.38
222.389
98.115
232.897
126.029
297.815
44.691
39.994
124.135
72.22
48.554
120.394
71.237
418.933
210.291
50.794
44.168
106.546
130.809
107.061
52.528
293.07
50.74
112.244
87.41
70.113
51.785
195.724
81.559
205.105
107.682
88.112
59.133
114.289
284.923
501.543
184.077
164.617
305.854
24.291
50.482
142.11
60.913
66.077
74.245
24.963
70.463
42.26
252.246
77.164
143.432
144.89
82.197
218.916
98.698
59.337
115.729
70.181
329.311
24.393
81.99
86.196
52.111
64.271
205.192
45.85
23.716
120.509
49.489
23.353
55.635
129.768
124.537
225.351
318.128
35.729
150.792
176.394
820.597
223.016
124.212
40.821
311.523
90.588
51.161
193.621
52.517
97.199
267.299
50.488
114.997
134.488
124.52
130.805
145.187
161.941
101.664
79.081
114.047
51.74
64.977
59.872
567.967
126.648
353.655
85.454
280.346
588.277
110.848
59.781
167.593
29.81
407.329
186.677
285.34
209.484
389.2
49.766
68.319
52.421
260.004
22.169
278.192
76.84
136.86
74.043
227.755
207.778
489.033
369.351
75.77
209.043
72.2
66.754
27.684
103.833
261.31
39.587
173.931
112.126
65.559
157.25
125.023
56.061
98.715
154.369
37.482
98.281
167.382
56.809
84.253
55.938
161.779
119.873
224.725
58.951
109.187
82.362
73.901
366.557
159.183
138.55
134.621
79.921
45.444
201.035
245.246
68.744
335.729
11.026
99.191
47.607
118.331
124.565
27.676
109.114
76.292
78.497
20.132
180.265
342.648
320.849
419.581
144.913
61.063
150.651
147.295
246.571
132.376
45.396
94.209
156.371
99.542
146.024
90.938
117.763
224.781
221.807
300.011
380.581
147.453
76.598
58.926
50.093
50.173
43.976
190.047
48.27
53.79
89.395
104.148
134.318
268.617
72.958
56.639
173.477
421.724
188.975
132.167
71.707
114.926
134.001
247.394
148.675
285.934
195.875
73.834
220.751
79.064
51.027
30.042
122.611
113.67
58.682
211.996
226.66
153.458
181.665
180.107
67.011
73.239
271.996
115.382
175.967
194.901
50.873
93.45
64.001
127.696
262.92
177.252
87.178
82.897
53.333
59.218
431.54
55.487
99.975
183.383
25.264
27.23
300.711
66.424
302.179
255.172
234.464
268.176
19.698
93.208
141.064
296.292
74.588
121.988
218.999
257.981
153.849
118.681
177.893
235.794
110.49
39.655
303.927
103.791
255.279
153.972
288.305
36.854
76.808
149.087
287.205
137.905
53.839
157.931
409.727
113.492
28.097
28.097
18.058
33.112
34.621
170.068
131.181
31.996
84.774
63.021
181.583
68.494
32.368
105.399
495.628
222.067
46.84
118.964
150.361
167.965
97.106
68.11
301.337
141.864
188.205
294.981
46.622
112.238
110.849
165.956
7.67
188.56
265.93
157.875
333.575
123.743
28.398
120.055
241.046
171.158
192.663
61.574
44.877
67.169
77.344
105.231
307.429
220.385
60.981
99.901
114.808
172.31
95.985
206.83
235.943
127.284
25.749
149.661
577.339
76.348
80.175
26.323
89.098
36.957
99.303
119.65
52.066
93.149
193.302
84.432
91.889
238.148
178.722
268.901
488.593
498.552
79.475
28.205
298.193
423.67
150.443
116.153
99.934
148.263
74.004
42.971
25.545
94.357
104.547
43.475
44.738
42.669
445.854
113.072
347.72
92.756
40.579
93.243
90.75
241.536
93.775
37.255
40.816
62.789
220.153
191.999
129.588
41.717
108.651
32.305
450.844
74.598
269.118
45.256
55.23
89.789
54.159
99.848
20.856
51.862
26.172
196.438
92.773
238.542
301.562
11.915
45.179
603.825
37.04
197.548
120.289
314.885
127.615
228.182
26.031
83.61
146.12
137.157
15.976
100.337
77.436
335.383
84.587
43.092
72.497
54.692
26.706
205.586
192.944
65.507
88.408
205.091
221.903
118.326
298.839
290.167
79.16
34.095
138.524
54.492
86.513
220.501
83.83
329.764
33.634
126.379
96.643
96.643
62.13
78.24
115.407
126.384
302.338
222.589
118.038
133.016
106.999
238.647
45.696
74.876
703.714
144.259
95.706
44.986
119.277
240.506
889.582
131.232
33.638
86.184
303.561
49.584
170.455
59.011
379.221
107.103
368.77
182.916
69.495
231.259
99.806
163.348
233.884
108.233
198.434
171.274
72.647
95.73
111.244
69.808
45.795
68.505
144.456
142.752
124.853
126.652
242.796
101.294
47.425
34.125
800.128
206.226
128.999
84.922
126.101
149.209
375.12
128.386
119.356
108.253
330.409
33.629
27.093
30.992
38.245
66.645
46.557
97.242
72.408
245.286
49.931
245.81
79.197
77.782
298.76
334.317
104.771
149.261
75.247
25.426
64.992
111.299
57.122
48.667
197.437
61.019
453.512
41.721
53.564
141.489
152.652
93.209
169.342
22.768
41.002
175.114
52.754
48.598
53.155
147.016
74.009
150.366
90.389
140.233
129.709
134.13
140.267
71.186
28.53
185.741
27.451
134.419
178.498
190.208
200.707
90.863
132.791
53.712
414.145
216.321
113.022
59.75
233.65
94.502
402.624
85.521
277.384
543.912
184.222
317.595
121.928
266.234
501.895
185.069
116.067
221.525
89.919
249.976
141.643
137.111
169.936
108.235
159.946
58.18
49.252
144.869
86.441
116.283
397.241
106.377
229.423
314.276
343.479
62.037
80.344
50.856
73.943
155.906
7.315
80.548
63.448
24.555
144.741
139.761
37.632
176.393
83.482
42.387
21.387
36.305
127.915
770.907
77.834
78.034
248.778
48.526
231.677
248.747
130.73
214.656
819.82
97.008
48.504
241.863
16.112
58.821
48.124
86.126
64.766
346.24
167.689
159.829
123.031
173.934
139.765
40.834
80.178
240.185
18.654
108.791
73.621
59.743
22.271
231.83
44.662
89.712
95.31
136.73
114.013
193.437
143.361
104.799
66.157
72.733
142.184
94.482
124.207
66.306
39.427
236.499
386.867
264.663
82.312
153.848
74.032
61.722
662.693
77.966
76.403
145.558
92.659
89.568
42.861
156.41
80.486
227.037
51.423
27.326
521.281
39.336
211.801
139.844
223.226
40.021
175.317
67.197
138.21
102.84
59.402
172.67
85.146
66.364
113.591
73.527
148.974
50.547
39.684
100.699
92.375
77.058
141.144
217.401
185.29
268.449
23.709
170.649
91.027
149.084
260.555
44.809
328.821
219.18
231.757
144.882
44.852
89.597
113.356
374.925
131.767
24.087
182.062
328.996
54.197
134.635
116.523
136.62
35.542
231.669
42.151
80.406
284.278
389.539
46.031
162.135
179.471
93.247
307.442
12.157
232.059
67.785
63.949
47.405
68.875
83.37
70.648
111.722
114.64
156.309
284.332
12.645
177.456
191.861
289.781
280.269
317.902
138.2
107.688
26.296
178.389
36.071
130.99
53.575
168.395
30.568
43.085
206.91
68.935
48.746
57.077
45.425
68.133
74.505
123.184
118.613
314.769
110.96
251.449
254.302
618.313
217.151
104.272
193.342
228.311
82.932
181.834
29.345
65.507
109.295
138.6
84.461
135.211
97.148
284.558
149.892
113.561
58.468
45.369
63.153
50.369
169.954
200.897
110.148
56.678
53.64
283.814
42.575
50.552
405.867
337.848
41.759
180.496
68.182
181.644
150.481
139.246
225.654
215.508
240.846
244.084
96.637
84.501
57.647
73.615
165.608
220.091
104.119
164.098
268.24
189.303
317.974
187.384
459.574
210.132
64.669
151.847
183.205
56.978
64.706
104.059
172.058
103.886
93.237
187.248
328.984
97.436
92.029
375.584
67.18
101.01
56.655
120.248
73.326
53.615
38.833
108.399
590.103
23.649
208.135
168.313
133.571
48.046
38.002
115.053
148.846
74.731
40.325
37.555
120.309
89.378
75.486
46.065
140.519
197.14
86.691
64.189
59.872
260.756
129.543
135.628
31.96
91.994
83.554
32.342
145.777
116.129
69.887
110.525
144.984
66.679
188.039
91.665
87.446
43.307
97.022
37.986
52.848
279.244
182.291
33.236
96.404
73.66
97.494
46.657
210.12
63.667
179.603
82.932
26.011
135.052
158.458
15.497
181.884
101.85
107.312
75.331
126.79
150.005
51.168
102.398
122.55
40.894
135.753
41.207
146.577
150.119
272.985
52.417
122.738
157.857
40.787
178.53
35.121
93.343
130.636
319.945
73.39
233.3
51.785
233.73
37.384
176.246
107.679
81.198
57.829
211.235
88.308
124.944
136.233
240.926
83.574
286.21
21.901
125.03
75.035
121.763
120.873
169.515
132.157
318.051
253.059
314.657
205.886
24.647
57.324
110.688
109.146
56.185
54.956
73.938
26.802
203.18
102.386
73.465
69.363
33.455
180.292
40.983
237.006
274.161
76.865
172.185
101.445
241.404
87.843
172.378
125.851
63.514
90.633
135.653
199.536
150.729
78.425
161.379
104.78
343.14
57.173
64.235
31.931
41.116
89.843
230.614
200.003
296.863
417.636
323.447
274.416
170.775
73.287
251.562
32.009
114.443
81.902
121.806
152.727
146.419
143.709
229.981
172.615
50.793
146.083
170.066
155.637
212.946
184.885
306.644
77.974
140.064
201.783
114.86
133.432
95.374
93.034
238.386
63.307
72.224
71.256
61.628
67.978
70.385
170.323
237.032
233.667
106.948
90.766
150.121
253.19
34.705
89.858
323.143
92.582
66.329
45.887
46.836
289.438
261.138
93.852
298.576
171.194
87.828
22.705
98.99
138.387
100.016
251.42
126.83
137.533
52.168
85.851
93.036
257.617
56.802
96.86
170.442
172.436
78.063
19.687
85.503
47.219
93.813
175.305
976.791
209.606
291.562
289.675
20.568
78.838
306.281
139.049
79.239
106.903
74.941
122.654
128.792
215.669
203.413
39.201
111.523
105.534
185.031
306.052
171.261
256.269
119.262
61.63
49.827
100.43
60.891
63.063
80.136
94.852
97.108
47.266
118.71
269.988
159.052
79.421
103.09
153.018
306.409
95.88
104.689
168.246
269.777
106.718
166.931
206.29
109.296
109.663
215.154
94.156
101.724
50.132
150.55
89.103
321.328
48.142
74.689
232.142
79.733
17.647
58.155
126.746
132.228
367.219
273.921
100.187
261.862
46.95
112.16
52.909
130.614
130.614
45.183
48.506
148.976
46.772
103.219
33.225
444.262
75.015
217.668
91.977
114.357
34.665
143.286
241.026
111.354
431.817
403.815
61.595
93.342
204.122
545.782
69.465
96.662
65.004
137.437
107.812
69.372
51.533
106.787
268.982
205.575
423.903
92.862
17.473
94.77
122.784
336.655
38.076
82.636
167.323
107.165
120.187
140.742
138.172
97.313
188.848
179.221
52.16
33.881
68.228
50.928
122.135
82.632
72.705
217.984
152.799
209.864
164.048
72.726
305.223
109.782
138.258
61.617
237.742
115.198
157.19
268.456
153.826
92.339
160.525
57.384
78.595
32.382
75.185
69.228
42.451
197.907
176.621
90.251
29.439
304.972
113.353
101.441
12.996
37.558
159.811
107.375
39.512
18.706
83.677
83.677
196.944
86.884
91.7
122.381
152.652
162.756
408.877
77.072
87.749
96.154
62.335
40.69
63.151
43.898
34.127
53.353
95.077
152.692
131.573
115.518
63.547
29.479
148.196
21.803
124.124
201.595
97.264
152.775
163.599
133.231
283.037
80.718
214.006
515.379
115.698
266.556
42.439
140.577
191.4
33.212
66.189
248.834
67.04
83.013
45.439
116.37
116.37
132.462
105.097
137.687
76.01
191.617
49.209
48.681
135.041
90.053
70.822
194.073
54.683
303.475
46.657
230.17
299.018
336.865
53.073
175.815
89.345
101.339
208.952
80.934
118.819
152.708
82.237
235.47
136.11
58.844
123.801
49.097
41.456
339.661
70.382
247.737
288.947
58.062
258.874
239.893
118.412
361.576
127.264
165.859
148.714
97.385
269.174
48.622
109.48
150.765
81.566
226.624
105.164
48.335
289.379
66.933
68.938
81.274
79.108
558.044
228.526
34.87
113.355
76.671
72.886
331.932
96.814
49.688
68.137
65.19
113.534
14.781
209.893
349.939
232.88
159.967
360.28
287.994
171.474
69.789
69.047
39.512
450.782
506.095
188.626
275.076
87.431
92.992
30.018
109.465
267.5
21.602
95.745
96.305
278.917
101.894
23.618
161.982
67.026
113.486
25.219
172.19
234.732
234.732
302.72
27.067
119.77
163.044
183.355
163.268
57.556
140.025
138.923
217.994
96.468
462.763
336.014
376.143
371.161
70.914
63.153
136.511
46.193
81.058
46.801
247.336
161.527
168.72
149.664
91.783
273.721
184.028
120.466
66.548
78.894
97.627
67.585
50.599
27.976
96.269
106.188
36.668
60.597
418.042
200.14
72.641
206.594
272.895
303.478
117.572
58.633
303.326
41.242
168.239
125.814
26.733
436.555
120.117
68.103
52.05
194.785
94.38
6.948
69.792
100.483
121.518
181.733
192.896
83.393
140.312
100.89
129.953
127.128
487.477
131.91
182.523
81.227
113.036
118.136
190.904
158.99
63.53
50.153
80.856
589.471
99.478
291.253
89.19
117.883
144.655
17.335
145.827
131.124
136.115
160.313
290.454
239.876
62.432
139.362
200.137
149.688
102.352
104.656
12.357
69.812
90.096
182.342
184.937
173.572
148.779
158.842
128.885
164.97
31.989
172.929
73.993
65.955
126.7
183.199
96.518
426.809
42.163
94.267
111.523
277.373
42.483
91.546
48.216
230.954
22.367
79.272
81.728
337.673
82.815
176.929
212.512
255.71
35.507
39.557
57.791
200.376
60.995
137.299
131.083
66.708
192.722
93.958
273.691
81.594
41.696
36.726
297.386
50.4
207.949
36.389
124.748
112.896
119.4
101.372
243.122
158.043
157.238
26.782
60.212
114.716
232.021
72.135
192.592
35.995
138.816
33.653
143.396
111.542
217.201
217.201
191.266
157.587
211.583
60.249
83.559
104.963
84.238
171.61
138.628
82.217
218.218
95.3
82.664
139.614
45.679
40.121
135.807
180.27
81.496
440.785
49.174
75.692
235.658
45.284
73.741
99.351
293.595
168.519
180.024
163.634
128.741
212.113
175.146
140.363
122.104
43.922
187.295
129.131
88.161
95.91
155.576
15.52
161.955
766.504
73.798
100.74
204.293
87.561
236.707
279.158
81.788
85.458
30.853
71.563
70.171
48.076
265.345
41.832
91.043
74.979
91.486
218.671
61.669
78.684
115.753
123.171
231.528
187.825
47.202
52.415
131.091
173.606
71.221
153.036
123.05
309.153
96.952
125.446
249.851
370.35
281.143
174.781
38.895
109.856
128.1
157.865
42.968
91.957
299.039
85.59
247.908
171.146
266.424
58.909
79.783
270.909
64.911
196.817
397.206
141.846
63.53
96.148
94.651
114.575
107.198
46.682
148.623
110.123
106.824
149.91
151.395
191.385
155.616
68.196
73.041
120.335
197.932
25.655
41.215
275.864
119.027
166.389
206.804
304.756
92.082
24.267
266.174
98.09
204.003
71.684
167.259
22.293
429.214
98.127
124.5
200.755
64.684
52.39
36.711
80.55
30.844
44.709
90.641
58.098
82.571
199.513
198.937
80.142
70.672
90.435
47.567
46.752
29.703
115.383
60.337
14.151
116.507
98.392
50.573
154.929
159.725
80.154
204.953
39.076
171.603
175.394
128.223
85.499
146.882
84.033
77.926
53.339
97.895
155.267
32.282
69.601
131.507
124.871
135.772
37.847
279.501
148.171
100.247
49.103
162.832
39.662
503.734
36.106
96.425
50.941
68.623
129.578
136.715
130.793
159.445
58.524
153.157
51.784
285.585
115.924
161.752
163.273
148.569
66.336
95.693
265.266
95.703
201.034
246.253
160.055
54.211
305.212
98.946
87.183
87.183
65.691
217.497
270.966
78.577
173.032
51.109
170.335
233.621
405.219
41.389
47.381
138.415
86.298
121.724
161.794
130.132
66.108
26.268
46.504
56.032
323.561
208.291
162.842
83.118
270.565
89.944
371.469
243.96
227.936
36.424
57.412
131.259
147.214
93.941
131.967
44.958
205.195
148.296
114.518
57.811
162.622
105.77
206.246
69.792
69.792
81.224
34.152
198.249
43.47
173.465
351.466
134.859
23.647
157.244
118.49
48.95
56.085
124.938
251.035
86.565
85.677
71.14
91.337
114.655
74.284
129.986
103.437
148.347
158.765
134.532
36.933
68.931
106.265
115.373
74.073
188.758
53.842
17.457
26.474
593.89
82.784
238.791
130.139
78.368
102.544
234.966
100.04
158.66
131.806
145.855
179.647
105.169
72.291
70.095
127.119
49.666
89.168
275.864
30.952
39.009
113.88
149.897
60.221
30.253
50.759
260.835
101.209
57.404
298.231
167.959
114.064
65.778
132.575
62.45
104.016
69.398
225.406
90.987
116.861
102.515
44.634
93.677
65.536
180.555
54.871
273.391
260.083
78.995
350.773
112.717
209.286
88.594
139.766
197.652
239.169
258.744
132.367
74.605
364.628
37.977
127.023
287.971
142.323
216.096
94.167
102.305
48.054
231.752
100.294
116.217
722.614
292.264
67.826
39.012
58.802
722.399
112.425
140.39
61.033
135.251
51.632
68.678
474.134
140.792
48.127
64.499
275.471
103.915
90.911
100.724
128.365
195.852
72.501
139.552
90.979
112.801
173.802
93.506
82.173
51.148
53.014
48.172
39.426
217.414
54.621
45.462
47.728
45.87
116.971
37.155
286.217
115.013
80.546
215.027
24.766
46.373
64.508
34.432
28.135
106.338
363.501
272.615
276.392
111.108
63.986
72.213
74.272
55.806
190.357
46.795
116.172
146.295
22.014
135.975
135.564
11.801
77.772
135.221
184.758
105.164
43.273
331.407
45.682
290.003
262.663
263.031
55.063
345.617
185.437
110.088
264.419
108.546
91.755
53.326
141.293
99.289
48.771
38.906
182.663
93.732
92.514
205.333
147.005
112.027
161.989
339.508
58.27
30.69
89.31
199.845
104.966
185.192
92.317
192.06
29.097
112.244
251.149
455.458
47.652
90.021
17.842
57.345
51.177
76.666
125.915
124.414
163.699
249.329
83.811
221.987
124.83
42.733
669.43
100.97
327.12
82.615
48.108
246.978
25.436
49.498
97.244
40.045
149.574
70.544
119.056
177.028
128.681
70.063
276.201
86.661
265.917
269.265
278.318
711.244
106.341
114.123
94.864
150.343
122.384
29.881
175.539
64.367
112.488
59.308
84.336
98.346
137.343
58.324
168.366
193.698
448.148
134.811
41.808
136.058
114.349
133.823
162.46
76.071
227.381
58.276
31.886
640.694
70.663
183.272
113.955
206.468
148.719
42.19
117.6
97.038
90.006
36.113
142.211
384.766
270.393
137.404
217.467
141.59
119.769
195.899
24.843
41.134
268.618
131.135
84.434
69.482
136.724
63.343
85.45
63.346
116.507
96.189
159.881
246.214
87.944
114.808
99.979
82.427
25.701
69.246
134.57
169.501
206.91
349.908
134.29
137.624
38.454
257.104
190.64
580.269
203.152
310.987
69.109
76.516
123.583
102.368
33.743
186.675
132.7
109.309
136.78
33.611
102.998
44.498
68.65
42.365
284.904
60.33
66.534
208.848
161.88
169.045
31.19
33.404
36.255
245.75
325.538
83.748
78.147
32.11
219.765
124.865
72.882
32.393
140.93
180.845
46.59
106.843
156.798
140.61
139.712
74.268
284.677
210.249
44.872
17.099
100.571
266.334
127.714
82.818
140.621
281.881
192.754
146.934
149.665
285.245
125.754
33.208
118.306
372.592
111.381
240.819
26.572
208.663
58.517
88.906
183.019
320.28
14.942
92.797
58.417
237.672
268.497
26.252
133.759
37.425
220.497
139.823
146.519
142.662
60.583
54.147
179.437
28.565
160.446
47.751
80.798
77.833
230.654
68.021
28.437
106.897
93.233
85.937
123.917
130.653
258.454
66.056
101.576
69.543
61.282
91.546
235.253
228.244
127.839
38.784
101.017
181.235
35.006
243.621
208.428
63.48
142.404
168.526
24.484
288.25
70.833
67.78
229.369
43.011
293.398
129.902
17.086
80.857
269.038
16.455
42.526
196.285
212.486
21.249
48.73
76.741
43.474
118.467
147.408
56.294
275.556
373.104
117.885
161.168
63.092
181.663
126.75
773.278
68.724
30.934
260.629
143.647
17.02
167.141
46.451
72.058
92.262
203.575
109.302
408.785
81.021
101.847
256.138
129.043
241.527
133.618
180.183
131.456
127.515
49.047
115.88
168.714
89.431
39.518
82.512
194.86
62.346
239.359
57.829
149.139
125.995
278.014
143.766
150.22
150.435
37.322
19.472
34.947
114.463
64.721
60.703
63.157
148.184
270.642
104.135
21.499
59.435
72.001
35.926
126.512
332.568
208.372
144.719
65.273
11.777
69.592
178.498
140.447
143.364
120.066
185.343
129.971
221.267
196.845
165.603
51.934
37.239
82.882
229.361
67.4
48.339
156.161
20.16
181.144
99.885
118.455
329.59
85.52
96.909
45.201
107.342
116.312
171.5
80.468
180.859
32.774
223.87
111.11
56.955
90.298
278.204
372.961
46.481
151.223
157.607
157.607
53.312
81.258
83.32
86.848
142.638
214.797
69.364
48.644
126.867
213.534
312.239
23.331
160.742
130.457
38.917
36.776
227.012
112.033
236.238
75.297
169.05
170.249
104.746
113.462
162.236
120.705
74.608
184.263
112.449
145.846
204.71
357.175
140.907
227.743
133.585
203.077
73.328
73.328
21.059
64.313
61.921
100.712
36.185
180.041
100.749
131.124
89.129
201.471
197.007
120.447
193.513
148.295
111.773
37.002
132.9
114.392
151.468
63.588
110.07
89.181
141.987
65.899
187.703
69.487
77.383
28.847
182.756
59.704
108.199
288.77
61.414
85.516
18.379
69.451
275.209
182.181
198.172
199.901
68.415
196.639
63.612
509.762
105.902
142.638
190.136
124.509
302.711
31.12
131.417
249.03
187.857
293.406
98.916
99.885
199.005
122.36
44.862
61.336
90.842
364.862
49.765
219.666
28.917
267.049
52.335
77.573
77.07
70.079
65.064
25.223
50.189
18.731
324.77
162.615
23.827
240.619
57.881
65.151
248.372
140.127
153.872
175.692
28.093
108.988
141.346
42.463
56.348
51.165
299.623
81.533
183.615
66.624
46.961
421.812
57.077
128.346
139.479
264.359
44.937
86.627
166.015
111.738
123.853
37.496
286.764
277.993
73.748
341.41
334.798
259.042
131.427
61.044
102.773
182.767
202.941
337.854
115.727
39.036
254.962
102.218
60.209
95.558
322.991
157.57
126.863
133.84
47.426
139.438
32.687
61.329
190.134
247.933
128.09
230.43
47.742
273.762
236.754
203.652
595.055
153.114
38.99
118.486
127.387
414.966
108.876
17.299
335.229
359.181
58.152
175.305
67.236
92.589
84.618
118.918
111.831
155.467
69.976
126.713
107.496
212.446
64.688
173.071
121.459
81.47
97.108
174.483
129.143
192.013
132.392
311.995
29.731
176.393
27.869
54.476
87.501
350.488
309.846
42.89
311.795
272.083
335.833
99.615
88.558
204.138
97.149
123.687
123.578
58.885
42.448
659.371
52.977
122.831
268.642
208.394
119.297
77.727
32.988
56.94
109.174
45.916
60.006
201.057
251.026
163.918
140.734
92.192
205.57
80.259
162.077
87.371
63.084
248.423
197.486
113.499
177.281
102.003
117.072
66.697
186.882
101.055
72.543
157.293
